3.15233 -0.151919
3.13568 -1.04248
3.11903 -0.289706
3.10237 -0.181838
3.08572 -0.112996
3.06906 -0.0717431
3.05241 -0.048961
3.03576 -0.0262087
3.0191 -0.0113651
3.00245 0
2.98579 -0.011791
2.96914 -0.0067774
2.95249 -0.0091983
2.93583 -0.0234045
2.91918 0.0226229
2.90253 0.0388095
2.88587 0.051815
2.86922 0.0616571
2.85256 0.0525486
2.83591 0.0643318
2.81926 0.113291
2.8026 0.141434
2.78595 0.164867
2.7693 0.172368
2.75264 0.198526
2.73599 0.227215
2.71933 0.269571
2.70268 0.28611
2.68603 0.327712
2.66937 0.351997
2.65272 0.386962
2.63606 0.438617
2.61941 0.49587
2.60276 0.539744
2.5861 0.595036
2.56945 0.650522
2.5528 0.699698
2.53614 0.783807
2.51949 0.849778
2.50284 0.928193
2.48618 1.00187
2.46953 1.08501
2.45287 1.15714
2.43622 1.2514
2.41957 1.33723
2.40291 1.45651
2.38626 1.54635
2.3696 1.59994
2.35295 1.65925
2.3363 1.75073
2.31964 1.84004
2.30299 1.90914
2.28634 1.97916
2.26968 2.07871
2.25303 2.08692
2.23637 2.10789
2.21972 2.1262
2.20307 2.11529
2.18641 2.08102
2.16976 2.04582
2.15311 1.96207
2.13645 1.88771
2.1198 1.78393
2.10314 1.65646
2.08649 1.53684
2.06984 1.39937
2.05318 1.21708
2.03653 1.0487
2.01987 0.885982
2.00322 0.723808
1.98657 0.557848
1.96991 0.368177
1.95326 0.172378
1.93661 -0.0253377
1.91995 -0.206032
1.9033 -0.398089
1.88664 -0.601577
1.86999 -0.822667
1.85334 -0.998814
1.83668 -1.19572
1.82003 -1.36637
1.80338 -1.53796
1.78672 -1.70734
1.77007 -1.90903
1.75341 -2.07397
1.73676 -2.26378
1.72011 -2.44554
1.70345 -2.6285
1.6868 -2.83287
1.67014 -3.01099
1.65349 -3.23928
1.63684 -3.39457
1.62018 -3.54187
1.60353 -3.66792
1.58688 -3.79047
1.57022 -3.92258
1.55357 -4.06311
1.53692 -4.1603
1.52026 -4.26132
1.50361 -4.38558
1.48695 -4.50349
1.4703 -4.66515
1.45365 -4.77598
1.43699 -4.87362
1.42034 -4.89397
1.40369 -4.91951
1.38703 -4.91669
1.37038 -4.92869
1.35372 -4.94294
1.33707 -4.97823
1.32042 -5.01587
1.30376 -5.06549
1.28711 -5.10913
1.27045 -5.14025
1.2538 -5.18692
1.23715 -5.21743
1.22049 -5.22426
1.20384 -5.24325
1.18718 -5.26247
1.17053 -5.25814
1.15388 -5.28594
1.13722 -5.28449
1.12057 -5.29369
1.10392 -5.33185
1.08726 -5.36808
1.07061 -5.36926
1.05395 -5.42042
1.0373 -5.45968
1.02065 -5.46387
1.00399 -5.48085
0.98734 -5.51838
0.970686 -5.53812
0.954032 -5.58223
0.937378 -5.60753
0.920725 -5.63241
0.904071 -5.66185
0.887417 -5.69934
0.870763 -5.73922
0.854109 -5.78188
0.837456 -5.83488
0.820802 -5.88763
0.804148 -5.93587
0.787494 -6.00157
0.77084 -6.07385
0.754187 -6.1296
0.737533 -6.18444
0.720879 -6.23792
0.704225 -6.31428
0.687571 -6.36785
0.670918 -6.43669
0.654264 -6.52427
0.63761 -6.58701
0.620956 -6.67737
0.604302 -6.71603
0.587649 -6.81768
0.570995 -6.91085
0.554341 -7.0291
0.537687 -7.1166
0.521034 -7.19115
0.50438 -7.27635
0.487726 -7.37258
0.471072 -7.45892
0.454418 -7.55109
0.437765 -7.66693
0.421111 -7.7197
0.404457 -7.78969
0.387803 -7.86834
0.371149 -7.95369
0.354496 -8.04881
0.337842 -8.12547
0.321188 -8.18327
0.304534 -8.22324
0.28788 -8.28847
0.271227 -8.35346
0.254573 -8.44882
0.237919 -8.47736
0.221265 -8.52005
0.204611 -8.54535
0.187958 -8.58955
0.171304 -8.61325
0.15465 -8.67648
0.137996 -8.71616
0.121342 -8.74855
0.104689 -8.76269
0.0880348 -8.78209
0.071381 -8.82398
0.0547272 -8.82187
0.0380734 -8.83469
0.0214196 -8.83409
0.00476583 -8.83182
-0.011888 -8.82128
-0.0285418 -8.85002
-0.0451956 -8.85222
-0.0618493 -8.88089
-0.0785031 -8.89305
-0.0951569 -8.93505
-0.111811 -8.94794
-0.128465 -8.63933
-0.145118 -7.22409
-0.161772 -8.3645
