3.16365 15.29
3.14688 15.3467
3.1301 16.2252
3.11333 16.2489
3.09656 16.3177
3.07978 16.4183
3.06301 16.5324
3.04623 16.6469
3.02946 16.6804
3.01268 16.7129
2.99591 16.7
2.97914 16.6624
2.96236 16.5929
2.94559 16.5785
2.92881 16.6356
2.91204 16.7211
2.89527 16.7325
2.87849 16.7532
2.86172 16.7229
2.84494 16.7405
2.82817 16.8493
2.81139 16.9339
2.79462 16.9952
2.77785 17.0237
2.76107 17.0178
2.7443 17.0551
2.72752 17.1139
2.71075 17.1709
2.69397 17.2038
2.6772 17.2029
2.66043 17.1907
2.64365 17.2188
2.62688 17.2871
2.6101 17.3516
2.59333 17.3947
2.57655 17.392
2.55978 17.4108
2.54301 17.4486
2.52623 17.5395
2.50946 17.6166
2.49268 17.6745
2.47591 17.6994
2.45913 17.7366
2.44236 17.8237
2.42559 17.9454
2.40881 18.0619
2.39204 18.1564
2.37526 18.1953
2.35849 18.2513
2.34172 18.3452
2.32494 18.4683
2.30817 18.5677
2.29139 18.6103
2.27462 18.6117
2.25784 18.5836
2.24107 18.5717
2.2243 18.5881
2.20752 18.5899
2.19075 18.565
2.17397 18.5472
2.1572 18.4586
2.14042 18.2914
2.12365 18.0486
2.10688 17.7616
2.0901 17.4682
2.07333 17.1037
2.05655 16.7396
2.03978 16.4586
2.023 16.2808
2.00623 16.1467
1.98946 15.9634
1.97268 15.737
1.95591 15.4766
1.93913 15.2427
1.92236 15.0094
1.90559 14.7527
1.88881 14.5247
1.87204 14.2239
1.85526 13.9399
1.83849 13.6696
1.82171 13.4451
1.80494 13.2393
1.78817 13.0153
1.77139 12.76
1.75462 12.504
1.73784 12.2221
1.72107 11.9941
1.70429 11.7739
1.68752 11.5411
1.67075 11.265
1.65397 11.0065
1.6372 10.8069
1.62042 10.6989
1.60365 10.5727
1.58687 10.3934
1.5701 10.2075
1.55333 9.9974
1.53655 9.8574
1.51978 9.78023
1.503 9.71994
1.48623 9.62501
1.46945 9.5328
1.45268 9.43297
1.43591 9.39635
1.41913 9.39364
1.40236 9.37152
1.38558 9.32397
1.36881 9.2506
1.35204 9.17791
1.33526 9.15765
1.31849 9.18133
1.30171 9.17657
1.28494 9.15242
1.26816 9.10724
1.25139 9.11731
1.23462 9.20853
1.21784 9.31422
1.20107 9.40666
1.18429 9.44503
1.16752 9.48707
1.15074 9.52789
1.13397 9.66202
1.1172 9.79761
1.10042 9.95503
1.08365 10.0869
1.06687 10.2117
1.0501 10.4063
1.03332 10.6915
1.01655 10.9856
0.999776 11.2781
0.983002 11.5217
0.966228 11.776
0.949453 12.0272
0.932679 12.2954
0.915905 12.5445
0.899131 12.7448
0.882356 12.9447
0.865582 13.1206
0.848808 13.3772
0.832034 13.7026
0.815259 14.0282
0.798485 14.3154
0.781711 14.5853
0.764937 14.8485
0.748162 15.1815
0.731388 15.5959
0.714614 15.9958
0.69784 16.3721
0.681065 16.7246
0.664291 17.1109
0.647517 17.5094
0.630743 17.9575
0.613969 18.3876
0.597194 18.7775
0.58042 19.1788
0.563646 19.5659
0.546871 20.0541
0.530097 20.5746
0.513323 21.0715
0.496549 21.5591
0.479774 22.0225
0.463 22.4639
0.446226 22.9373
0.429452 23.4268
0.412678 23.8584
0.395903 24.2426
0.379129 24.5667
0.362355 24.9101
0.345581 25.3153
0.328806 25.7728
0.312032 26.1799
0.295258 26.5642
0.278484 26.9008
0.261709 27.2849
0.244935 27.7544
0.228161 28.2774
0.211387 28.7567
0.194612 29.175
0.177838 29.5382
0.161064 29.9639
0.14429 30.51
0.127516 31.0946
0.110741 31.6375
0.093967 32.1165
0.0771928 32.5433
0.0604186 32.841
0.0436443 32.9951
0.0268701 33.0262
0.0100958 33.0756
-0.00667841 33.1006
-0.0234526 33.1074
-0.0402269 33.0755
-0.0570011 33.0163
-0.0737754 33.0004
-0.0905496 32.8686
-0.107324 32.8831
-0.124098 32.6838
-0.140872 32.4479
-0.157647 32.4328
-0.174421 16.7973
