3.14813 -0.095171
3.13165 -0.381138
3.11517 -0.30723
3.09869 -0.240331
3.08221 -0.201031
3.06573 -0.127262
3.04925 -0.0858971
3.03277 -0.0433246
3.0163 -0.021001
2.99982 0
2.98334 0.0275661
2.96686 0.0339718
2.95038 0.0219897
2.9339 0.0534812
2.91742 0.0721446
2.90094 0.0570307
2.88446 0.0493346
2.86798 0.0237427
2.8515 0.0033758
2.83502 0.00636155
2.81854 0.00910825
2.80206 0.00615195
2.78559 -0.00427881
2.76911 -0.0270967
2.75263 -0.0719084
2.73615 -0.0927141
2.71967 -0.146113
2.70319 -0.179453
2.68671 -0.238032
2.67023 -0.309174
2.65375 -0.411271
2.63727 -0.4261
2.62079 -0.410204
2.60431 -0.351135
2.58783 -0.299957
2.57136 -0.270804
2.55488 -0.225916
2.5384 -0.211174
2.52192 -0.185957
2.50544 -0.153292
2.48896 -0.12594
2.47248 -0.104158
2.456 -0.0713767
2.43952 0.00665135
2.42304 0.074923
2.40656 0.163359
2.39008 0.256388
2.3736 0.33196
2.35712 0.399245
2.34064 0.52069
2.32416 0.637741
2.30769 0.782201
2.29121 0.909651
2.27473 1.06674
2.25825 1.21743
2.24177 1.39049
2.22529 1.61083
2.20881 1.89795
2.19233 2.16519
2.17585 2.50424
2.15937 2.74157
2.14289 2.98489
2.12641 3.24104
2.10993 3.47134
2.09346 3.72534
2.07698 3.99081
2.0605 4.24955
2.04402 4.49265
2.02754 4.70351
2.01106 4.91222
1.99458 5.137
1.9781 5.34345
1.96162 5.58718
1.94514 5.85062
1.92866 6.17965
1.91218 6.508
1.8957 6.84388
1.87922 7.12608
1.86274 7.45635
1.84627 7.7564
1.82979 8.03221
1.81331 8.30061
1.79683 8.5756
1.78035 8.86089
1.76387 9.14777
1.74739 9.47842
1.73091 9.80078
1.71443 10.1413
1.69795 10.4811
1.68147 10.8176
1.66499 11.1502
1.64851 11.5104
1.63203 11.8687
1.61556 12.1944
1.59908 12.5273
1.5826 12.8544
1.56612 13.1732
1.54964 13.5469
1.53316 13.9667
1.51668 14.4044
1.5002 14.8712
1.48372 15.3352
1.46724 15.8515
1.45076 16.4386
1.43428 17.0345
1.4178 17.6334
1.40132 18.2066
1.38485 18.7873
1.36837 19.3296
1.35189 19.8434
1.33541 20.374
1.31893 20.9279
1.30245 21.4754
1.28597 22.018
1.26949 22.5773
1.25301 23.1712
1.23653 23.8161
1.22005 24.4806
1.20357 25.154
1.18709 25.8064
1.17061 26.4153
1.15413 27.0079
1.13766 27.5779
1.12118 28.1732
1.1047 28.7848
1.08822 29.3882
1.07174 30.0189
1.05526 30.7679
1.03878 31.4932
1.0223 32.2577
1.00582 33.0171
0.989341 33.7699
0.972862 34.4979
0.956383 35.2053
0.939903 35.8641
0.923424 36.5468
0.906945 37.2467
0.890466 37.981
0.873986 38.6775
0.857507 39.3803
0.841028 40.0597
0.824548 40.7678
0.808069 41.4612
0.79159 42.1723
0.77511 42.891
0.758631 43.7184
0.742152 44.6093
0.725672 45.5102
0.709193 46.4019
0.692714 47.2836
0.676234 48.1553
0.659755 48.9774
0.643276 49.8209
0.626797 50.6956
0.610317 51.5928
0.593838 52.5076
0.577359 53.3783
0.560879 54.1003
0.5444 54.7354
0.527921 55.4032
0.511441 56.0655
0.494962 56.7641
0.478483 57.5472
0.462004 58.4919
0.445524 59.4963
0.429045 60.4906
0.412566 61.4791
0.396086 62.4158
0.379607 63.3359
0.363128 64.2303
0.346648 65.1242
0.330169 66.0645
0.31369 67.0025
0.29721 67.9239
0.280731 68.9204
0.264252 69.9053
0.247773 70.9239
0.231293 71.9411
0.214814 72.9258
0.198335 73.9291
0.181855 74.9288
0.165376 75.9438
0.148897 76.9644
0.132417 78.0122
0.115938 79.1092
0.0994588 80.1749
0.0829795 81.2402
0.0665002 82.1892
0.0500209 83.1696
0.0335416 84.161
0.0170623 85.173
0.000583011 86.1733
-0.0158963 87.2127
-0.0323756 88.2238
-0.0488549 89.2299
-0.0653342 90.1177
-0.0818135 91.0448
-0.0982928 91.7983
-0.114772 92.2626
-0.131251 92.4998
