3.16376 -1.45291
3.14689 -0.812995
3.13003 -0.941789
3.11316 -0.666624
3.0963 -0.403863
3.07943 -0.300209
3.06256 -0.194505
3.0457 -0.108404
3.02883 -0.044847
3.01197 -0.004067
2.9951 0
2.97824 -0.072904
2.96137 -0.130168
2.9445 -0.135068
2.92764 -0.078491
2.91077 -0.01375
2.89391 -0.007089
2.87704 -0.028112
2.86018 -0.077305
2.84331 -0.064506
2.82645 0.015019
2.80958 0.098476
2.79271 0.125948
2.77585 0.09982
2.75898 0.068905
2.74212 0.095496
2.72525 0.183383
2.70838 0.260269
2.69152 0.325795
2.67465 0.340384
2.65779 0.370312
2.64092 0.460289
2.62406 0.615032
2.60719 0.743998
2.59033 0.8596
2.57346 0.934735
2.5566 1.0103
2.53973 1.14864
2.52286 1.32931
2.506 1.48291
2.48913 1.63442
2.47227 1.74814
2.4554 1.87871
2.43854 2.07285
2.42167 2.26931
2.4048 2.46249
2.38794 2.6399
2.37107 2.78122
2.35421 2.95368
2.33734 3.22136
2.32048 3.53945
2.30361 3.81953
2.28674 4.05546
2.26988 4.26947
2.25301 4.52538
2.23615 4.8402
2.21928 5.17707
2.20242 5.47943
2.18555 5.73449
2.16869 5.94496
2.15182 6.21818
2.13495 6.56238
2.11809 6.92196
2.10122 7.2296
2.08436 7.50202
2.06749 7.74802
2.05063 7.96977
2.03376 8.17988
2.01689 8.36159
2.00003 8.49568
1.98316 8.63184
1.9663 8.72746
1.94943 8.86404
1.93257 9.08007
1.9157 9.2812
1.89884 9.45184
1.88197 9.55321
1.8651 9.66087
1.84824 9.76763
1.83137 9.96028
1.81451 10.1617
1.79764 10.3107
1.78078 10.4661
1.76391 10.6072
1.74704 10.8183
1.73018 11.0715
1.71331 11.327
1.69645 11.5622
1.67958 11.787
1.66272 12.0034
1.64585 12.2794
1.62899 12.594
1.61212 12.8762
1.59526 13.1469
1.57839 13.381
1.56152 13.65
1.54466 14.009
1.52779 14.4513
1.51093 14.8659
1.49406 15.2478
1.4772 15.6078
1.46033 16.0009
1.44346 16.461
1.4266 16.9234
1.40973 17.3645
1.39287 17.7862
1.376 18.1996
1.35914 18.627
1.34227 19.16
1.3254 19.6885
1.30854 20.2
1.29167 20.692
1.27481 21.1701
1.25794 21.6793
1.24108 22.2356
1.22421 22.8073
1.20734 23.3576
1.19048 23.8666
1.17361 24.3898
1.15675 24.9461
1.13988 25.5482
1.12302 26.1517
1.10615 26.7237
1.08929 27.2809
1.07242 27.8597
1.05556 28.5247
1.03869 29.2482
1.02182 29.9555
1.00496 30.6383
0.988092 31.2917
0.971227 31.97
0.954361 32.7048
0.937495 33.4518
0.92063 34.1787
0.903764 34.8942
0.886899 35.5659
0.870033 36.2986
0.853167 37.0446
0.836302 37.8177
0.819436 38.5749
0.80257 39.3041
0.785705 40.0243
0.768839 40.7887
0.751974 41.6076
0.735108 42.4382
0.718242 43.242
0.701377 44.0257
0.684511 44.7543
0.667646 45.5381
0.65078 46.3922
0.633914 47.2596
0.617049 48.1083
0.600183 48.9216
0.583317 49.7533
0.566452 50.6713
0.549586 51.6302
0.532721 52.5729
0.515855 53.4885
0.498989 54.3543
0.482124 55.2207
0.465258 56.1984
0.448392 57.1907
0.431527 58.1459
0.414661 59.0954
0.397796 59.9995
0.38093 60.9322
0.364064 61.9365
0.347199 62.9706
0.330333 63.9839
0.313468 64.9508
0.296602 65.8998
0.279736 66.8523
0.262871 67.8809
0.246005 68.9404
0.229139 69.9887
0.212274 71.0125
0.195408 72.0068
0.178542 73.034
0.161677 74.1193
0.144811 75.1957
0.127946 76.2933
0.11108 77.3522
0.0942144 78.4366
0.0773488 79.5421
0.0604832 80.6818
0.0436175 80.82
0.0267519 79.818
0.00988631 78.7142
-0.00697931 77.6735
-0.0238449 76.6363
-0.0407105 75.5958
-0.0575762 74.5407
-0.0744418 73.4534
-0.0913074 72.349
-0.108173 71.2173
-0.125039 70.105
-0.141904 68.9847
-0.15877 67.7371
-0.175635 66.7976
-0.192501 66.7457
