3.16321 -1.32788
3.14652 -0.200727
3.12983 -0.293971
3.11314 -0.237013
3.09644 -0.137303
3.07975 -0.130289
3.06306 -0.10584
3.04637 -0.078218
3.02967 -0.056146
3.01298 -0.009451
2.99629 0
2.9796 -0.008169
2.9629 -0.001647
2.94621 0.017845
2.92952 0.048585
2.91283 0.051305
2.89614 0.089514
2.87944 0.095385
2.86275 0.09408
2.84606 0.119346
2.82937 0.128936
2.81267 0.169244
2.79598 0.19589
2.77929 0.196384
2.7626 0.194903
2.7459 0.250727
2.72921 0.283198
2.71252 0.334826
2.69583 0.373662
2.67913 0.393582
2.66244 0.419981
2.64575 0.445669
2.62906 0.487442
2.61236 0.540649
2.59567 0.595357
2.57898 0.648304
2.56229 0.694903
2.54559 0.733769
2.5289 0.795958
2.51221 0.86073
2.49552 0.921123
2.47882 1.02103
2.46213 1.07663
2.44544 1.10115
2.42875 1.09974
2.41205 1.04426
2.39536 0.950783
2.37867 0.8457
2.36198 0.680359
2.34528 0.480861
2.32859 0.244549
2.3119 0.009369
2.29521 -0.268064
2.27851 -0.537976
2.26182 -0.828096
2.24513 -1.12831
2.22844 -1.47165
2.21174 -1.80988
2.19505 -2.1657
2.17836 -2.51651
2.16167 -2.92159
2.14498 -3.31625
2.12828 -3.64286
2.11159 -3.99172
2.0949 -4.30015
2.07821 -4.61685
2.06151 -4.95931
2.04482 -5.27007
2.02813 -5.59277
2.01144 -5.93952
1.99474 -6.2871
1.97805 -6.65453
1.96136 -7.0053
1.94467 -7.34213
1.92797 -7.67156
1.91128 -7.95259
1.89459 -8.24712
1.8779 -8.52878
1.8612 -8.80904
1.84451 -9.11392
1.82782 -9.38951
1.81113 -9.67245
1.79443 -9.95444
1.77774 -10.2271
1.76105 -10.5065
1.74436 -10.7552
1.72766 -10.971
1.71097 -11.2202
1.69428 -11.4292
1.67759 -11.6639
1.66089 -11.9094
1.6442 -12.1554
1.62751 -12.3796
1.61082 -12.6381
1.59412 -12.8661
1.57743 -13.0815
1.56074 -13.3045
1.54405 -13.5
1.52735 -13.6764
1.51066 -13.8181
1.49397 -13.9723
1.47728 -14.1238
1.46058 -14.2671
1.44389 -14.4199
1.4272 -14.5833
1.41051 -14.7713
1.39382 -14.9291
1.37712 -15.0936
1.36043 -15.2491
1.34374 -15.3906
1.32705 -15.5007
1.31035 -15.5928
1.29366 -15.6687
1.27697 -15.7337
1.26028 -15.7912
1.24358 -15.8752
1.22689 -15.9551
1.2102 -16.0214
1.19351 -16.0871
1.17681 -16.1502
1.16012 -16.1789
1.14343 -16.2191
1.12674 -16.2552
1.11004 -16.2842
1.09335 -16.3013
1.07666 -16.3388
1.05997 -16.3529
1.04327 -16.3643
1.02658 -16.4366
1.00989 -16.4959
0.993196 -16.538
0.976503 -16.5752
0.959811 -16.5781
0.943119 -16.5741
0.926426 -16.5032
0.909734 -16.4492
0.893041 -16.3782
0.876349 -16.3286
0.859656 -16.2663
0.842964 -16.2252
0.826272 -16.1898
0.809579 -16.201
0.792887 -16.2205
0.776194 -16.2262
0.759502 -16.2424
0.742809 -16.2447
0.726117 -16.2168
0.709424 -16.1759
0.692732 -16.1702
0.67604 -16.1393
0.659347 -16.1478
0.642655 -16.1562
0.625962 -16.1954
0.60927 -16.2011
0.592577 -16.2453
0.575885 -16.2682
0.559192 -16.3412
0.5425 -16.3592
0.525807 -16.4089
0.509115 -16.4338
0.492423 -16.4535
0.47573 -16.5009
0.459038 -16.5426
0.442345 -16.5783
0.425653 -16.6439
0.40896 -16.6946
0.392268 -16.7389
0.375576 -16.7997
0.358883 -16.8689
0.342191 -16.8938
0.325498 -16.9139
0.308806 -16.9152
0.292113 -16.9224
0.275421 -16.9752
0.258728 -16.9919
0.242036 -16.9983
0.225344 -16.9567
0.208651 -16.9639
0.191959 -16.9663
0.175266 -16.9939
0.158574 -16.9724
0.141881 -16.9751
0.125189 -16.9575
0.108496 -16.9735
0.0918039 -17.0009
0.0751114 -16.9816
0.058419 -16.9821
0.0417266 -16.9852
0.0250341 -16.987
0.00834167 -16.9725
-0.00835078 -16.9671
-0.0250432 -16.9576
-0.0417357 -16.9786
-0.0584281 -16.9795
-0.0751206 -16.9632
-0.091813 -17.0232
-0.108505 -17.0854
-0.125198 -17.1175
-0.14189 -17.7106
-0.158583 -17.2613
