3.1595 -2.63295
3.14281 -1.23369
3.12612 -0.691649
3.10943 -0.651745
3.09274 -0.427671
3.07605 -0.270619
3.05936 -0.13492
3.04267 -0.05182
3.02598 0.005097
3.00929 0.022506
2.9926 0
2.9759 -0.059713
2.95921 -0.114487
2.94252 -0.126565
2.92583 -0.07938
2.90914 -0.029334
2.89245 -0.052321
2.87576 -0.083021
2.85907 -0.133644
2.84238 -0.135793
2.82569 -0.047522
2.80899 0.024569
2.7923 0.063965
2.77561 0.054472
2.75892 0.030669
2.74223 0.056049
2.72554 0.136175
2.70885 0.164567
2.69216 0.201871
2.67547 0.19292
2.65877 0.165725
2.64208 0.167056
2.62539 0.219078
2.6087 0.254243
2.59201 0.24974
2.57532 0.218936
2.55863 0.169559
2.54194 0.168684
2.52525 0.193676
2.50856 0.24563
2.49187 0.256673
2.47517 0.235977
2.45848 0.20915
2.44179 0.261291
2.4251 0.338962
2.40841 0.417665
2.39172 0.477617
2.37503 0.511765
2.35834 0.526466
2.34165 0.545676
2.32496 0.579237
2.30826 0.581022
2.29157 0.519765
2.27488 0.439269
2.25819 0.320052
2.2415 0.141274
2.22481 -0.094255
2.20812 -0.398543
2.19143 -0.749787
2.17474 -1.18038
2.15804 -1.63905
2.14135 -2.08451
2.12466 -2.47652
2.10797 -2.80771
2.09128 -3.1868
2.07459 -3.62756
2.0579 -4.10994
2.04121 -4.58014
2.02452 -4.99349
2.00783 -5.35726
1.99114 -5.74134
1.97444 -6.15205
1.95775 -6.61091
1.94106 -7.0679
1.92437 -7.46401
1.90768 -7.83974
1.89099 -8.23378
1.8743 -8.62689
1.85761 -9.07975
1.84092 -9.51001
1.82422 -9.90732
1.80753 -10.2747
1.79084 -10.6479
1.77415 -11.065
1.75746 -11.4835
1.74077 -11.8738
1.72408 -12.2107
1.70739 -12.5329
1.6907 -12.8676
1.67401 -13.2371
1.65732 -13.6006
1.64062 -13.9718
1.62393 -14.3052
1.60724 -14.6328
1.59055 -14.9881
1.57386 -15.3622
1.55717 -15.7418
1.54048 -16.0972
1.52379 -16.3395
1.5071 -16.5619
1.49041 -16.8064
1.47372 -17.0673
1.45702 -17.3693
1.44033 -17.6024
1.42364 -17.7625
1.40695 -17.8918
1.39026 -18.0317
1.37357 -18.2264
1.35688 -18.4318
1.34019 -18.5695
1.3235 -18.6546
1.3068 -18.7382
1.29011 -18.8386
1.27342 -18.9639
1.25673 -19.0881
1.24004 -19.1681
1.22335 -19.2063
1.20666 -19.2678
1.18997 -19.3373
1.17328 -19.4532
1.15659 -19.5658
1.1399 -19.6093
1.1232 -19.5686
1.10651 -19.5451
1.08982 -19.5297
1.07313 -19.5618
1.05644 -19.5811
1.03975 -19.5377
1.02306 -19.482
1.00637 -19.4294
0.989676 -19.3897
0.972985 -19.3982
0.956294 -19.3852
0.939603 -19.3203
0.922912 -19.2292
0.906221 -19.1651
0.88953 -19.1305
0.872839 -19.1274
0.856148 -19.0906
0.839457 -19.0139
0.822766 -18.8889
0.806075 -18.8038
0.789384 -18.7377
0.772693 -18.7097
0.756002 -18.6948
0.739311 -18.6076
0.72262 -18.5002
0.705929 -18.4196
0.689238 -18.3694
0.672547 -18.3498
0.655856 -18.3243
0.639165 -18.2636
0.622474 -18.1527
0.605783 -18.0629
0.589092 -18.0258
0.572401 -17.9979
0.55571 -17.9943
0.539019 -17.9772
0.522328 -17.9519
0.505637 -17.942
0.488946 -17.9869
0.472255 -18.0479
0.455564 -18.1024
0.438873 -18.0964
0.422182 -18.0496
0.405491 -18.039
0.3888 -18.0149
0.372109 -18.0633
0.355418 -18.1157
0.338727 -18.1054
0.322036 -18.0829
0.305345 -18.063
0.288654 -18.0557
0.271963 -18.0625
0.255272 -18.0692
0.238581 -18.0675
0.22189 -18.0401
0.205199 -18.0276
0.188508 -18.0357
0.171817 -18.0557
0.155126 -18.0688
0.138435 -18.0357
0.121744 -17.9805
0.105053 -17.9433
0.0883624 -17.9165
0.0716714 -17.9199
0.0549804 -17.9242
0.0382894 -17.9024
0.0215985 -17.8714
0.00490746 -17.8648
-0.0117835 -17.885
-0.0284745 -17.9376
-0.0451655 -18.0134
-0.0618565 -18.1213
-0.0785475 -18.2351
-0.0952385 -18.3679
-0.11193 -18.6091
-0.12862 -18.3689
-0.145311 -18.8469
-0.162002 -18.7628
