3.14771 0.322465
3.13121 -0.090166
3.1147 0.0985556
3.0982 0.103706
3.0817 0.124804
3.06519 0.139374
3.04869 0.119731
3.03219 0.0881584
3.01568 0.0647575
2.99918 0
2.98268 -0.0469181
2.96618 -0.0950534
2.94967 -0.180794
2.93317 -0.224114
2.91667 -0.26983
2.90016 -0.337985
2.88366 -0.38862
2.86716 -0.48527
2.85066 -0.5685
2.83415 -0.649808
2.81765 -0.701032
2.80115 -0.7729
2.78464 -0.822445
2.76814 -0.912633
2.75164 -0.985145
2.73513 -1.06292
2.71863 -1.13084
2.70213 -1.21556
2.68562 -1.30364
2.66912 -1.40885
2.65262 -1.5157
2.63612 -1.60307
2.61961 -1.66576
2.60311 -1.7561
2.58661 -1.83254
2.5701 -1.9757
2.5536 -2.04733
2.5371 -2.15263
2.5206 -2.19288
2.50409 -2.20772
2.48759 -2.25025
2.47109 -2.26207
2.45458 -2.30439
2.43808 -2.33031
2.42158 -2.35415
2.40507 -2.35849
2.38857 -2.39952
2.37207 -2.43658
2.35556 -2.48543
2.33906 -2.55111
2.32256 -2.58292
2.30606 -2.62271
2.28955 -2.64342
2.27305 -2.65761
2.25655 -2.69536
2.24004 -2.72849
2.22354 -2.77266
2.20704 -2.79971
2.19054 -2.80211
2.17403 -2.8297
2.15753 -2.86927
2.14103 -2.9924
2.12452 -3.1104
2.10802 -3.26859
2.09152 -3.38458
2.07501 -3.50438
2.05851 -3.61896
2.04201 -3.75412
2.0255 -3.90737
2.009 -4.08446
1.9925 -4.26852
1.976 -4.46586
1.95949 -4.66248
1.94299 -4.88025
1.92649 -5.0482
1.90998 -5.18198
1.89348 -5.38079
1.87698 -5.51981
1.86048 -5.69764
1.84397 -5.82605
1.82747 -5.94267
1.81097 -6.01712
1.79446 -6.11586
1.77796 -6.20683
1.76146 -6.28843
1.74495 -6.30172
1.72845 -6.28172
1.71195 -6.20789
1.69545 -6.15144
1.67894 -6.12655
1.66244 -6.09439
1.64594 -6.05366
1.62943 -5.95847
1.61293 -5.82534
1.59643 -5.70747
1.57992 -5.6025
1.56342 -5.5173
1.54692 -5.36981
1.53042 -5.17817
1.51391 -4.97239
1.49741 -4.79435
1.48091 -4.6207
1.4644 -4.41636
1.4479 -4.21609
1.4314 -3.97953
1.41489 -3.73082
1.39839 -3.47848
1.38189 -3.24799
1.36539 -3.02959
1.34888 -2.78436
1.33238 -2.52665
1.31588 -2.21585
1.29937 -1.87631
1.28287 -1.53634
1.26637 -1.15402
1.24986 -0.799096
1.23336 -0.46768
1.21686 -0.152103
1.20036 0.175351
1.18385 0.513584
1.16735 0.843073
1.15085 1.25452
1.13434 1.67808
1.11784 2.0983
1.10134 2.50579
1.08483 2.96073
1.06833 3.40403
1.05183 3.8153
1.03533 4.26262
1.01882 4.7076
1.00232 5.20675
0.985816 5.7015
0.969313 6.1591
0.95281 6.65278
0.936307 7.14024
0.919804 7.66028
0.903301 8.19519
0.886798 8.7407
0.870295 9.29598
0.853792 9.79864
0.837289 10.2264
0.820786 10.637
0.804283 11.0405
0.78778 11.4612
0.771277 11.8846
0.754774 12.3265
0.738271 12.8599
0.721768 13.434
0.705265 13.9971
0.688762 14.5805
0.672259 15.1996
0.655756 15.8892
0.639253 16.657
0.62275 17.4172
0.606247 18.1771
0.589744 18.9172
0.573241 19.6556
0.556738 20.3391
0.540235 21.0187
0.523732 21.7215
0.507229 22.4546
0.490726 23.2041
0.474223 24.0141
0.45772 24.8542
0.441217 25.7175
0.424714 26.6023
0.408211 27.4786
0.391708 28.3351
0.375205 29.186
0.358702 30.021
0.342199 30.8623
0.325696 31.7374
0.309193 32.5868
0.29269 33.4349
0.276187 34.2818
0.259684 35.0922
0.243181 35.9182
0.226678 36.7987
0.210175 37.6858
0.193672 38.5572
0.177169 39.4248
0.160666 40.3088
0.144163 41.1716
0.12766 42.0788
0.111157 42.9556
0.0946544 43.869
0.0781514 44.7716
0.0616484 45.6984
0.0451454 46.6562
0.0286424 47.6435
0.0121394 48.6161
-0.00436355 49.6336
-0.0208666 50.6209
-0.0373695 51.5949
-0.0538725 52.5952
-0.0703755 53.5931
-0.0868785 54.7529
-0.103382 55.3275
-0.119885 55.4821
-0.136387 55.7613
