3.15882 17.9196
3.14213 18.7953
3.12544 19.041
3.10874 18.5772
3.09205 18.5923
3.07536 18.6793
3.05866 18.6863
3.04197 18.7146
3.02528 18.6912
3.00858 18.7002
2.99189 18.7
2.97519 18.6372
2.9585 18.6446
2.94181 18.6311
2.92511 18.6727
2.90842 18.6813
2.89173 18.6947
2.87503 18.6862
2.85834 18.7014
2.84165 18.6988
2.82495 18.7195
2.80826 18.7312
2.79156 18.7444
2.77487 18.7394
2.75818 18.736
2.74148 18.7112
2.72479 18.7624
2.7081 18.8224
2.6914 18.8444
2.67471 18.8877
2.65802 18.9415
2.64132 18.9745
2.62463 19.0232
2.60794 19.0357
2.59124 19.0705
2.57455 19.1137
2.55785 19.1616
2.54116 19.219
2.52447 19.3174
2.50778 19.3948
2.49108 19.4974
2.47439 19.546
2.45769 19.6137
2.441 19.6771
2.42431 19.7348
2.40761 19.7689
2.39092 19.8131
2.37423 19.8277
2.35753 19.8281
2.34084 19.8302
2.32415 19.7917
2.30745 19.7417
2.29076 19.6639
2.27406 19.5667
2.25737 19.428
2.24068 19.2855
2.22398 19.1814
2.20729 19.0602
2.1906 18.8902
2.1739 18.727
2.15721 18.5049
2.14052 18.2874
2.12382 18.0793
2.10713 17.8445
2.09044 17.6064
2.07374 17.3768
2.05705 17.1159
2.04035 16.8756
2.02366 16.689
2.00697 16.5078
1.99028 16.2894
1.97358 16.1035
1.95689 15.8828
1.94019 15.6565
1.9235 15.4618
1.90681 15.2788
1.89011 15.0944
1.87342 14.9111
1.85673 14.7268
1.84003 14.5354
1.82334 14.3774
1.80665 14.2385
1.78995 14.084
1.77326 13.9078
1.75656 13.7873
1.73987 13.6808
1.72318 13.6185
1.70648 13.5742
1.68979 13.5194
1.6731 13.4664
1.6564 13.4023
1.63971 13.3067
1.62302 13.227
1.60632 13.1564
1.58963 13.0879
1.57294 13.0209
1.55624 12.9683
1.53955 12.9106
1.52286 12.8721
1.50616 12.8641
1.48947 12.8357
1.47277 12.7971
1.45608 12.7944
1.43939 12.81
1.42269 12.8345
1.406 12.8683
1.38931 12.9335
1.37261 12.9755
1.35592 13.0258
1.33923 13.0869
1.32253 13.1774
1.30584 13.2615
1.28915 13.357
1.27245 13.4552
1.25576 13.5782
1.23907 13.7108
1.22237 13.8878
1.20568 14.0593
1.18898 14.2174
1.17229 14.4094
1.1556 14.5772
1.1389 14.7758
1.12221 14.9264
1.10552 15.1062
1.08882 15.2519
1.07213 15.3928
1.05544 15.556
1.03874 15.7699
1.02205 15.9819
1.00535 16.2234
0.988662 16.4336
0.971968 16.6772
0.955275 16.8825
0.938581 17.0806
0.921887 17.2626
0.905194 17.4402
0.8885 17.6341
0.871807 17.8198
0.855113 18.013
0.83842 18.1718
0.821726 18.2986
0.805033 18.3848
0.788339 18.469
0.771646 18.5658
0.754952 18.6161
0.738259 18.7277
0.721565 18.8135
0.704871 18.8597
0.688178 18.9079
0.671484 18.9233
0.654791 18.9195
0.638097 18.907
0.621404 18.9096
0.60471 18.8962
0.588017 18.8736
0.571323 18.857
0.554629 18.7871
0.537936 18.7467
0.521242 18.7074
0.504549 18.6802
0.487855 18.6363
0.471162 18.6032
0.454468 18.5581
0.437775 18.5389
0.421081 18.502
0.404388 18.4663
0.387694 18.4067
0.371 18.3596
0.354307 18.2878
0.337613 18.2702
0.32092 18.2555
0.304226 18.2357
0.287533 18.187
0.270839 18.1425
0.254146 18.1011
0.237452 18.0705
0.220758 18.0377
0.204065 18.0074
0.187371 17.9819
0.170678 17.9546
0.153984 17.9242
0.137291 17.9304
0.120597 17.9425
0.103904 17.9736
0.08721 17.9684
0.0705165 17.9953
0.0538229 18.0176
0.0371294 18.0378
0.0204358 18.0295
0.00374226 18.0361
-0.0129513 18.0452
-0.0296448 18.0499
-0.0463384 18.0343
-0.0630319 18.0482
-0.0797255 18.0808
-0.0964191 18.0397
-0.113113 17.9349
-0.129806 18.5756
-0.1465 17.7583
-0.163193 16.2668
