3.16593 -0.400176
3.14926 -1.21048
3.13259 -0.715073
3.11593 -0.61869
3.09926 -0.504789
3.08259 -0.369225
3.06593 -0.292471
3.04926 -0.18097
3.03259 -0.098413
3.01593 -0.0384314
2.99926 0
2.98259 0.0223961
2.96593 0.0044744
2.94926 0.0464127
2.9326 0.175567
2.91593 0.318261
2.89926 0.434995
2.8826 0.507773
2.86593 0.568393
2.84926 0.638406
2.8326 0.789083
2.81593 0.954388
2.79926 1.09038
2.7826 1.18642
2.76593 1.23955
2.74926 1.31764
2.7326 1.42568
2.71593 1.55072
2.69926 1.62251
2.6826 1.61471
2.66593 1.54187
2.64927 1.34914
2.6326 1.06923
2.61593 0.721983
2.59926 0.326829
2.5826 -0.142725
2.56593 -0.656257
2.54927 -1.23196
2.5326 -1.85694
2.51593 -2.50623
2.49927 -3.14037
2.4826 -3.81209
2.46593 -4.52663
2.44927 -5.2686
2.4326 -5.96221
2.41593 -6.48446
2.39927 -6.90777
2.3826 -7.36155
2.36593 -7.85494
2.34927 -8.36584
2.3326 -8.83821
2.31593 -9.23205
2.29927 -9.61232
2.2826 -10.0341
2.26593 -10.4997
2.24927 -10.9863
2.2326 -11.3907
2.21593 -11.6543
2.19927 -11.8946
2.1826 -12.1779
2.16594 -12.5109
2.14927 -12.8579
2.1326 -13.1445
2.11594 -13.3525
2.09927 -13.5575
2.0826 -13.8011
2.06594 -14.0828
2.04927 -14.3777
2.0326 -14.5583
2.01594 -14.6492
1.99927 -14.7366
1.9826 -14.8615
1.96594 -15.0287
1.94927 -15.1908
1.9326 -15.2842
1.91594 -15.3464
1.89927 -15.4557
1.88261 -15.6102
1.86594 -15.7905
1.84927 -15.9528
1.83261 -15.9772
1.81594 -15.9353
1.79927 -15.9115
1.78261 -15.9185
1.76594 -15.9641
1.74927 -16.0469
1.73261 -16.1751
1.71594 -16.3377
1.69927 -16.5256
1.68261 -16.7538
1.66594 -17.0051
1.64927 -17.1692
1.63261 -17.1201
1.61594 -16.9793
1.59927 -16.8418
1.58261 -16.7312
1.56594 -16.6544
1.54927 -16.6628
1.53261 -16.81
1.51594 -17.043
1.49927 -17.2828
1.48261 -17.5432
1.46594 -17.7899
1.44928 -17.8576
1.43261 -17.6595
1.41594 -17.3417
1.39928 -17.0563
1.38261 -16.8213
1.36594 -16.6334
1.34928 -16.5003
1.33261 -16.3866
1.31594 -16.284
1.29928 -16.2163
1.28261 -16.1432
1.26594 -16.0909
1.24928 -15.975
1.23261 -15.7793
1.21594 -15.5632
1.19928 -15.359
1.18261 -15.1808
1.16594 -14.996
1.14928 -14.7608
1.13261 -14.4455
1.11594 -14.1176
1.09928 -13.8184
1.08261 -13.5439
1.06594 -13.2556
1.04928 -12.8641
1.03261 -12.3881
1.01595 -11.9074
0.999279 -11.4454
0.982613 -10.9972
0.965946 -10.5675
0.94928 -10.1227
0.932613 -9.66346
0.915946 -9.20522
0.89928 -8.76407
0.882614 -8.33291
0.865947 -7.83178
0.84928 -7.18408
0.832614 -6.47214
0.815947 -5.76297
0.799281 -5.08182
0.782614 -4.42389
0.765948 -3.75005
0.749281 -3.04331
0.732615 -2.31099
0.715948 -1.57884
0.699282 -0.877657
0.682615 -0.173399
0.665949 0.563295
0.649282 1.38573
0.632616 2.22938
0.615949 3.04596
0.599283 3.8281
0.582616 4.62276
0.56595 5.47175
0.549283 6.37905
0.532617 7.28838
0.51595 8.18349
0.499283 9.05826
0.482617 9.90828
0.46595 10.7503
0.449284 11.6007
0.432617 12.4588
0.415951 13.2944
0.399284 14.0887
0.382618 14.8807
0.365951 15.7772
0.349285 16.7713
0.332618 17.7967
0.315952 18.8193
0.299285 19.8518
0.282619 20.8728
0.265952 21.6843
0.249286 22.115
0.232619 22.3437
0.215953 22.5409
0.199286 22.6776
0.18262 22.7752
0.165953 22.9463
0.149287 23.3843
0.13262 23.9875
0.115954 24.5487
0.099287 24.9964
0.0826205 25.3398
0.065954 25.6011
0.0492875 25.8035
0.032621 25.9583
0.0159544 26.1126
-0.000712091 26.2566
-0.0173786 26.3892
-0.0340451 26.5294
-0.0507116 26.6256
-0.0673782 26.7329
-0.0840447 26.8338
-0.100711 26.8459
-0.117378 26.8668
-0.134044 27.0129
-0.150711 26.5096
