3.16634 -2.31179
3.14961 -0.750742
3.13287 -0.756549
3.11613 -0.737858
3.0994 -0.440215
3.08266 -0.356954
3.06593 -0.225423
3.04919 -0.115963
3.03245 -0.044691
3.01572 -0.018337
2.99898 0
2.98225 -0.019684
2.96551 -0.081411
2.94877 -0.100107
2.93204 -0.063003
2.9153 -0.003474
2.89857 0.013885
2.88183 -0.002449
2.86509 -0.039195
2.84836 -0.051061
2.83162 0.019495
2.81489 0.081987
2.79815 0.127496
2.78141 0.123632
2.76468 0.113722
2.74794 0.112333
2.73121 0.202174
2.71447 0.305138
2.69773 0.373733
2.681 0.412407
2.66426 0.4188
2.64753 0.458025
2.63079 0.545923
2.61405 0.626169
2.59732 0.702793
2.58058 0.725959
2.56385 0.755878
2.54711 0.815754
2.53037 0.933009
2.51364 1.03629
2.4969 1.13085
2.48016 1.18598
2.46343 1.21288
2.44669 1.28431
2.42996 1.38499
2.41322 1.46793
2.39649 1.49228
2.37975 1.49034
2.36301 1.4424
2.34628 1.41572
2.32954 1.46341
2.3128 1.4941
2.29607 1.47729
2.27933 1.35875
2.2626 1.19049
2.24586 1.03133
2.22912 0.983551
2.21239 0.956628
2.19565 0.887132
2.17892 0.754687
2.16218 0.554089
2.14545 0.284295
2.12871 -0.055523
2.11197 -0.434098
2.09524 -0.836599
2.0785 -1.26386
2.06176 -1.72429
2.04503 -2.18296
2.02829 -2.63604
2.01156 -3.03814
1.99482 -3.46479
1.97809 -3.92272
1.96135 -4.40568
1.94461 -4.88716
1.92788 -5.30709
1.91114 -5.66064
1.8944 -6.00154
1.87767 -6.38504
1.86093 -6.80086
1.8442 -7.22265
1.82746 -7.57744
1.81072 -7.90232
1.79399 -8.23483
1.77725 -8.59352
1.76052 -8.96988
1.74378 -9.32577
1.72704 -9.61033
1.71031 -9.8649
1.69357 -10.1269
1.67684 -10.4174
1.6601 -10.7255
1.64336 -11.0129
1.62663 -11.232
1.60989 -11.44
1.59316 -11.6399
1.57642 -11.8649
1.55968 -12.1254
1.54295 -12.3465
1.52621 -12.5129
1.50948 -12.6625
1.49274 -12.8309
1.47601 -13.0157
1.45927 -13.206
1.44253 -13.3843
1.4258 -13.5192
1.40906 -13.6337
1.39232 -13.7826
1.37559 -13.9602
1.35885 -14.1447
1.34212 -14.3021
1.32538 -14.386
1.30864 -14.463
1.29191 -14.5857
1.27517 -14.7332
1.25844 -14.8935
1.2417 -15.0187
1.22496 -15.1042
1.20823 -15.1717
1.19149 -15.2718
1.17476 -15.4021
1.15802 -15.5181
1.14128 -15.629
1.12455 -15.6856
1.10781 -15.7368
1.09108 -15.8169
1.07434 -15.9093
1.0576 -16.0128
1.04087 -16.046
1.02413 -16.024
1.0074 -16.0174
0.99066 -16.0246
0.973924 -16.0577
0.957188 -16.1234
0.940452 -16.1145
0.923716 -16.1084
0.90698 -16.1028
0.890244 -16.1468
0.873508 -16.2071
0.856772 -16.2747
0.840036 -16.2749
0.8233 -16.2411
0.806564 -16.2038
0.789828 -16.1974
0.773092 -16.2211
0.756356 -16.2435
0.73962 -16.2257
0.722884 -16.1802
0.706148 -16.1317
0.689412 -16.1298
0.672676 -16.1511
0.65594 -16.1734
0.639204 -16.1513
0.622468 -16.0982
0.605732 -16.0891
0.588996 -16.1076
0.57226 -16.1526
0.555524 -16.2136
0.538788 -16.2203
0.522052 -16.1858
0.505316 -16.1582
0.48858 -16.1661
0.471844 -16.2183
0.455108 -16.2443
0.438372 -16.2601
0.421636 -16.2407
0.4049 -16.2308
0.388163 -16.2615
0.371428 -16.3171
0.354691 -16.3586
0.337956 -16.3616
0.321219 -16.3461
0.304483 -16.3366
0.287747 -16.3653
0.271011 -16.4346
0.254275 -16.487
0.237539 -16.4928
0.220803 -16.4739
0.204067 -16.4637
0.187331 -16.4825
0.170595 -16.54
0.153859 -16.5942
0.137123 -16.5845
0.120387 -16.5454
0.103651 -16.515
0.0869152 -16.5105
0.0701792 -16.5328
0.0534432 -16.5672
0.0367072 -16.552
0.0199712 -16.4954
0.00323518 -16.4567
-0.0135008 -16.4497
-0.0302368 -16.4503
-0.0469729 -16.4735
-0.0637089 -16.5273
-0.0804449 -16.6014
-0.0971809 -16.6913
-0.113917 -16.9527
-0.130653 -16.985
-0.147389 -17.2405
-0.164125 -17.1308
