3.14633 -0.280941
3.12986 0.471434
3.1134 0.449576
3.09693 0.327246
3.08046 0.274237
3.064 0.174754
3.04753 0.153257
3.03107 0.119135
3.0146 0.077462
2.99814 0
2.98167 -0.0802462
2.9652 -0.152788
2.94874 -0.258034
2.93227 -0.34378
2.91581 -0.445009
2.89934 -0.53435
2.88288 -0.632796
2.86641 -0.744888
2.84994 -0.881329
2.83348 -1.03922
2.81701 -1.1744
2.80055 -1.33028
2.78408 -1.50306
2.76762 -1.69231
2.75115 -1.85827
2.73468 -2.03578
2.71822 -2.16176
2.70175 -2.28668
2.68529 -2.42825
2.66882 -2.58427
2.65236 -2.73893
2.63589 -2.93946
2.61942 -3.13267
2.60296 -3.34655
2.58649 -3.55189
2.57003 -3.76223
2.55356 -3.99662
2.5371 -4.18546
2.52063 -4.3351
2.50416 -4.49085
2.4877 -4.63916
2.47123 -4.81408
2.45477 -4.99617
2.4383 -5.19278
2.42184 -5.31799
2.40537 -5.3941
2.3889 -5.51999
2.37244 -5.63187
2.35597 -5.78254
2.33951 -5.94232
2.32304 -6.09825
2.30658 -6.27489
2.29011 -6.44334
2.27364 -6.66803
2.25718 -6.91482
2.24071 -7.15179
2.22425 -7.32654
2.20778 -7.48401
2.19132 -7.61426
2.17485 -7.78298
2.15838 -7.94409
2.14192 -8.1421
2.12545 -8.36748
2.10899 -8.5945
2.09252 -8.86797
2.07606 -9.12867
2.05959 -9.35546
2.04312 -9.55642
2.02666 -9.72791
2.01019 -9.88806
1.99373 -10.0699
1.97726 -10.3061
1.9608 -10.5404
1.94433 -10.756
1.92786 -10.8695
1.9114 -10.9303
1.89493 -11.038
1.87847 -11.1534
1.862 -11.2172
1.84554 -11.3011
1.82907 -11.3573
1.8126 -11.3936
1.79614 -11.3944
1.77967 -11.4274
1.76321 -11.4448
1.74674 -11.4272
1.73028 -11.3138
1.71381 -11.1958
1.69734 -11.0589
1.68088 -10.916
1.66441 -10.8122
1.64795 -10.7184
1.63148 -10.6527
1.61502 -10.6021
1.59855 -10.5479
1.58208 -10.496
1.56562 -10.4539
1.54915 -10.4393
1.53269 -10.3666
1.51622 -10.2762
1.49976 -10.1884
1.48329 -10.1104
1.46682 -10.0493
1.45036 -9.89073
1.43389 -9.56169
1.41743 -9.2257
1.40096 -8.90937
1.3845 -8.57534
1.36803 -8.28408
1.35156 -7.9602
1.3351 -7.64268
1.31863 -7.24541
1.30217 -6.84636
1.2857 -6.37664
1.26924 -5.92271
1.25277 -5.46965
1.2363 -5.06564
1.21984 -4.63816
1.20337 -4.21951
1.18691 -3.78953
1.17044 -3.35586
1.15398 -2.91521
1.13751 -2.4502
1.12104 -1.96668
1.10458 -1.46051
1.08811 -0.913108
1.07165 -0.391546
1.05518 0.171304
1.03872 0.765595
1.02225 1.36893
1.00578 1.96945
0.989318 2.57356
0.972853 3.15746
0.956387 3.76508
0.939921 4.35483
0.923456 4.95887
0.90699 5.54486
0.890524 6.1622
0.874058 6.79561
0.857593 7.42469
0.841127 8.11523
0.824661 8.79252
0.808196 9.47377
0.79173 10.1489
0.775264 10.8281
0.758799 11.5223
0.742333 12.1862
0.725867 12.91
0.709401 13.5884
0.692936 14.2629
0.67647 14.9501
0.660004 15.7172
0.643539 16.5471
0.627073 17.4101
0.610607 18.2899
0.594141 19.179
0.577676 20.0335
0.56121 20.8059
0.544744 21.6248
0.528278 22.4502
0.511813 23.2871
0.495347 24.1417
0.478881 24.9891
0.462416 25.7554
0.44595 26.5252
0.429484 27.3226
0.413019 28.1265
0.396553 28.9447
0.380087 29.8236
0.363621 30.7607
0.347156 31.749
0.33069 32.6954
0.314224 33.6783
0.297758 34.634
0.281293 35.5573
0.264827 36.4511
0.248361 37.3408
0.231896 38.2449
0.21543 39.1458
0.198964 40.0402
0.182499 40.9597
0.166033 41.9693
0.149567 43.0224
0.133101 44.1429
0.116636 45.2774
0.10017 46.4061
0.0837042 47.5053
0.0672385 48.5519
0.0507728 49.5711
0.0343071 50.6159
0.0178413 51.6661
0.00137563 52.7536
-0.0150901 53.8345
-0.0315558 54.9231
-0.0480215 56.1171
-0.0644872 57.1042
-0.0809529 58.1852
-0.0974187 59.2802
-0.113884 59.8891
-0.13035 64.2653
