3.16222 31.6393
3.14547 30.6918
3.12872 31.1848
3.11197 31.4229
3.09522 31.3257
3.07847 31.408
3.06171 31.3569
3.04496 31.3511
3.02821 31.3437
3.01146 31.3351
2.99471 31.3
2.97796 31.2627
2.96121 31.2154
2.94446 31.2058
2.92771 31.1771
2.91096 31.139
2.89421 31.0718
2.87746 30.989
2.86071 30.8846
2.84396 30.7889
2.82721 30.7179
2.81046 30.6257
2.79371 30.5446
2.77696 30.4082
2.76021 30.3013
2.74346 30.2188
2.72671 30.1045
2.70996 29.9933
2.69321 29.8752
2.67646 29.7709
2.65971 29.6336
2.64296 29.5621
2.62621 29.4298
2.60946 29.3514
2.59271 29.2502
2.57596 29.1377
2.55921 29.0357
2.54246 28.8908
2.52571 28.8263
2.50896 28.7528
2.49221 28.6472
2.47546 28.5636
2.45871 28.4759
2.44196 28.3568
2.42521 28.264
2.40846 28.2169
2.39171 28.1785
2.37496 28.1545
2.35821 28.0928
2.34146 28.0317
2.32471 27.9127
2.30796 27.7941
2.29121 27.6609
2.27446 27.5521
2.25771 27.4528
2.24096 27.3566
2.22421 27.3301
2.20746 27.3499
2.19071 27.3637
2.17396 27.3739
2.15721 27.4044
2.14046 27.4087
2.12371 27.3385
2.10696 27.2446
2.09021 27.1336
2.07346 27.0242
2.05671 26.8744
2.03996 26.8107
2.02321 26.8515
2.00646 26.9431
1.98971 27.0253
1.97296 27.0898
1.95621 27.1413
1.93946 27.2144
1.92271 27.3185
1.90596 27.4389
1.88921 27.5269
1.87246 27.6231
1.85571 27.6887
1.83896 27.7595
1.82221 27.8063
1.80546 27.8416
1.78871 27.8713
1.77196 27.9454
1.75521 28.0251
1.73846 28.1948
1.72171 28.3702
1.70496 28.5563
1.68821 28.7472
1.67146 28.9411
1.65471 29.1036
1.63796 29.2585
1.62121 29.4095
1.60446 29.5735
1.58771 29.7496
1.57096 29.9055
1.55421 30.1381
1.53746 30.4441
1.52071 30.8418
1.50396 31.2636
1.48721 31.7117
1.47046 32.1437
1.45371 32.5401
1.43696 32.8472
1.42021 33.1593
1.40346 33.4894
1.38671 33.8603
1.36996 34.2214
1.35321 34.6855
1.33646 35.2407
1.31971 35.8457
1.30296 36.4686
1.28621 37.0636
1.26946 37.6144
1.25271 38.1202
1.23596 38.5921
1.21921 39.0934
1.20246 39.5832
1.18571 40.1498
1.16896 40.649
1.15221 41.1166
1.13546 41.5563
1.11871 41.9785
1.10196 42.3971
1.08521 42.8131
1.06846 43.338
1.05171 43.9514
1.03496 44.6538
1.01821 45.3424
1.00146 46.0502
0.984706 46.7239
0.967956 47.3582
0.951206 47.9431
0.934456 48.5232
0.917706 49.0989
0.900956 49.7058
0.884206 50.2804
0.867456 50.9336
0.850706 51.5634
0.833956 52.2553
0.817206 52.944
0.800456 53.63
0.783706 54.3455
0.766956 55.0834
0.750205 55.8587
0.733456 56.6491
0.716705 57.4513
0.699955 58.2762
0.683205 59.0692
0.666455 59.8276
0.649705 60.5861
0.632955 61.3724
0.616205 62.1571
0.599455 62.9452
0.582705 63.7194
0.565955 64.4591
0.549205 65.2193
0.532455 66.0007
0.515705 66.8053
0.498955 67.6378
0.482204 68.4718
0.465454 69.3167
0.448704 70.1488
0.431954 70.9707
0.415204 71.7882
0.398454 72.6274
0.381704 73.4103
0.364954 74.1984
0.348204 75.0417
0.331454 75.9146
0.314704 76.7681
0.297954 77.7037
0.281204 78.6228
0.264454 79.5611
0.247704 80.5097
0.230954 81.4906
0.214203 82.4401
0.197453 83.3852
0.180703 84.2896
0.163953 85.1891
0.147203 86.1084
0.130453 87.0428
0.113703 88.0204
0.096953 89.0521
0.0802029 90.1232
0.0634529 91.0582
0.0467028 91.2881
0.0299527 90.789
0.0132026 90.258
-0.00354741 89.7084
-0.0202975 89.1491
-0.0370475 88.5786
-0.0537976 87.9998
-0.0705477 87.3832
-0.0872977 86.7132
-0.104048 86.2223
-0.120798 85.5329
-0.137548 85.0832
-0.154298 83.9872
-0.171048 84.6845
