3.16809 1.06932
3.15149 -0.78627
3.13488 -1.3179
3.11828 -0.752805
3.10168 -0.616032
3.08507 -0.368666
3.06847 -0.244322
3.05187 -0.129525
3.03526 -0.066324
3.01866 -0.013829
3.00206 0
2.98545 -0.022009
2.96885 -0.069513
2.95225 -0.108729
2.93565 -0.069481
2.91904 -0.00649
2.90244 -0.000345
2.88584 0.002702
2.86923 -0.049859
2.85263 -0.07224
2.83603 -0.059822
2.81942 -0.004446
2.80282 0.006217
2.78622 -0.005924
2.76961 -0.059662
2.75301 -0.110174
2.73641 -0.117555
2.71981 -0.085173
2.7032 -0.080102
2.6866 -0.097924
2.67 -0.152198
2.65339 -0.198148
2.63679 -0.192314
2.62019 -0.164307
2.60358 -0.124128
2.58698 -0.163075
2.57038 -0.206297
2.55377 -0.291732
2.53717 -0.33246
2.52057 -0.338892
2.50396 -0.361214
2.48736 -0.403329
2.47076 -0.525329
2.45416 -0.672055
2.43755 -0.75761
2.42095 -0.76766
2.40435 -0.761668
2.38774 -0.77747
2.37114 -0.820487
2.35454 -0.896796
2.33793 -0.997416
2.32133 -1.08195
2.30473 -1.22025
2.28812 -1.38619
2.27152 -1.60123
2.25492 -1.84443
2.23832 -2.08881
2.22171 -2.25752
2.20511 -2.43398
2.18851 -2.6313
2.1719 -2.89
2.1553 -3.19939
2.1387 -3.44905
2.12209 -3.63235
2.10549 -3.78663
2.08889 -3.968
2.07228 -4.20315
2.05568 -4.46248
2.03908 -4.65327
2.02248 -4.83755
2.00587 -5.02422
1.98927 -5.23559
1.97267 -5.50447
1.95606 -5.82529
1.93946 -6.17871
1.92286 -6.51604
1.90625 -6.83103
1.88965 -7.14248
1.87305 -7.50447
1.85644 -7.87782
1.83984 -8.22345
1.82324 -8.50471
1.80663 -8.75224
1.79003 -9.03144
1.77343 -9.29574
1.75683 -9.57521
1.74022 -9.80632
1.72362 -9.95186
1.70702 -10.0984
1.69041 -10.2558
1.67381 -10.4379
1.65721 -10.6221
1.6406 -10.7422
1.624 -10.8214
1.6074 -10.8948
1.59079 -10.9549
1.57419 -11.0695
1.55759 -11.1597
1.54099 -11.2051
1.52438 -11.1866
1.50778 -11.1128
1.49118 -11.0729
1.47457 -11.0592
1.45797 -11.025
1.44137 -10.9404
1.42476 -10.7929
1.40816 -10.6529
1.39156 -10.5256
1.37495 -10.405
1.35835 -10.3018
1.34175 -10.1548
1.32515 -9.94625
1.30854 -9.73623
1.29194 -9.55042
1.27534 -9.34683
1.25873 -9.11095
1.24213 -8.71636
1.22553 -8.25408
1.20892 -7.78694
1.19232 -7.33012
1.17572 -6.88288
1.15911 -6.47878
1.14251 -6.06315
1.12591 -5.62808
1.1093 -5.16316
1.0927 -4.73225
1.0761 -4.23481
1.0595 -3.77343
1.04289 -3.27639
1.02629 -2.77972
1.00969 -2.29024
0.993084 -1.84635
0.976481 -1.3748
0.959878 -0.884497
0.943274 -0.324741
0.926671 0.239943
0.910068 0.78223
0.893465 1.31413
0.876862 1.84432
0.860259 2.43406
0.843656 3.07659
0.827053 3.72963
0.81045 4.38852
0.793847 5.00432
0.777243 5.62583
0.76064 6.27526
0.744037 7.00853
0.727434 7.73214
0.710831 8.42363
0.694228 9.10257
0.677625 9.75293
0.661022 10.4823
0.644419 11.2777
0.627816 12.0731
0.611213 12.8722
0.59461 13.6405
0.578006 14.4417
0.561403 15.2906
0.5448 16.1545
0.528197 17.0047
0.511594 17.8332
0.494991 18.636
0.478388 19.4603
0.461785 20.3805
0.445182 21.3265
0.428579 22.2562
0.411975 23.1466
0.395372 24.0334
0.378769 24.9225
0.362166 25.9139
0.345563 26.927
0.32896 27.9428
0.312357 28.9067
0.295754 29.886
0.279151 30.8384
0.262548 31.8388
0.245945 32.8411
0.229342 33.8519
0.212738 34.834
0.196135 35.8364
0.179532 36.8741
0.162929 38.0248
0.146326 39.2084
0.129723 40.394
0.11312 41.5472
0.0965168 42.71
0.0799137 43.8704
0.0633106 45.001
0.0467076 46.0779
0.0301045 47.152
0.0135014 48.1903
-0.00310172 49.2157
-0.0197048 50.1683
-0.0363079 51.1152
-0.052911 51.9864
-0.0695141 52.802
-0.0861172 53.4711
-0.10272 53.9361
-0.119323 54.3926
-0.135926 56.1699
