3.15128 -1.33703
3.13464 -0.783644
3.118 -0.658613
3.10136 -0.511384
3.08472 -0.399578
3.06808 -0.252644
3.05144 -0.142571
3.0348 -0.072448
3.01816 -0.023149
3.00152 0
2.98488 -0.02975
2.96825 -0.098037
2.95161 -0.126032
2.93497 -0.106035
2.91833 -0.039356
2.90169 -0.001135
2.88505 -0.0174
2.86841 -0.060009
2.85177 -0.086881
2.83513 -0.033567
2.81849 0.038489
2.80185 0.092152
2.78521 0.098084
2.76857 0.085647
2.75193 0.06229
2.73529 0.105224
2.71865 0.187492
2.70201 0.228054
2.68537 0.230942
2.66873 0.200492
2.65209 0.182202
2.63545 0.239492
2.61882 0.319464
2.60218 0.376296
2.58554 0.380224
2.5689 0.36148
2.55226 0.360526
2.53562 0.414928
2.51898 0.500971
2.50234 0.56243
2.4857 0.598772
2.46906 0.591718
2.45242 0.599102
2.43578 0.648618
2.41914 0.747672
2.4025 0.828602
2.38586 0.864541
2.36922 0.875303
2.35258 0.913162
2.33594 0.975735
2.3193 1.06583
2.30266 1.1318
2.28602 1.17431
2.26939 1.1753
2.25274 1.19386
2.23611 1.29143
2.21947 1.41507
2.20283 1.52017
2.18619 1.57258
2.16955 1.61559
2.15291 1.65886
2.13627 1.7695
2.11963 1.89379
2.10299 1.98368
2.08635 2.0495
2.06971 2.06807
2.05307 2.11424
2.03643 2.20209
2.01979 2.30774
2.00315 2.37643
1.98651 2.41156
1.96987 2.40482
1.95323 2.40118
1.93659 2.45059
1.91996 2.53978
1.90332 2.59262
1.88668 2.61018
1.87004 2.60063
1.8534 2.55749
1.83676 2.52588
1.82012 2.4886
1.80348 2.43435
1.78684 2.33713
1.7702 2.22957
1.75356 2.10669
1.73692 2.052
1.72028 2.05763
1.70364 2.03976
1.687 2.00366
1.67036 1.93313
1.65372 1.87782
1.63708 1.84164
1.62044 1.83955
1.6038 1.82619
1.58716 1.78806
1.57052 1.72264
1.55388 1.67448
1.53724 1.69517
1.52061 1.75293
1.50397 1.79913
1.48733 1.80376
1.47069 1.79692
1.45405 1.79986
1.43741 1.87236
1.42077 2.01542
1.40413 2.1351
1.38749 2.22788
1.37085 2.31443
1.35421 2.40739
1.33757 2.58655
1.32093 2.8079
1.30429 2.99902
1.28765 3.1852
1.27101 3.34765
1.25437 3.52183
1.23773 3.71994
1.22109 3.93401
1.20446 4.12428
1.18782 4.30376
1.17118 4.45594
1.15454 4.66769
1.1379 4.99057
1.12126 5.32503
1.10462 5.66069
1.08798 5.95666
1.07134 6.22882
1.0547 6.54055
1.03806 6.89514
1.02142 7.24612
1.00478 7.57317
0.988141 7.88716
0.971501 8.17752
0.954862 8.52622
0.938222 8.94609
0.921582 9.36829
0.904943 9.75974
0.888303 10.1188
0.871664 10.4535
0.855024 10.8335
0.838385 11.2258
0.821745 11.6347
0.805106 12.0112
0.788466 12.3531
0.771827 12.6912
0.755187 13.0736
0.738548 13.5618
0.721908 14.0462
0.705268 14.5119
0.688629 14.962
0.67199 15.3824
0.65535 15.8219
0.63871 16.2675
0.622071 16.6964
0.605431 17.0661
0.588792 17.397
0.572152 17.6884
0.555513 17.9467
0.538873 18.1942
0.522234 18.419
0.505594 18.6048
0.488955 18.7351
0.472315 18.8297
0.455676 18.9286
0.439036 19.1074
0.422396 19.3021
0.405757 19.4621
0.389117 19.5602
0.372478 19.6143
0.355838 19.6737
0.339199 19.8174
0.322559 19.9789
0.30592 20.1019
0.28928 20.1847
0.272641 20.2178
0.256001 20.2158
0.239362 20.26
0.222722 20.3188
0.206083 20.3537
0.189443 20.3633
0.172803 20.3475
0.156164 20.3236
0.139524 20.3465
0.122885 20.3951
0.106245 20.4473
0.0896057 20.4501
0.0729662 20.4325
0.0563267 20.4052
0.0396871 20.4298
0.0230476 20.4811
0.00640806 20.5156
-0.0102315 20.5328
-0.026871 20.5088
-0.0435106 20.4833
-0.0601501 20.4271
-0.0767896 20.3375
-0.0934292 20.2764
-0.110069 20.1577
-0.126708 19.9925
-0.143348 19.4356
-0.159987 18.8277
