3.15605 -0.564642
3.13939 -0.0625216
3.12273 -0.208646
3.10607 -0.138862
3.08941 -0.0621547
3.07275 -0.0555055
3.05609 -0.0685919
3.03943 -0.0156789
3.02277 -0.0236761
3.00611 0
2.98945 -0.021322
2.97279 -0.0269269
2.95613 -0.0436848
2.93947 -0.0333333
2.92281 -0.0375113
2.90615 -0.0294247
2.88949 -0.0278632
2.87283 -0.0327315
2.85617 -0.0393087
2.83951 -0.0265929
2.82285 -0.0059181
2.80619 0.0353891
2.78953 0.0447695
2.77287 0.0325641
2.75622 0.0263733
2.73956 0.0218467
2.72289 0.0682823
2.70623 0.0955337
2.68958 0.131037
2.67292 0.145945
2.65626 0.168909
2.6396 0.203375
2.62294 0.250579
2.60628 0.294102
2.58962 0.319696
2.57296 0.358535
2.5563 0.381491
2.53964 0.427646
2.52298 0.495809
2.50632 0.554606
2.48966 0.585524
2.473 0.631661
2.45634 0.638539
2.43968 0.715058
2.42302 0.754879
2.40636 0.823773
2.3897 0.870707
2.37304 0.909777
2.35638 0.965244
2.33972 1.05042
2.32306 1.15497
2.3064 1.25135
2.28974 1.33464
2.27308 1.42003
2.25642 1.48886
2.23976 1.49098
2.2231 1.46208
2.20644 1.41921
2.18978 1.36297
2.17312 1.2542
2.15646 1.17085
2.1398 1.16831
2.12314 1.20023
2.10648 1.28124
2.08982 1.36247
2.07316 1.41937
2.0565 1.44867
2.03984 1.43408
2.02318 1.36434
2.00652 1.26023
1.98986 1.1977
1.9732 1.12017
1.95654 1.02802
1.93988 0.956037
1.92322 0.901255
1.90656 0.862099
1.8899 0.784503
1.87324 0.737698
1.85658 0.686264
1.83993 0.671916
1.82326 0.699322
1.80661 0.688975
1.78994 0.705814
1.77329 0.734689
1.75663 0.738593
1.73997 0.738318
1.72331 0.720685
1.70665 0.67688
1.68999 0.669748
1.67333 0.628806
1.65667 0.594275
1.64001 0.593176
1.62335 0.623295
1.60669 0.659955
1.59003 0.657958
1.57337 0.685452
1.55671 0.699931
1.54005 0.737843
1.52339 0.801098
1.50673 0.845597
1.49007 0.903337
1.47341 0.961931
1.45675 1.04219
1.44009 1.14569
1.42343 1.30146
1.40677 1.46712
1.39011 1.62103
1.37345 1.77601
1.35679 1.87581
1.34013 2.02325
1.32347 2.17854
1.30681 2.34152
1.29015 2.50851
1.27349 2.68692
1.25683 2.8625
1.24017 3.059
1.22351 3.24183
1.20685 3.44539
1.19019 3.64119
1.17353 3.85694
1.15687 4.07219
1.14021 4.3126
1.12355 4.52785
1.10689 4.74821
1.09023 4.98398
1.07357 5.225
1.05691 5.45168
1.04025 5.73552
1.02359 5.99929
1.00693 6.29851
0.990274 6.57976
0.973614 6.85417
0.956955 7.13046
0.940295 7.44885
0.923635 7.78275
0.906975 8.07257
0.890315 8.36721
0.873656 8.65203
0.856996 8.94751
0.840336 9.22499
0.823676 9.54655
0.807016 9.83406
0.790356 10.1262
0.773697 10.3967
0.757037 10.6932
0.740377 11.0365
0.723717 11.3286
0.707057 11.6212
0.690397 11.8689
0.673738 12.1175
0.657078 12.318
0.640418 12.5631
0.623758 12.8119
0.607098 13.0186
0.590439 13.2012
0.573779 13.3158
0.557119 13.4325
0.540459 13.5144
0.523799 13.5711
0.507139 13.5924
0.49048 13.6082
0.47382 13.6055
0.45716 13.6528
0.4405 13.724
0.423841 13.8348
0.407181 13.9329
0.390521 14.005
0.373861 14.0465
0.357201 14.0494
0.340541 14.0404
0.323882 13.972
0.307222 13.9229
0.290562 13.8708
0.273902 13.8056
0.257242 13.7264
0.240583 13.7144
0.223923 13.6924
0.207263 13.68
0.190603 13.6662
0.173943 13.6448
0.157283 13.5957
0.140624 13.6085
0.123964 13.5897
0.107304 13.5709
0.0906442 13.5378
0.0739843 13.5266
0.0573245 13.5127
0.0406647 13.4777
0.0240049 13.4969
0.00734507 13.5048
-0.00931474 13.5105
-0.0259746 13.4705
-0.0426344 13.4872
-0.0592942 13.4503
-0.075954 13.4431
-0.0926138 13.3978
-0.109274 13.3109
-0.125934 13.2059
-0.142593 13.3978
-0.159253 12.59
