3.16904 0.77885
3.15226 -1.43098
3.13548 -1.25337
3.11869 -0.595211
3.10191 -0.543389
3.08513 -0.368585
3.06835 -0.227807
3.05157 -0.113709
3.03478 -0.0454317
3.018 -0.0012085
3.00122 0
2.98444 -0.0288781
2.96766 -0.0765995
2.95088 -0.115188
2.9341 -0.0857253
2.91731 -0.0394816
2.90053 -0.0104406
2.88375 -0.0353673
2.86697 -0.0890534
2.85019 -0.117091
2.8334 -0.0760788
2.81662 -0.0031813
2.79984 0.0280267
2.78306 0.0227897
2.76628 -0.0329746
2.7495 -0.0578573
2.73271 -0.0001899
2.71593 0.0867026
2.69915 0.141119
2.68237 0.15796
2.66559 0.133088
2.6488 0.157961
2.63202 0.222965
2.61524 0.306049
2.59846 0.360475
2.58168 0.371878
2.5649 0.368182
2.54812 0.380125
2.53133 0.468375
2.51455 0.562525
2.49777 0.6196
2.48099 0.657333
2.46421 0.656203
2.44742 0.704196
2.43064 0.812188
2.41386 0.93513
2.39708 1.02998
2.3803 1.09057
2.36352 1.14834
2.34673 1.24037
2.32995 1.3417
2.31317 1.44687
2.29639 1.52871
2.27961 1.57075
2.26282 1.57645
2.24604 1.59191
2.22926 1.58721
2.21248 1.56647
2.1957 1.50669
2.17892 1.3838
2.16214 1.22924
2.14535 1.0959
2.12857 1.03211
2.11179 0.970681
2.09501 0.8958
2.07823 0.779178
2.06144 0.606575
2.04466 0.431996
2.02788 0.280895
2.0111 0.13471
1.99432 -0.0650736
1.97754 -0.280547
1.96075 -0.534774
1.94397 -0.781677
1.92719 -0.948448
1.91041 -1.09054
1.89363 -1.26399
1.87685 -1.47527
1.86006 -1.71928
1.84328 -1.93264
1.8265 -2.09483
1.80972 -2.26034
1.79294 -2.43995
1.77615 -2.64983
1.75937 -2.85973
1.74259 -3.05019
1.72581 -3.17504
1.70903 -3.28562
1.69225 -3.42037
1.67546 -3.60231
1.65868 -3.79186
1.6419 -3.92263
1.62512 -3.95571
1.60834 -3.96949
1.59156 -4.00302
1.57477 -4.05723
1.55799 -4.12864
1.54121 -4.16329
1.52443 -4.15977
1.50765 -4.1591
1.49087 -4.17437
1.47408 -4.20876
1.4573 -4.25076
1.44052 -4.23342
1.42374 -4.1662
1.40696 -4.09393
1.39017 -4.04742
1.37339 -4.04396
1.35661 -4.00845
1.33983 -3.91056
1.32305 -3.74905
1.30627 -3.62573
1.28948 -3.51931
1.2727 -3.44796
1.25592 -3.34792
1.23914 -3.15728
1.22236 -2.91112
1.20558 -2.69495
1.18879 -2.49765
1.17201 -2.33897
1.15523 -2.13038
1.13845 -1.86471
1.12167 -1.5664
1.10488 -1.30314
1.0881 -1.05478
1.07132 -0.829881
1.05454 -0.56605
1.03776 -0.256117
1.02098 0.0501147
1.00419 0.350459
0.987413 0.620783
0.970631 0.898233
0.953849 1.1941
0.937068 1.57975
0.920286 2.0002
0.903504 2.36687
0.886722 2.7119
0.869941 3.04612
0.853159 3.43149
0.836377 3.86769
0.819595 4.28948
0.802814 4.69856
0.786032 5.0647
0.76925 5.44428
0.752468 5.84062
0.735687 6.28855
0.718905 6.70665
0.702123 7.08812
0.685342 7.43169
0.66856 7.75408
0.651778 8.12476
0.634996 8.55469
0.618215 8.96005
0.601433 9.34123
0.584651 9.67394
0.567869 9.97631
0.551088 10.3065
0.534306 10.6713
0.517524 11.0072
0.500742 11.2901
0.483961 11.5273
0.467179 11.7495
0.450397 12.042
0.433615 12.4363
0.416834 12.7973
0.400052 13.1018
0.38327 13.3587
0.366488 13.5689
0.349707 13.7456
0.332925 13.9222
0.316143 14.0712
0.299362 14.1603
0.28258 14.211
0.265798 14.2261
0.249016 14.2525
0.232235 14.2851
0.215453 14.3251
0.198671 14.3361
0.181889 14.3264
0.165108 14.2917
0.148326 14.2766
0.131544 14.3142
0.114762 14.354
0.0979806 14.3597
0.0811989 14.3404
0.0644171 14.2975
0.0476354 14.2802
0.0308536 14.3077
0.0140719 14.3545
-0.00270985 14.3827
-0.0194916 14.3674
-0.0362733 14.3406
-0.0530551 14.29
-0.0698368 14.2099
-0.0866186 14.1416
-0.1034 14.0181
-0.120182 13.9515
-0.136964 13.3921
-0.153746 14.6589
-0.170527 12.9437
