3.14832 -0.914176
3.13164 -0.369324
3.11496 -0.494693
3.09827 -0.473213
3.08159 -0.279888
3.06491 -0.200187
3.04823 -0.112648
3.03154 -0.0296647
3.01486 0.0091411
2.99818 0
2.9815 -0.0324638
2.96482 -0.0850371
2.94813 -0.124922
2.93145 -0.0737175
2.91477 -0.0309409
2.89809 -0.0102912
2.8814 -0.0372312
2.86472 -0.0759805
2.84804 -0.102031
2.83136 -0.0619251
2.81468 0.0031709
2.79799 0.0401252
2.78131 0.0288142
2.76463 -0.005156
2.74795 0.0167349
2.73127 0.0541492
2.71458 0.124583
2.6979 0.153066
2.68122 0.147786
2.66454 0.134592
2.64786 0.152068
2.63117 0.208378
2.61449 0.306867
2.59781 0.368109
2.58113 0.386316
2.56445 0.426125
2.54776 0.491422
2.53108 0.590575
2.5144 0.708963
2.49772 0.797432
2.48103 0.874782
2.46435 0.937167
2.44767 1.0125
2.43099 1.20326
2.41431 1.40174
2.39762 1.55543
2.38094 1.69026
2.36426 1.81067
2.34758 1.93984
2.33089 2.09164
2.31421 2.23201
2.29753 2.32168
2.28085 2.40314
2.26417 2.3966
2.24749 2.38319
2.2308 2.35247
2.21412 2.30515
2.19744 2.18424
2.18076 1.98534
2.16407 1.71399
2.14739 1.40832
2.13071 1.14661
2.11403 0.929578
2.09735 0.6556
2.08066 0.312202
2.06398 -0.0754884
2.0473 -0.523604
2.03062 -0.941011
2.01394 -1.31064
1.99725 -1.67719
1.98057 -2.08878
1.96389 -2.52921
1.94721 -2.99793
1.93053 -3.39124
1.91384 -3.73512
1.89716 -4.07689
1.88048 -4.45443
1.8638 -4.85623
1.84711 -5.26564
1.83043 -5.6164
1.81375 -5.92826
1.79707 -6.24731
1.78039 -6.60192
1.7637 -6.95807
1.74702 -7.33065
1.73034 -7.64184
1.71366 -7.88092
1.69697 -8.13319
1.68029 -8.40534
1.66361 -8.70125
1.64693 -9.01816
1.63025 -9.2952
1.61356 -9.54934
1.59688 -9.79351
1.5802 -10.0786
1.56352 -10.3856
1.54684 -10.6639
1.53015 -10.8744
1.51347 -11.0379
1.49679 -11.2311
1.48011 -11.4501
1.46342 -11.7135
1.44674 -11.9512
1.43006 -12.1176
1.41338 -12.223
1.3967 -12.3786
1.38001 -12.5553
1.36333 -12.7492
1.34665 -12.9175
1.32997 -13.0647
1.31329 -13.1665
1.2966 -13.3027
1.27992 -13.4751
1.26324 -13.6774
1.24656 -13.8347
1.22988 -13.8746
1.21319 -13.883
1.19651 -13.8944
1.17983 -13.9692
1.16315 -14.0335
1.14647 -14.0834
1.12978 -14.0961
1.1131 -14.0888
1.09642 -14.1171
1.07974 -14.1786
1.06306 -14.2515
1.04637 -14.2842
1.02969 -14.2491
1.01301 -14.2286
0.996326 -14.2019
0.979644 -14.2188
0.962962 -14.2494
0.94628 -14.2693
0.929598 -14.2514
0.912915 -14.2279
0.896233 -14.2551
0.879551 -14.2865
0.862869 -14.3743
0.846187 -14.4228
0.829505 -14.4159
0.812823 -14.3878
0.796141 -14.4159
0.779459 -14.4615
0.762776 -14.5461
0.746094 -14.6341
0.729412 -14.6871
0.71273 -14.7376
0.696048 -14.8232
0.679366 -14.92
0.662684 -15.0834
0.646002 -15.1868
0.62932 -15.1674
0.612637 -15.1447
0.595955 -15.1437
0.579273 -15.1676
0.562591 -15.238
0.545909 -15.2574
0.529227 -15.2624
0.512545 -15.2377
0.495863 -15.26
0.479181 -15.3042
0.462498 -15.3467
0.445816 -15.4037
0.429134 -15.4171
0.412452 -15.3947
0.39577 -15.4434
0.379088 -15.5091
0.362406 -15.5825
0.345724 -15.6417
0.329041 -15.6579
0.312359 -15.6652
0.295677 -15.7031
0.278995 -15.7699
0.262313 -15.8471
0.245631 -15.8568
0.228949 -15.8551
0.212267 -15.8517
0.195584 -15.8784
0.178902 -15.948
0.16222 -16.0498
0.145538 -16.0996
0.128856 -16.0822
0.112174 -16.0427
0.0954918 -16.0456
0.0788097 -16.0443
0.0621276 -16.1055
0.0454455 -16.1069
0.0287634 -16.0582
0.0120812 -15.9939
-0.00460086 -15.9848
-0.021283 -15.9944
-0.0379651 -16.0342
-0.0546472 -16.1088
-0.0713293 -16.192
-0.0880114 -16.2992
-0.104694 -16.4556
-0.121376 -16.8056
-0.138058 -17.3523
-0.15474 -16.7473
-0.171422 -18.7535
