3.15973 -1.41481
3.14303 -0.867641
3.12633 -0.246354
3.10963 -0.091209
3.09294 -0.206035
3.07624 -0.135701
3.05954 -0.046899
3.04284 -0.032915
3.02614 -0.00161
3.00944 -0.004292
2.99275 0
2.97605 -0.023865
2.95935 -0.032435
2.94265 -0.055961
2.92595 -0.070401
2.90925 -0.049707
2.89255 -0.085193
2.87586 -0.132623
2.85916 -0.176993
2.84246 -0.193638
2.82576 -0.186278
2.80906 -0.200675
2.79236 -0.206076
2.77566 -0.252288
2.75897 -0.326712
2.74227 -0.36938
2.72557 -0.379247
2.70887 -0.39682
2.69217 -0.40938
2.67547 -0.424993
2.65877 -0.445305
2.64208 -0.458423
2.62538 -0.458956
2.60868 -0.432125
2.59198 -0.460813
2.57528 -0.453322
2.55858 -0.482814
2.54189 -0.514855
2.52519 -0.541131
2.50849 -0.598037
2.49179 -0.663331
2.47509 -0.800343
2.45839 -0.947817
2.44169 -1.10218
2.425 -1.25936
2.4083 -1.40047
2.3916 -1.59247
2.3749 -1.82569
2.3582 -2.07425
2.3415 -2.36743
2.3248 -2.70003
2.3081 -3.00866
2.29141 -3.35776
2.27471 -3.68927
2.25801 -4.02356
2.24131 -4.38329
2.22461 -4.76808
2.20791 -5.12789
2.19122 -5.50106
2.17452 -5.89112
2.15782 -6.30104
2.14112 -6.71015
2.12442 -7.06753
2.10772 -7.39387
2.09102 -7.78875
2.07433 -8.13782
2.05763 -8.5186
2.04093 -8.88799
2.02423 -9.2691
2.00753 -9.6532
1.99083 -10.0233
1.97413 -10.3641
1.95744 -10.73
1.94074 -11.0586
1.92404 -11.4037
1.90734 -11.6983
1.89064 -12.0347
1.87394 -12.3616
1.85725 -12.7101
1.84055 -13.0049
1.82385 -13.2803
1.80715 -13.5189
1.79045 -13.7533
1.77375 -13.9881
1.75705 -14.2312
1.74036 -14.4996
1.72366 -14.7528
1.70696 -14.9848
1.69026 -15.241
1.67356 -15.4732
1.65686 -15.7302
1.64016 -15.9152
1.62346 -16.0583
1.60677 -16.2092
1.59007 -16.3581
1.57337 -16.5068
1.55667 -16.6671
1.53997 -16.7833
1.52327 -16.8614
1.50657 -16.9419
1.48988 -17.0193
1.47318 -17.1146
1.45648 -17.2073
1.43978 -17.2774
1.42308 -17.3717
1.40638 -17.4269
1.38969 -17.4841
1.37299 -17.5498
1.35629 -17.6035
1.33959 -17.6449
1.32289 -17.6639
1.30619 -17.6984
1.28949 -17.7311
1.2728 -17.7624
1.2561 -17.757
1.2394 -17.6754
1.2227 -17.5332
1.206 -17.3741
1.1893 -17.2889
1.1726 -17.157
1.15591 -17.0253
1.13921 -16.8602
1.12251 -16.6645
1.10581 -16.4621
1.08911 -16.2651
1.07241 -16.0893
1.05571 -15.9381
1.03902 -15.8141
1.02232 -15.6882
1.00562 -15.5723
0.988921 -15.3937
0.972222 -15.2182
0.955523 -14.9877
0.938825 -14.7243
0.922126 -14.4662
0.905428 -14.1794
0.888729 -13.9028
0.872031 -13.6654
0.855332 -13.3845
0.838634 -13.0675
0.821935 -12.7276
0.805237 -12.4222
0.788538 -12.1038
0.77184 -11.829
0.755141 -11.5323
0.738443 -11.2542
0.721744 -10.96
0.705045 -10.6474
0.688347 -10.3362
0.671648 -10.0297
0.65495 -9.73161
0.638251 -9.42935
0.621553 -9.14404
0.604854 -8.84612
0.588156 -8.59811
0.571457 -8.30616
0.554759 -8.05811
0.53806 -7.90007
0.521361 -7.74318
0.504663 -7.62032
0.487964 -7.49948
0.471266 -7.41613
0.454567 -7.30777
0.437869 -7.20837
0.42117 -7.11071
0.404472 -7.00826
0.387773 -6.91696
0.371075 -6.85212
0.354376 -6.81429
0.337678 -6.78531
0.320979 -6.75249
0.30428 -6.75192
0.287582 -6.73371
0.270883 -6.72578
0.254185 -6.73343
0.237486 -6.70057
0.220788 -6.67844
0.204089 -6.64033
0.187391 -6.61731
0.170692 -6.58467
0.153994 -6.55253
0.137295 -6.51258
0.120596 -6.47244
0.103898 -6.45242
0.0871994 -6.44559
0.0705008 -6.43203
0.0538023 -6.43128
0.0371038 -6.42072
0.0204052 -6.42365
0.00370668 -6.42619
-0.0129919 -6.42595
-0.0296904 -6.43525
-0.0463889 -6.4739
-0.0630875 -6.51957
-0.079786 -6.57605
-0.0964846 -6.63256
-0.113183 -6.86193
-0.129882 -6.75885
-0.14658 -6.93838
-0.163279 -6.44926
