3.17878 -3.31298
3.16198 -0.50942
3.14519 -0.793873
3.12839 -0.714454
3.11159 -0.550516
3.09479 -0.376251
3.078 -0.237111
3.0612 -0.117825
3.0444 -0.031862
3.02761 -0.007343
3.01081 0.013871
2.99401 0
2.97721 -0.047143
2.96042 -0.125244
2.94362 -0.154973
2.92682 -0.11741
2.91003 -0.087854
2.89323 -0.092493
2.87643 -0.151036
2.85963 -0.223592
2.84284 -0.255915
2.82604 -0.219012
2.80924 -0.198487
2.79244 -0.212668
2.77565 -0.2797
2.75885 -0.368226
2.74205 -0.417771
2.72526 -0.418548
2.70846 -0.442816
2.69166 -0.473923
2.67486 -0.568393
2.65807 -0.67945
2.64127 -0.733313
2.62447 -0.721835
2.60767 -0.720855
2.59088 -0.740587
2.57408 -0.80045
2.55728 -0.88805
2.54049 -0.944324
2.52369 -0.952002
2.50689 -0.957264
2.49009 -0.99713
2.4733 -1.06012
2.4565 -1.16486
2.4397 -1.22449
2.42291 -1.25757
2.40611 -1.28949
2.38931 -1.34983
2.37251 -1.4464
2.35572 -1.56198
2.33892 -1.60895
2.32212 -1.61185
2.30532 -1.6265
2.28853 -1.65557
2.27173 -1.73179
2.25493 -1.85516
2.23814 -1.96484
2.22134 -2.06797
2.20454 -2.19011
2.18774 -2.37427
2.17095 -2.58814
2.15415 -2.86188
2.13735 -3.20003
2.12055 -3.6146
2.10376 -4.06443
2.08696 -4.55518
2.07016 -5.08434
2.05336 -5.62888
2.03657 -6.08991
2.01977 -6.40376
2.00297 -6.65609
1.98618 -6.95935
1.96938 -7.31883
1.95258 -7.71644
1.93578 -8.11285
1.91899 -8.48342
1.90219 -8.83359
1.88539 -9.21213
1.8686 -9.6213
1.8518 -10.0516
1.835 -10.4282
1.8182 -10.748
1.80141 -11.0677
1.78461 -11.409
1.76781 -11.7972
1.75101 -12.1871
1.73422 -12.5138
1.71742 -12.7608
1.70062 -13.0182
1.68382 -13.291
1.66703 -13.5957
1.65023 -13.9127
1.63343 -14.1611
1.61664 -14.3487
1.59984 -14.5478
1.58304 -14.7541
1.56624 -14.9868
1.54945 -15.2358
1.53265 -15.4226
1.51585 -15.5888
1.49906 -15.746
1.48226 -15.9483
1.46546 -16.1582
1.44866 -16.3577
1.43187 -16.4796
1.41507 -16.563
1.39827 -16.6509
1.38148 -16.7585
1.36468 -16.8988
1.34788 -17.0137
1.33108 -17.0581
1.31429 -17.0749
1.29749 -17.0931
1.28069 -17.1541
1.26389 -17.2223
1.2471 -17.2801
1.2303 -17.2817
1.2135 -17.2729
1.1967 -17.2913
1.17991 -17.3479
1.16311 -17.4063
1.14631 -17.3855
1.12952 -17.2326
1.11272 -17.0694
1.09592 -16.9292
1.07912 -16.8271
1.06233 -16.7332
1.04553 -16.5938
1.02873 -16.3952
1.01194 -16.1913
0.995138 -16.0023
0.97834 -15.8384
0.961543 -15.6943
0.944746 -15.4866
0.927949 -15.2258
0.911151 -14.9704
0.894354 -14.7481
0.877557 -14.536
0.86076 -14.3312
0.843962 -14.0614
0.827165 -13.7463
0.810368 -13.4473
0.79357 -13.1613
0.776773 -12.9005
0.759976 -12.5933
0.743179 -12.1918
0.726381 -11.7717
0.709584 -11.3515
0.692787 -10.954
0.67599 -10.5733
0.659192 -10.1894
0.642395 -9.80234
0.625598 -9.39083
0.608801 -8.99639
0.592003 -8.63977
0.575206 -8.27526
0.558409 -7.87751
0.541612 -7.42903
0.524814 -6.97598
0.508017 -6.54794
0.49122 -6.16775
0.474423 -5.81278
0.457625 -5.4325
0.440828 -4.94725
0.424031 -4.46112
0.407234 -3.98576
0.390436 -3.52275
0.373639 -3.09617
0.356842 -2.72349
0.340045 -2.46078
0.323247 -2.24499
0.30645 -2.06765
0.289653 -1.94267
0.272855 -1.83418
0.256058 -1.72487
0.239261 -1.59431
0.222464 -1.48094
0.205666 -1.39881
0.188869 -1.3577
0.172072 -1.36342
0.155275 -1.37911
0.138477 -1.34508
0.12168 -1.26829
0.104883 -1.22678
0.0880856 -1.22304
0.0712883 -1.27299
0.054491 -1.31703
0.0376938 -1.27821
0.0208965 -1.19611
0.00409926 -1.14615
-0.012698 -1.13234
-0.0294953 -1.1458
-0.0462925 -1.20799
-0.0630898 -1.30311
-0.079887 -1.43869
-0.0966843 -1.58752
-0.113482 -1.82197
-0.130279 -1.83678
-0.147076 -2.47813
-0.163873 -2.94309
