0 -20.6341
0.1 -20.6069
0.2 -20.5487
0.3 -20.5213
0.4 -20.5766
0.5 -20.6462
0.6 -20.6924
0.7 -20.715
0.8 -20.7088
0.9 -20.6412
1 -20.4343
1.1 -20.0445
1.2 -19.3219
1.3 -18.0593
1.4 -16.2111
1.5 -13.7875
1.6 -10.818
1.7 -8.96965
1.8 -8.28648
1.9 -7.70343
2 -7.15558
2.1 -6.47508
2.2 -5.86697
2.3 -5.31361
2.4 -4.72461
2.5 -3.97641
2.6 -3.18902
2.7 -2.4115
2.8 -1.66379
2.9 -1.07134
3 -0.611293
3.1 -0.386362
3.2 -0.344107
3.3 -0.28766
3.4 -0.318107
3.5 -0.10809
3.6 -0.070363
3.7 -0.0440603
3.8 -0.0216323
3.9 0
