0 -21.9966
0.1 -21.968
0.2 -21.9185
0.3 -21.9003
0.4 -21.9346
0.5 -21.9779
0.6 -22.0047
0.7 -21.9879
0.8 -21.9323
0.9 -21.8282
1 -21.5923
1.1 -21.1791
1.2 -20.4408
1.3 -19.1796
1.4 -17.3337
1.5 -14.8765
1.6 -11.838
1.7 -9.98394
1.8 -9.31403
1.9 -8.72865
2 -8.22536
2.1 -7.55094
2.2 -6.97165
2.3 -6.31695
2.4 -5.7578
2.5 -5.05719
2.6 -4.32074
2.7 -3.53009
2.8 -2.75973
2.9 -2.07777
3 -1.37657
3.1 -0.77916
3.2 -0.431941
3.3 -0.299157
3.4 -0.326097
3.5 -0.111877
3.6 -0.0666156
3.7 -0.038549
3.8 -0.0254865
3.9 0
