0 -20.6286
0.1 -20.6141
0.2 -20.5488
0.3 -20.4843
0.4 -20.5236
0.5 -20.6161
0.6 -20.6802
0.7 -20.7219
0.8 -20.7213
0.9 -20.6488
1 -20.4021
1.1 -19.9778
1.2 -19.2227
1.3 -17.9561
1.4 -16.1435
1.5 -13.7394
1.6 -10.7915
1.7 -9.27818
1.8 -8.61728
1.9 -8.01449
2 -7.48738
2.1 -6.78436
2.2 -6.07847
2.3 -5.28037
2.4 -4.45878
2.5 -3.56021
2.6 -2.67328
2.7 -1.71464
2.8 -0.852559
2.9 -0.314356
3 -0.200213
3.1 -0.220001
3.2 -0.292763
3.3 -0.267188
3.4 -0.293543
3.5 -0.110795
3.6 -0.0695341
3.7 -0.0354523
3.8 -0.0154807
3.9 0
