0 -26.8386
0.1 -26.659
0.2 -26.1415
0.3 -25.4142
0.4 -24.6088
0.5 -23.8449
0.6 -23.2018
0.7 -22.5829
0.8 -21.9467
0.9 -21.2596
1 -20.5771
1.1 -19.9484
1.2 -19.3097
1.3 -18.4872
1.4 -17.2945
1.5 -15.6821
1.6 -13.7087
1.7 -11.455
1.8 -9.96363
1.9 -8.97836
2 -8.12386
2.1 -7.32982
2.2 -6.56279
2.3 -5.76122
2.4 -4.93198
2.5 -4.10685
2.6 -3.33367
2.7 -2.55421
2.8 -1.74864
2.9 -0.931256
3 -0.267819
3.1 0.0401395
3.2 0.0791664
3.3 0.0657744
3.4 0.037492
3.5 0.0520268
3.6 0.040014
3.7 0.0227815
3.8 0.0103974
3.9 0
