0 -23.9449
0.1 -23.6899
0.2 -23.2365
0.3 -22.5076
0.4 -21.6987
0.5 -20.8873
0.6 -20.1426
0.7 -19.4311
0.8 -18.7371
0.9 -18.0304
1 -17.3453
1.1 -16.6803
1.2 -16.0127
1.3 -15.188
1.4 -14.0415
1.5 -12.5513
1.6 -10.6504
1.7 -8.6267
1.8 -7.72155
1.9 -7.1277
2 -6.54045
2.1 -5.9731
2.2 -5.44755
2.3 -4.89939
2.4 -4.29795
2.5 -3.62665
2.6 -2.94056
2.7 -2.19972
2.8 -1.44236
2.9 -0.686567
3 -0.113186
3.1 0.0921953
3.2 0.0905633
3.3 0.0661067
3.4 0.0351591
3.5 0.0479306
3.6 0.0388956
3.7 0.0229529
3.8 0.0105005
3.9 0
