0 -23.9431
0.1 -23.6879
0.2 -23.2288
0.3 -22.4914
0.4 -21.6954
0.5 -20.9102
0.6 -20.1983
0.7 -19.4929
0.8 -18.7524
0.9 -17.9832
1 -17.2615
1.1 -16.622
1.2 -15.9972
1.3 -15.212
1.4 -14.0778
1.5 -12.5878
1.6 -10.6873
1.7 -8.50319
1.8 -7.20911
1.9 -6.56793
2 -6.03993
2.1 -5.58573
2.2 -5.16991
2.3 -4.74104
2.4 -4.28225
2.5 -3.79381
2.6 -3.27443
2.7 -2.67414
2.8 -2.05824
2.9 -1.47916
3 -0.928924
3.1 -0.506019
3.2 -0.241196
3.3 -0.0857491
3.4 -0.0255173
3.5 0.0312452
3.6 0.0326728
3.7 0.0198241
3.8 0.00899169
3.9 0
