0 -21.9741
0.1 -21.9565
0.2 -21.8789
0.3 -21.8268
0.4 -21.8444
0.5 -21.9011
0.6 -21.9474
0.7 -21.9685
0.8 -21.9589
0.9 -21.8913
1 -21.6757
1.1 -21.2467
1.2 -20.4863
1.3 -19.2182
1.4 -17.3622
1.5 -14.891
1.6 -11.8539
1.7 -10.1575
1.8 -9.35161
1.9 -8.57179
2 -7.81789
2.1 -6.88373
2.2 -5.98456
2.3 -5.16026
2.4 -4.17923
2.5 -3.19502
2.6 -2.26498
2.7 -1.39232
2.8 -0.687331
2.9 -0.334761
3 -0.202215
3.1 -0.224432
3.2 -0.286798
3.3 -0.261823
3.4 -0.313053
3.5 -0.0965465
3.6 -0.060544
3.7 -0.044492
3.8 -0.0226131
3.9 0
