0 -25.2833
0.1 -25.0806
0.2 -24.5638
0.3 -23.8053
0.4 -22.9768
0.5 -22.1771
0.6 -21.4541
0.7 -20.7762
0.8 -20.088
0.9 -19.3761
1 -18.6973
1.1 -18.0774
1.2 -17.4425
1.3 -16.6172
1.4 -15.4724
1.5 -13.9105
1.6 -11.973
1.7 -9.85249
1.8 -8.79725
1.9 -8.0333
2 -7.27192
2.1 -6.50226
2.2 -5.75128
2.3 -5.02399
2.4 -4.26552
2.5 -3.45623
2.6 -2.59656
2.7 -1.79442
2.8 -1.10759
2.9 -0.55095
3 -0.12175
3.1 0.064969
3.2 0.0815165
3.3 0.0672728
3.4 0.035216
3.5 0.0532619
3.6 0.0411769
3.7 0.022269
3.8 0.00925995
3.9 0
