0 -24.4517
0.1 -24.3619
0.2 -24.1172
0.3 -23.7791
0.4 -23.4769
0.5 -23.2499
0.6 -23.0497
0.7 -22.8281
0.8 -22.5858
0.9 -22.4104
1 -22.3872
1.1 -22.4013
1.2 -22.2873
1.3 -21.8932
1.4 -21.1335
1.5 -19.913
1.6 -18.1005
1.7 -15.7529
1.8 -13.1678
1.9 -10.982
2 -9.75216
2.1 -8.80913
2.2 -7.93732
2.3 -7.11881
2.4 -6.29014
2.5 -5.42769
2.6 -4.54921
2.7 -3.66809
2.8 -2.80406
2.9 -2.02642
3 -1.33419
3.1 -0.76332
3.2 -0.364312
3.3 -0.160915
3.4 -0.0831693
3.5 -0.0269363
3.6 -0.00960263
3.7 -0.00407022
3.8 -0.00222716
3.9 0
