0 -28.296
0.1 -28.2397
0.2 -28.1173
0.3 -27.9651
0.4 -27.8847
0.5 -27.9597
0.6 -28.1518
0.7 -28.4918
0.8 -29.0502
0.9 -29.7778
1 -30.4758
1.1 -30.9286
1.2 -30.9683
1.3 -30.285
1.4 -28.8299
1.5 -26.5533
1.6 -23.4168
1.7 -19.5131
1.8 -15.7902
1.9 -13.8639
2 -12.6306
2.1 -11.5041
2.2 -10.4253
2.3 -9.40108
2.4 -8.31399
2.5 -7.2003
2.6 -6.01966
2.7 -4.8148
2.8 -3.65205
2.9 -2.60976
3 -1.65342
3.1 -0.910627
3.2 -0.455952
3.3 -0.254419
3.4 -0.197997
3.5 -0.105722
3.6 -0.0649808
3.7 -0.0410538
3.8 -0.019137
3.9 0
