0 -24.4465
0.1 -24.3572
0.2 -24.1098
0.3 -23.765
0.4 -23.4576
0.5 -23.2338
0.6 -23.0429
0.7 -22.8382
0.8 -22.6113
0.9 -22.4379
1 -22.4011
1.1 -22.4026
1.2 -22.2881
1.3 -21.8968
1.4 -21.1367
1.5 -19.9128
1.6 -18.0992
1.7 -15.7521
1.8 -13.1609
1.9 -11.0209
2 -9.86236
2.1 -8.95004
2.2 -8.10582
2.3 -7.28594
2.4 -6.45125
2.5 -5.59907
2.6 -4.7612
2.7 -3.89697
2.8 -3.01753
2.9 -2.17655
3 -1.38912
3.1 -0.756251
3.2 -0.341167
3.3 -0.145186
3.4 -0.0740506
3.5 -0.0221468
3.6 -0.00787693
3.7 -0.00395085
3.8 -0.00217079
3.9 0
