0 -28.1121
0.1 -28.0607
0.2 -27.9493
0.3 -27.8197
0.4 -27.8055
0.5 -27.9414
0.6 -28.166
0.7 -28.5234
0.8 -29.079
0.9 -29.7932
1 -30.4712
1.1 -30.925
1.2 -30.9589
1.3 -30.2843
1.4 -28.8371
1.5 -26.5602
1.6 -23.4194
1.7 -19.5113
1.8 -15.7842
1.9 -13.9886
2 -12.7894
2.1 -11.6508
2.2 -10.5485
2.3 -9.50051
2.4 -8.40679
2.5 -7.28496
2.6 -6.13871
2.7 -4.95539
2.8 -3.78844
2.9 -2.68197
3 -1.6427
3.1 -0.871405
3.2 -0.431816
3.3 -0.245739
3.4 -0.192999
3.5 -0.102518
3.6 -0.0643184
3.7 -0.0433216
3.8 -0.0186967
3.9 0
