0 37.8412
0.1 35.6995
0.2 37.1113
0.3 36.2685
0.4 35.0127
0.5 33.3728
0.6 29.6399
0.7 29.2619
0.8 22.3775
0.9 15.5233
1 9.76073
1.1 5.29248
1.2 2.08671
1.3 0.0991875
1.4 -0.474471
1.5 -0.0229546
1.6 -0.359587
1.7 -0.467133
1.8 -0.388299
1.9 -0.46825
2 -0.690635
2.1 -0.605545
2.2 -0.279455
2.3 -0.00398065
2.4 0.176594
2.5 0.311471
2.6 0.378312
2.7 0.361335
2.8 0.261771
2.9 0.0561087
3 0.0199027
3.1 -0.0425677
3.2 -0.0822124
3.3 -0.111305
3.4 -0.106461
3.5 -0.0091939
3.6 0.00174018
3.7 0.000135118
3.8 -0.000423207
3.9 0
