0 40.0379
0.1 40.6725
0.2 38.7498
0.3 39.3329
0.4 39.2978
0.5 38.6648
0.6 38.1206
0.7 32.1485
0.8 23.5458
0.9 16.1528
1 9.89078
1.1 4.92446
1.2 1.43916
1.3 -0.694368
1.4 -1.28149
1.5 -0.53086
1.6 1.14034
1.7 0.499951
1.8 -0.514807
1.9 -1.39878
2 -1.88382
2.1 -1.85764
2.2 -1.49984
2.3 -1.00428
2.4 -0.52732
2.5 -0.125366
2.6 0.106556
2.7 0.207573
2.8 0.162522
2.9 0.0736193
3 0.0115506
3.1 -0.049033
3.2 -0.100276
3.3 -0.126033
3.4 -0.116722
3.5 -0.0239844
3.6 -0.00435587
3.7 -0.0046145
3.8 -0.00423826
3.9 0
