0 41.6386
0.1 41.637
0.2 40.609
0.3 41.2725
0.4 37.014
0.5 36.752
0.6 36.4204
0.7 33.3294
0.8 25.411
0.9 18.0713
1 11.6045
1.1 6.40629
1.2 2.6344
1.3 0.17096
1.4 -0.853046
1.5 -0.767125
1.6 -0.406595
1.7 -0.810676
1.8 -0.994493
1.9 -1.07635
2 -1.07676
2.1 -0.811798
2.2 -0.382844
2.3 0.139042
2.4 0.543706
2.5 0.762346
2.6 0.804878
2.7 0.729144
2.8 0.472243
2.9 0.169982
3 0.0753696
3.1 -0.0203815
3.2 -0.0821953
3.3 -0.134354
3.4 -0.112318
3.5 -0.0161798
3.6 -0.00612961
3.7 -0.00793156
3.8 -0.00411661
3.9 0
