0 40.29
0.1 38.1792
0.2 41.3686
0.3 40.0747
0.4 37.0121
0.5 34.9233
0.6 35.843
0.7 34.7633
0.8 26.3108
0.9 18.4711
1 11.6472
1.1 6.32063
1.2 2.47517
1.3 -0.0629867
1.4 -1.18422
1.5 -1.23584
1.6 -1.09191
1.7 -1.13114
1.8 -1.16357
1.9 -1.20349
2 -1.24572
2.1 -1.09703
2.2 -0.823006
2.3 -0.526415
2.4 -0.142785
2.5 0.193995
2.6 0.398748
2.7 0.426907
2.8 0.297255
2.9 0.0554266
3 0.00716661
3.1 -0.0783966
3.2 -0.110835
3.3 -0.154605
3.4 -0.121828
3.5 -0.0244929
3.6 -0.010226
3.7 -0.0103673
3.8 -0.00535933
3.9 0
