0 26.696
0.1 26.3829
0.2 28.8456
0.3 28.8418
0.4 27.028
0.5 26.3759
0.6 25.9384
0.7 24.9777
0.8 18.7718
0.9 12.9623
1 7.9855
1.1 4.26829
1.2 1.69963
1.3 0.172599
1.4 -0.345418
1.5 -0.273978
1.6 -0.0193452
1.7 -0.0718366
1.8 -0.124648
1.9 -0.279436
2 -0.279116
2.1 -0.255479
2.2 -0.32397
2.3 -0.335135
2.4 -0.295497
2.5 -0.312749
2.6 -0.306408
2.7 -0.288081
2.8 -0.310532
2.9 -0.371731
3 -0.324466
3.1 -0.285237
3.2 -0.26016
3.3 -0.225094
3.4 -0.190631
3.5 -0.0844679
3.6 -0.0570225
3.7 -0.0388276
3.8 -0.0188056
3.9 0
