0 40.7074
0.1 40.2433
0.2 38.2096
0.3 39.5854
0.4 36.2805
0.5 37.0884
0.6 37.0521
0.7 33.0008
0.8 24.5279
0.9 17.2162
1 11.094
1.1 6.1656
1.2 2.68208
1.3 0.538873
1.4 -0.0981458
1.5 0.638804
1.6 2.05155
1.7 1.1114
1.8 0.134796
1.9 -0.683754
2 -1.11476
2.1 -1.13785
2.2 -0.888959
2.3 -0.440337
2.4 -0.0134542
2.5 0.265638
2.6 0.394172
2.7 0.439574
2.8 0.323217
2.9 0.117227
3 0.0305896
3.1 -0.037605
3.2 -0.0966133
3.3 -0.129749
3.4 -0.112832
3.5 -0.0118802
3.6 6.80559e-05
3.7 -0.00223013
3.8 -0.000837052
3.9 0
