0 39.8949
0.1 37.6434
0.2 40.8027
0.3 41.565
0.4 39.3145
0.5 38.1918
0.6 35.2737
0.7 33.5035
0.8 25.4264
0.9 17.8059
1 11.2105
1.1 6.24275
1.2 2.68384
1.3 0.423885
1.4 -0.326748
1.5 0.0164775
1.6 0.0431376
1.7 -0.163965
1.8 -0.239883
1.9 -0.163603
2 -0.253436
2.1 -0.31717
2.2 -0.30021
2.3 -0.264831
2.4 -0.199512
2.5 -0.0777534
2.6 0.0354927
2.7 0.101364
2.8 0.0825645
2.9 -0.0153462
3 -0.0262702
3.1 -0.068219
3.2 -0.0938645
3.3 -0.117344
3.4 -0.10908
3.5 -0.011537
3.6 -0.00101084
3.7 -0.00444332
3.8 0.000109353
3.9 0
