0 37.775
0.1 39.2355
0.2 38.5422
0.3 39.4008
0.4 37.8053
0.5 36.0914
0.6 36.7858
0.7 31.8935
0.8 23.3138
0.9 15.9574
1 9.71629
1.1 4.80055
1.2 1.35339
1.3 -0.782363
1.4 -1.42537
1.5 -0.695028
1.6 1.05885
1.7 0.646614
1.8 -0.234818
1.9 -1.05234
2 -1.50415
2.1 -1.53541
2.2 -1.27402
2.3 -0.88861
2.4 -0.433769
2.5 -0.0729135
2.6 0.126833
2.7 0.217736
2.8 0.186431
2.9 0.0836688
3 0.0195321
3.1 -0.0525156
3.2 -0.089388
3.3 -0.120646
3.4 -0.113513
3.5 -0.0168632
3.6 0.000223305
3.7 -0.00286231
3.8 -0.00218617
3.9 0
