0 35.8916
0.1 36.4086
0.2 34.8564
0.3 35.5905
0.4 36.7892
0.5 33.7556
0.6 31.4079
0.7 28.3216
0.8 20.6238
0.9 13.8909
1 8.18109
1.1 3.88653
1.2 1.0652
1.3 -0.491443
1.4 -0.620586
1.5 0.470888
1.6 2.03973
1.7 1.91791
1.8 1.09493
1.9 0.0618133
2 -0.758225
2.1 -1.02152
2.2 -1.03054
2.3 -1.01913
2.4 -0.833358
2.5 -0.610939
2.6 -0.430874
2.7 -0.289565
2.8 -0.215944
2.9 -0.168951
3 -0.132625
3.1 -0.14171
3.2 -0.147426
3.3 -0.141625
3.4 -0.139136
3.5 -0.0421975
3.6 -0.0259211
3.7 -0.0122468
3.8 -0.00625699
3.9 0
