0 36.9409
0.1 36.1722
0.2 34.0446
0.3 34.9289
0.4 35.3598
0.5 37.4741
0.6 34.6315
0.7 31.46
0.8 24.6315
0.9 17.2885
1 10.9594
1.1 5.91113
1.2 2.34152
1.3 0.0766032
1.4 -0.860254
1.5 -0.864387
1.6 -0.564419
1.7 -0.844471
1.8 -0.923266
1.9 -0.912078
2 -0.906962
2.1 -0.846138
2.2 -0.728621
2.3 -0.747859
2.4 -0.819081
2.5 -0.863551
2.6 -0.807328
2.7 -0.694401
2.8 -0.603274
2.9 -0.497208
3 -0.346073
3.1 -0.260333
3.2 -0.229505
3.3 -0.205891
3.4 -0.182683
3.5 -0.0743186
3.6 -0.0499548
3.7 -0.0321601
3.8 -0.0167657
3.9 0
