0 40.2275
0.1 40.482
0.2 41.0205
0.3 40.6953
0.4 38.7478
0.5 37.9573
0.6 37.1095
0.7 33.7886
0.8 25.3458
0.9 17.6887
1 11.1705
1.1 6.0058
1.2 2.35013
1.3 -0.0136187
1.4 -0.988343
1.5 -0.701935
1.6 0.0224312
1.7 -0.220963
1.8 -0.714198
1.9 -1.03804
2 -1.02112
2.1 -0.757566
2.2 -0.456377
2.3 -0.0328194
2.4 0.411098
2.5 0.672239
2.6 0.756872
2.7 0.673826
2.8 0.453785
2.9 0.0908271
3 0.0354733
3.1 -0.0214244
3.2 -0.099901
3.3 -0.125611
3.4 -0.104057
3.5 -0.019003
3.6 -0.00643111
3.7 -0.00762739
3.8 -0.00416795
3.9 0
