0 20.5855
0.1 19.3826
0.2 16.3361
0.3 16.6028
0.4 17.1089
0.5 16.7498
0.6 14.36
0.7 12.1218
0.8 3.81012
0.9 -3.61581
1 -9.68723
1.1 -14.5855
1.2 -18.1014
1.3 -20.4276
1.4 -21.6442
1.5 -21.7233
1.6 -20.5062
1.7 -18.3557
1.8 -15.538
1.9 -12.5194
2 -10.5788
2.1 -9.72987
2.2 -9.04408
2.3 -8.26938
2.4 -7.51569
2.5 -6.79548
2.6 -5.90321
2.7 -4.87369
2.8 -3.79374
2.9 -2.80223
3 -1.78095
3.1 -0.834286
3.2 -0.350669
3.3 -0.229921
3.4 -0.156217
3.5 -0.0336445
3.6 -0.00888664
3.7 -0.00109615
3.8 -0.00123876
3.9 0
