0 14.4749
0.1 15.534
0.2 12.956
0.3 10.4532
0.4 8.60127
0.5 7.62125
0.6 7.02812
0.7 6.17289
0.8 2.99134
0.9 -4.22196
1 -10.2707
1.1 -15.2044
1.2 -18.8297
1.3 -21.3202
1.4 -22.5707
1.5 -22.6301
1.6 -21.4559
1.7 -19.3089
1.8 -16.4537
1.9 -13.348
2 -10.4204
2.1 -8.95465
2.2 -8.18614
2.3 -7.62594
2.4 -7.09635
2.5 -6.23403
2.6 -5.38139
2.7 -4.46161
2.8 -3.57602
2.9 -2.59919
3 -1.60392
3.1 -0.766063
3.2 -0.37224
3.3 -0.259937
3.4 -0.197778
3.5 -0.0751629
3.6 -0.0381074
3.7 -0.0169227
3.8 -0.0053986
3.9 0
