0 30.6418
0.1 27.3204
0.2 29.9757
0.3 27.9405
0.4 27.7688
0.5 31.1056
0.6 28.4311
0.7 24.1087
0.8 19.8261
0.9 9.15109
1 -0.318918
1.1 -8.06879
1.2 -14.0135
1.3 -18.4952
1.4 -21.5023
1.5 -22.9618
1.6 -22.6111
1.7 -20.806
1.8 -18.1555
1.9 -15.111
2 -12.1836
2.1 -10.3436
2.2 -9.1679
2.3 -8.31009
2.4 -7.57631
2.5 -6.88562
2.6 -6.15666
2.7 -5.32667
2.8 -4.44244
2.9 -3.44105
3 -2.42987
3.1 -1.5097
3.2 -0.766425
3.3 -0.362264
3.4 -0.221956
3.5 -0.0784282
3.6 -0.0415619
3.7 -0.0184827
3.8 -0.00747707
3.9 0
