0 37.9925
0.1 37.4435
0.2 37.7402
0.3 36.3155
0.4 32.1672
0.5 36.236
0.6 34.0547
0.7 29.8433
0.8 22.2208
0.9 15.3365
1 9.45921
1.1 4.87346
1.2 1.69847
1.3 -0.211361
1.4 -0.764384
1.5 -0.166634
1.6 0.709368
1.7 0.365642
1.8 -0.253404
1.9 -0.623281
2 -0.793912
2.1 -0.707357
2.2 -0.507009
2.3 -0.37831
2.4 -0.27031
2.5 -0.165741
2.6 -0.0764244
2.7 -0.0340254
2.8 -0.0207876
2.9 -0.0994172
3 -0.116072
3.1 -0.123832
3.2 -0.149821
3.3 -0.150197
3.4 -0.135919
3.5 -0.0396114
3.6 -0.0204116
3.7 -0.0142332
3.8 -0.00556974
3.9 0
