0 37.6635
0.1 37.6745
0.2 37.6171
0.3 37.1257
0.4 37.0236
0.5 37.3526
0.6 33.5232
0.7 30.8512
0.8 24.5149
0.9 16.5196
1 9.68756
1.1 4.20322
1.2 0.222323
1.3 -2.41473
1.4 -3.62952
1.5 -3.55048
1.6 -2.93654
1.7 -2.99165
1.8 -3.33729
1.9 -3.62895
2 -3.55054
2.1 -3.27111
2.2 -2.84407
2.3 -2.33454
2.4 -1.83954
2.5 -1.4543
2.6 -1.19419
2.7 -0.991509
2.8 -0.684422
2.9 -0.480086
3 -0.326366
3.1 -0.25474
3.2 -0.243142
3.3 -0.215784
3.4 -0.162326
3.5 -0.0693742
3.6 -0.0349489
3.7 -0.0195495
3.8 -0.00912644
3.9 0
