0 36.3474
0.1 35.6583
0.2 35.0645
0.3 31.4259
0.4 30.6924
0.5 33.3216
0.6 31.854
0.7 29.8227
0.8 22.4182
0.9 15.4962
1 9.74409
1.1 5.23285
1.2 2.04133
1.3 0.130695
1.4 -0.470507
1.5 -0.197543
1.6 -0.160548
1.7 -0.233229
1.8 -0.332999
1.9 -0.541514
2 -0.620753
2.1 -0.437734
2.2 -0.203722
2.3 -0.0585823
2.4 -0.110055
2.5 -0.161076
2.6 -0.194379
2.7 -0.162013
2.8 -0.163596
2.9 -0.21742
3 -0.2329
3.1 -0.235192
3.2 -0.220652
3.3 -0.192551
3.4 -0.173146
3.5 -0.0768531
3.6 -0.0536743
3.7 -0.0274527
3.8 -0.0128934
3.9 0
