0 39.349
0.1 38.0497
0.2 34.3777
0.3 36.3787
0.4 37.8373
0.5 37.6076
0.6 36.0245
0.7 33.5814
0.8 26.2133
0.9 18.8923
1 12.5404
1.1 7.47136
1.2 3.71923
1.3 1.16078
1.4 0.131274
1.5 0.109327
1.6 0.660397
1.7 0.185318
1.8 -0.299307
1.9 -0.331131
2 -0.109312
2.1 0.142679
2.2 0.0470874
2.3 -0.201736
2.4 -0.339624
2.5 -0.353637
2.6 -0.314498
2.7 -0.217806
2.8 -0.158977
2.9 -0.178081
3 -0.160387
3.1 -0.172676
3.2 -0.196003
3.3 -0.180728
3.4 -0.168483
3.5 -0.0790919
3.6 -0.0506242
3.7 -0.0274925
3.8 -0.01299
3.9 0
