0 37.3861
0.1 37.6595
0.2 36.593
0.3 36.4751
0.4 38.5059
0.5 37.351
0.6 35.4471
0.7 33.7937
0.8 29.2398
0.9 21.8215
1 15.2283
1.1 9.90133
1.2 5.86599
1.3 3.05397
1.4 1.32885
1.5 0.242018
1.6 -0.275652
1.7 -0.309284
1.8 0.136339
1.9 0.665562
2 0.650801
2.1 0.448726
2.2 0.386471
2.3 0.342166
2.4 0.224184
2.5 -0.0333882
2.6 -0.242111
2.7 -0.280764
2.8 -0.295885
2.9 -0.326349
3 -0.279524
3.1 -0.241794
3.2 -0.210696
3.3 -0.197445
3.4 -0.182636
3.5 -0.0755282
3.6 -0.0426251
3.7 -0.0281762
3.8 -0.0103998
3.9 0
