0 39.2958
0.1 37.7267
0.2 37.3317
0.3 37.0783
0.4 36.9995
0.5 35.6014
0.6 34.4058
0.7 32.968
0.8 25.4067
0.9 17.7293
1 11.3707
1.1 6.31077
1.2 2.57581
1.3 0.11671
1.4 -0.878833
1.5 -0.579622
1.6 -0.165381
1.7 -0.772082
1.8 -1.08153
1.9 -1.0723
2 -0.72123
2.1 -0.183113
2.2 0.396525
2.3 0.754714
2.4 0.920706
2.5 1.02239
2.6 1.04534
2.7 0.902172
2.8 0.60227
2.9 0.213589
3 0.101114
3.1 -0.0145155
3.2 -0.110701
3.3 -0.165583
3.4 -0.118908
3.5 -0.0235507
3.6 -0.00719715
3.7 -0.00694385
3.8 -0.00227321
3.9 0
