0 42.0154
0.1 39.8591
0.2 41.4595
0.3 39.2116
0.4 38.3498
0.5 39.3905
0.6 35.102
0.7 32.1356
0.8 26.8008
0.9 19.4262
1 12.8973
1.1 7.66557
1.2 3.83786
1.3 1.25846
1.4 0.0121498
1.5 -0.12894
1.6 0.258789
1.7 0.325913
1.8 0.384221
1.9 0.315018
2 0.184973
2.1 0.0324987
2.2 -0.0673456
2.3 -0.132897
2.4 -0.129369
2.5 -0.0257857
2.6 0.0988171
2.7 0.165391
2.8 0.147985
2.9 -0.0222053
3 -0.0516841
3.1 -0.0619323
3.2 -0.090941
3.3 -0.101969
3.4 -0.114999
3.5 -0.0214909
3.6 -0.0103606
3.7 -0.0081681
3.8 -0.00462437
3.9 0
