0 -29.8918
0.1 -29.9125
0.2 -29.8837
0.3 -29.8257
0.4 -29.6036
0.5 -29.3076
0.6 -29.3229
0.7 -33.6371
0.8 -38.7245
0.9 -43.0203
1 -46.1796
1.1 -48.094
1.2 -48.8597
1.3 -48.4652
1.4 -46.9015
1.5 -44.1512
1.6 -40.4002
1.7 -35.7278
1.8 -30.3892
1.9 -25.3291
2 -22.6949
2.1 -20.813
2.2 -19.0986
2.3 -17.4723
2.4 -15.7959
2.5 -14.0917
2.6 -12.3484
2.7 -10.5311
2.8 -8.76566
2.9 -7.08239
3 -5.40253
3.1 -3.93782
3.2 -2.64834
3.3 -1.56541
3.4 -0.85749
3.5 -0.410429
3.6 -0.232281
3.7 -0.126824
3.8 -0.0534859
3.9 0
