0 -26.8198
0.1 -26.7663
0.2 -26.492
0.3 -26.0661
0.4 -25.4053
0.5 -24.5845
0.6 -23.8672
0.7 -28.3321
0.8 -32.8829
0.9 -36.5984
1 -39.5067
1.1 -41.574
1.2 -42.7529
1.3 -42.9755
1.4 -42.4188
1.5 -40.8831
1.6 -38.6619
1.7 -35.5749
1.8 -31.7924
1.9 -27.1754
2 -22.1683
2.1 -19.1976
2.2 -17.5674
2.3 -16.1601
2.4 -14.7421
2.5 -13.2832
2.6 -11.7961
2.7 -10.2625
2.8 -8.73524
2.9 -7.22177
3 -5.75943
3.1 -4.35592
3.2 -3.0647
3.3 -1.9331
3.4 -0.979611
3.5 -0.358545
3.6 -0.093396
3.7 -0.0201862
3.8 -0.00291609
3.9 0
