0 -24.3576
0.1 -24.4315
0.2 -24.5137
0.3 -24.6284
0.4 -24.6775
0.5 -24.6854
0.6 -24.8277
0.7 -28.5682
0.8 -33.0446
0.9 -36.7279
1 -39.5873
1.1 -41.6282
1.2 -42.7845
1.3 -42.9954
1.4 -42.4252
1.5 -40.8876
1.6 -38.6718
1.7 -35.5831
1.8 -31.8077
1.9 -27.194
2 -22.2335
2.1 -19.4355
2.2 -17.8094
2.3 -16.3504
2.4 -14.8511
2.5 -13.3097
2.6 -11.7893
2.7 -10.2225
2.8 -8.658
2.9 -7.12405
3 -5.65068
3.1 -4.24332
3.2 -2.95446
3.3 -1.86619
3.4 -0.949075
3.5 -0.342459
3.6 -0.088036
3.7 -0.0192315
3.8 -0.00279256
3.9 0
