0 -32.1171
0.1 -32.0323
0.2 -31.6801
0.3 -31.0723
0.4 -30.1985
0.5 -29.0985
0.6 -28.4412
0.7 -33.3988
0.8 -38.5678
0.9 -42.9104
1 -46.0996
1.1 -48.0322
1.2 -48.8146
1.3 -48.4363
1.4 -46.8816
1.5 -44.141
1.6 -40.399
1.7 -35.7314
1.8 -30.3962
1.9 -25.2625
2 -22.4582
2.1 -20.4727
2.2 -18.7517
2.3 -17.1613
2.4 -15.5367
2.5 -13.9266
2.6 -12.2842
2.7 -10.5557
2.8 -8.86636
2.9 -7.23682
3 -5.603
3.1 -4.12293
3.2 -2.82844
3.3 -1.73642
3.4 -0.979639
3.5 -0.472649
3.6 -0.258942
3.7 -0.136297
3.8 -0.0551492
3.9 0
