40 1 2 3 4 5 6 7 8 9 10 11 12 13 14 15 16 17 18 19 20 21 22 23 24 25 26 27 28 29 30 31 32 33 34 35 36 37 38 39 40
00 -5.01324 -5.08817 -4.28096 2.56254 6.86856 11.9344 16.8122 21.8153 27.8547 34.2118 38.3678 38.2752 32.4064 23.8941 15.1011 10.0116 11.7986 18.177 33.4584 55.2462 85.0534 121.638 165.709 215.935 273.814 334.104 392.817 449.985 421.678 319.738 229.179 127.296 38.6724 0 0 0 0 0 0 0 
200 -3.70013 -5.19339 -4.32393 2.25241 6.3306 11.9491 18.2332 24.1764 29.1886 34.102 36.6829 36.8477 30.939 21.0537 11.9799 7.70328 8.36088 16.2261 29.7457 52.8016 82.3463 119.788 164.155 215.516 272.756 333.1 389.46 444.497 349.527 382.906 296.338 201.694 54.0235 0 0 0 0 0 0 0 
400 -4.81061 -5.25826 -4.35321 2.32172 6.117 11.5299 18.5001 26.0037 31.7494 35.6374 36.8545 36.0265 28.8982 18.2685 9.39463 5.04398 5.91165 13.6766 27.4771 50.0768 80.4458 118.268 163.186 214.823 271.81 331.12 386.026 438.556 365.53 349.161 339.706 248.556 34.9524 0 0 0 0 0 0 0 
600 -4.04596 -4.48473 -4.9003 1.90071 5.35575 10.4724 17.4574 26.1516 33.0739 37.4696 37.6781 34.4096 25.8754 14.9218 5.98993 1.76686 3.58871 10.407 25.381 46.6255 77.9959 116.523 161.475 213.108 270.491 328.531 381.609 432.002 409.461 303.898 308.719 261.433 54.2656 0 0 0 0 0 0 0 
800 -3.96685 -4.53635 -4.71 1.41347 5.01708 10.067 17.1888 26.0907 33.9351 39.2444 39.3818 34.0074 23.8742 13.1333 4.40622 0.30031 1.83787 9.30685 23.6085 45.6706 76.4195 115.374 160.277 212.088 269.097 326.526 377.917 427.338 381.482 280.107 217.425 279.403 75.0516 0 0 0 0 0 0 0 
1000 -3.60306 -3.34226 -4.74286 1.33302 5.03632 10.1023 17.5273 26.6576 34.5581 39.8159 39.0833 32.6231 22.3606 11.7617 3.33807 -0.711999 0.713725 8.28023 22.3643 44.7552 75.4449 113.707 158.361 209.658 266.406 323.408 374.725 424.133 402.944 353.455 257.157 207.878 166.777 0 0 0 0 0 0 0 
1200 -4.99082 -5.21563 -4.26332 1.09824 5.10799 10.4918 18.1392 27.71 35.1058 39.1868 36.9213 30.299 21.3868 11.725 3.61671 -0.856547 0.748965 7.93681 22.0962 44.4539 74.9691 112.044 156.101 207.149 262.974 320.415 372.906 424.24 380.723 343.644 279.757 234.564 190.643 0 0 0 0 0 0 0 
1400 -4.28078 -4.55913 -5.29415 1.36817 5.55917 11.3166 19.3248 28.6456 35.1619 37.1736 34.4924 28.3649 21.3161 12.7043 4.87551 0.136922 1.8779 8.35268 23.5058 44.4042 75.1681 111.178 154.313 204.353 260.303 317.791 372.811 426.728 409.595 349.08 305.972 258.649 79.2699 0 0 0 0 0 0 0 
1600 -5.11271 -5.14473 -4.70468 0.877173 5.87127 12.0174 20.3754 28.4184 33.3318 35.1634 31.9686 27.5034 21.7822 14.6172 6.23798 2.15531 2.8399 10.2255 24.056 46.1316 75.223 110.629 153.134 202.529 257.749 316.741 374.318 431.089 382.737 324.765 356.709 210.224 30.4918 0 0 0 0 0 0 0 
1800 -5.01323 -3.92602 -4.36888 1.42327 6.91824 13.2657 20.6615 27.6684 31.4867 33.2646 31.9176 29.3703 23.83 17.1699 8.94588 4.54854 5.16339 12.8162 26.7988 48.2359 76.6095 111.663 153.547 201.824 256.959 316.489 377.256 437.553 458.013 401.098 313.417 211.109 78.7334 0 0 0 0 0 0 0 
2000 -3.70015 -3.44982 -4.51733 1.14635 7.28785 12.9361 18.9658 25.3527 29.9365 32.2429 33.629 31.6487 26.5243 19.6308 12.0965 6.78414 8.59818 15.4407 30.446 50.575 78.5124 113.688 155.197 202.718 257.917 317.555 381.159 444.352 451.206 338.945 243.293 137.967 140.424 0 0 0 0 0 0 0 
2200 -4.81058 -4.3156 -2.61484 1.4674 7.13083 11.1245 16.3532 24.3061 29.2036 33.5374 35.8054 34.8425 29.0827 22.5377 14.6419 10.2442 10.5043 19.6233 33.1454 53.6123 81.3633 116.926 157.517 205.529 259.661 319.715 384.424 450.814 479.083 292.704 195.53 161.407 118.043 0 0 0 0 0 0 0 
2400 -4.04597 -3.56092 -3.62098 2.19827 6.12529 9.158 14.3207 23.1327 30.0496 35.8782 38.2529 36.8923 31.7344 25.1524 17.3218 12.3917 13.5199 22.126 35.8144 56.4412 84.5239 120.048 160.956 208.884 263.153 322.648 387.257 455.055 464.999 279.847 219.536 202.579 68.8267 0 0 0 0 0 0 0 
2600 -3.96685 -4.41349 -4.42083 1.69069 4.83052 7.16939 12.9338 22.2158 31.4209 37.4039 39.5229 38.1857 33.7556 27.0558 19.592 14.3076 15.8859 23.6418 38.1001 58.5983 87.5999 122.369 164.011 212.23 266.854 325.904 390.022 457.236 442.122 255.034 312.201 230.05 92.492 0 0 0 0 0 0 0 
2800 -3.60307 -4.17475 -4.96015 2.17921 4.41128 6.68435 12.3177 21.721 31.4577 38.6214 40.7394 39.238 35.1457 28.1617 20.897 14.9577 17.5011 24.484 39.0609 60.7084 89.4129 124.398 166.443 215.23 269.972 329.792 392.301 458.905 347.224 326.312 273.569 156.489 69.2371 0 0 0 0 0 0 0 
3000 -4.99084 -3.38471 -4.56523 2.03195 4.62703 6.91734 12.2094 20.8914 30.8254 38.4424 41.5364 40.2648 35.505 28.4625 20.7755 15.4219 17.2835 24.7246 39.2841 61.0785 90.0729 125.138 167.761 216.901 272.67 332.606 394.788 458.794 323.743 302.463 254.657 166.427 92.6626 0 0 0 0 0 0 0 
3200 -4.2808 -3.18922 -4.19287 2.44265 5.75687 8.41286 12.7914 20.3105 28.936 37.6024 41.5131 40.0185 34.6855 27.6735 19.3027 14.5332 15.8041 23.6909 37.91 59.785 89.1237 124.733 167.505 217.351 273.846 334.178 395.45 457.716 434.754 281.776 226.892 164.843 69.4366 0 0 0 0 0 0 0 
3400 -5.11269 -4.754 -4.7694 2.63678 7.00819 10.6058 14.4661 20.7074 27.9041 35.9891 40.1829 39.8214 33.5484 26.2739 17.1359 13.0879 13.536 21.6467 36.0571 57.5705 87.1395 123.725 166.34 216.907 274.086 334.533 394.968 454.168 482.448 328.103 181.974 194.292 104.101 0 0 0 0 0 0 0 
020 2.29256 0.756107 3.87774 8.24325 11.3301 15.2998 19.19 22.0224 24.5772 26.5209 28.5521 30.0265 28.6598 28.267 29.05 31.0778 36.0783 47.9822 65.3731 88.3997 118.341 155.309 197.042 242.176 292.526 321.871 273.804 239.237 254.339 182.89 182.879 180.902 131.619 121.36 110.335 63.2071 69.1109 0 0 0 
2020 1.09543 1.30678 0.94614 6.99637 12.8765 16.3329 20.5205 24.0343 26.3654 26.8876 27.0751 26.9925 26.3252 25.2527 25.4293 26.3234 32.3274 42.7699 60.1247 83.5517 113.191 149.978 191.91 238.5 289.201 317.14 344.799 237.785 229.138 256.241 159.99 178.996 114.206 98.4152 109.898 66.368 72.439 0 0 0 
4020 -1.78408 -2.26072 0.127656 5.21619 9.37715 14.385 21.6658 25.0633 28.0586 29.6163 28.0685 26.4873 24.5436 20.9828 17.9582 18.3819 23.3979 32.5044 48.0049 71.8205 101.578 138.348 182.306 230.459 282.784 311.712 361.526 336.593 210.625 243.208 189.276 201.779 149.287 106.004 117.726 0 0 0 0 0 
6020 -4.41473 -2.30793 0.0322989 0.98038 6.90345 13.1615 20.354 25.8519 30.4297 32.9779 32.5986 29.6646 24.6819 16.6961 10.9191 9.29451 11.7841 20.3559 34.9596 57.5738 87.7366 125.761 171.429 221.684 274.642 329.22 358.72 409.354 308.265 298.144 249.016 167.553 162.443 120.881 72.2985 0 0 0 0 0 
8020 -4.63884 -5.13097 -2.7615 1.10641 5.30465 10.6008 17.6109 25.966 33.0451 36.8794 37.2135 33.3819 24.6442 13.0253 5.0678 1.39732 3.27611 10.0928 25.5916 46.9053 78.1054 116.822 161.858 213.63 269.968 326.079 378.086 427.718 404.991 300.771 328.642 184.307 121.046 73.0476 0 0 0 0 0 0 
10020 -4.11764 -2.87798 -3.47303 0.928809 5.35364 10.3407 17.6646 27.2368 36.258 41.641 39.4098 32.4699 21.52 11.7985 3.61922 -0.407204 1.16091 8.93943 22.6131 45.5316 75.3621 114.25 158.387 209.551 265.729 322.674 374.955 424.056 424.872 299.381 231.361 280.21 115.709 0 0 0 0 0 0 0 
12020 -2.87429 -4.78175 -0.344225 2.88503 5.9739 13.2125 21.0276 30.7994 38.2433 38.9326 36.1392 29.3328 20.4383 12.4339 5.95972 4.28903 5.88137 14.579 28.8424 51.4302 80.0884 117.721 160.877 210.344 263.669 317.852 372.132 320.093 340.023 329.915 287.919 292.683 105.861 91.6304 0 0 0 0 0 0 
14020 -1.10562 -1.12477 0.796947 4.4812 10.598 16.5395 25.7071 31.7185 36.0051 35.8817 31.8003 25.9332 19.8584 15.184 11.662 11.4947 15.9945 25.3764 39.0132 61.5861 89.1159 125.79 167.392 214.706 264.11 240.443 265.317 287.162 350.247 285.835 293.778 250.419 193.414 85.7596 93.0665 0 0 0 0 0 
16020 0.09324 1.49809 3.14687 8.62314 13.4755 20.3578 27.0824 32.3412 35.2536 32.0995 27.9104 24.6409 20.7146 17.6697 17.1201 20.0879 26.0456 35.1842 49.9771 71.3531 98.4583 133.462 174.293 219.711 190.964 236.258 280.165 228.378 268.176 300.029 235.066 242.331 192.067 176.944 114.397 23.2735 0 0 0 0 
18020 2.29254 0.299356 5.0367 10.9814 15.5075 20.5624 28.2952 32.9134 32.8716 28.4283 26.1327 23.6947 21.8229 20.3188 21.4507 25.222 31.8419 40.8791 56.1132 75.8128 103.489 137.195 177.08 222.65 193.126 237.704 229.361 248.668 267.83 246.722 256.878 266.113 182.36 175.01 115.612 23.0829 0 0 0 0 
20020 1.09543 0.617779 3.96202 10.0223 15.3832 23.7212 28.5509 31.1469 29.4303 27.6349 25.8383 24.3058 23.0047 22.6596 23.8147 27.4442 31.7374 41.8835 54.5328 75.6539 102.492 136.114 175.732 221.894 196.617 244.726 233.507 278.427 296.855 255.004 291.121 198.26 210.433 180.87 44.5762 22.6136 0 0 0 0 
22020 -1.78407 0.387704 1.12044 5.22318 14.5761 21.9537 26.0872 27.2398 27.6903 28.2602 28.6875 26.5298 25.2243 24.3576 24.0181 24.0943 27.8825 35.827 49.7663 70.1031 97.0137 130.872 171.055 216.697 269.031 326.323 246.304 293.356 287.23 259.268 286.191 226.216 246.475 91.4932 21.7704 22.9934 0 0 0 0 
24020 -4.41471 -2.5631 -0.301719 3.26411 10.6975 15.5319 21.4017 25.4515 28.6594 31.9194 33.398 32.5636 29.3165 25.5676 21.4081 19.6988 21.3863 29.7446 43.4156 63.8735 91.5681 125.755 166.072 213.353 266.119 324.424 312.55 316.687 312.184 329.494 255.729 193.016 159.014 21.6785 22.926 0 0 0 0 0 
26020 -4.63887 -2.80814 -3.48182 2.01846 5.94911 8.89974 14.6513 23.3878 30.743 35.9145 38.7743 37.2886 33.0711 26.5729 20.241 15.1334 16.7038 24.9199 39.0448 59.7339 87.8799 123.214 164.242 212.175 266.37 325.354 389.618 382.257 384.816 353.32 196.495 203.762 68.0063 0 0 0 0 0 0 0 
28020 -4.11765 -4.27152 -2.62625 0.870397 3.40165 5.63504 11.3821 20.4608 31.0063 39.0484 41.4129 39.6515 35.3298 28.118 21.2516 15.7652 17.9715 25.3484 39.6426 61.7051 90.3325 125.586 167.942 217.063 271.488 330.948 393.23 459.723 398.029 250.392 294.363 204.257 45.6728 0 0 0 0 0 0 0 
30020 -2.87428 -4.03887 0.32229 2.01498 2.29464 6.63851 12.1712 20.4012 29.2011 36.4264 41.2443 40.7326 35.2854 28.3641 23.153 20.8654 23.7591 31.5008 46.9504 68.6659 97.1889 133.771 176.876 226.065 279.277 337.761 399.461 359.028 386.254 220.038 215.462 148.571 107.191 91.8973 0 0 0 0 0 0 
32020 -1.10559 -1.93671 2.64843 4.17725 6.03777 8.61417 14.4933 20.9924 27.6048 33.507 36.6328 36.6575 35.6672 30.7391 26.8575 26.4382 31.2725 40.8534 56.3563 79.2157 108.225 144.182 187.754 235.877 288.141 344.518 301.543 352.795 275.745 227.002 177.449 168.864 77.5628 104.432 88.2075 71.1144 0 0 0 0 
34020 0.0932095 0.585818 4.52663 6.51562 8.69325 12.8126 17.1517 21.2565 25.3005 29.1268 32.7916 32.9342 32.0934 30.3504 30.3119 30.0416 36.1415 46.8549 63.7621 86.4478 116.602 152.502 195.472 242.068 292.23 323.504 275.699 247.9 254.652 211.96 214.666 131.739 138.405 152.042 63.0343 64.7911 70.7709 0 0 0 
040 21.6259 22.3541 23.012 22.3208 20.4787 18.1345 18.071 19.3331 23.0625 26.9481 31.3673 35.5327 41.7116 49.132 60.5775 74.2721 91.9404 110.181 132.501 158.37 186.06 216.341 146.831 152.51 158.847 117.013 147.504 75.4441 74.6017 113.623 113.467 152.964 152.503 193.315 111.259 123.286 111.906 119.422 131.038 63.6791 
2040 18.124 17.5107 19.4127 20.7362 21.9334 19.908 18.9437 19.7302 21.8735 24.0707 26.7676 31.0732 37.4338 43.3781 53.2318 66.6786 82.057 99.7056 119.859 146.083 174.776 206.383 215.719 173.146 156.217 115.318 122.322 78.5089 104.86 81.4784 120.01 158.52 157.387 172.939 114.841 103.586 91.387 121.761 133.444 68.2619 
4040 7.74887 8.96482 10.0778 13.6766 17.6001 22.2086 21.8248 22.0981 20.9069 23.6174 23.5417 24.6394 27.7567 31.6841 38.0878 47.376 57.2318 71.2605 92.6436 118.149 147.165 180.224 216.995 231.802 248.082 213.596 129.097 162.894 99.0341 126.314 142.304 156.491 151.486 188.096 84.0437 94.9825 125.488 137.27 0 0 
6040 -0.56009 0.65402 2.57466 4.78697 10.7027 16.2124 22.0891 25.2893 27.3887 27.9839 26.4642 24.164 22.6854 20.3065 19.9682 22.0277 28.0664 40.0924 55.8985 80.2744 109.905 146.249 187.797 233.411 280.515 305.603 330.64 282.135 197.638 229.93 173.913 162.311 156.615 169.998 109.664 140.731 72.8772 0 0 0 
8040 -4.68985 -3.9501 -2.04548 1.73837 5.85073 11.6539 18.5406 26.0691 32.1791 34.7911 35.3817 32.6307 24.1525 13.8652 6.2476 3.71635 5.71435 13.0981 28.9855 50.1654 81.1354 119.59 165.002 216.242 271.016 324.888 377.608 404.543 380.855 299.606 327.5 176.796 95.8176 69.0346 0 0 0 0 0 0 
10040 -4.7509 -4.24569 -1.91089 -0.0750201 5.33516 10.8103 18.0788 27.9404 37.0851 42.2973 38.8702 31.7033 21.2884 11.241 4.11314 0.836797 2.72317 10.6165 24.4307 47.7058 76.8841 115.63 159.877 210.638 265.783 321.59 373.515 399.85 324.882 294.02 320.349 203.294 110.07 71.8725 0 0 0 0 0 0 
12040 -0.506058 1.77591 1.31783 5.44563 12.5039 18.3946 24.843 31.9854 36.3134 38.0958 34.1507 27.3967 20.5361 16.3916 14.0236 14.618 20.7869 32.0921 47.3491 69.8908 99.6833 135.212 177.021 222.115 271.302 218.199 259.904 279.268 293.931 233.039 260.841 233.351 203.082 99.5471 83.9971 90.9405 73.8089 0 0 0 
14040 9.45437 10.5822 13.3968 16.4646 20.2469 25.6657 28.6511 31.4494 34.4929 36.5273 33.2405 27.4768 24.6495 24.6086 29.0766 37.0148 47.5345 61.3066 80.9932 104.451 132.99 165.691 126.434 161.118 172.15 208.911 165.239 174.182 184.956 144.689 186.443 217.839 240.886 269.016 116.084 100.837 84.5911 67.897 0 0 
16040 17.5153 18.9494 21.1627 24.1726 25.7646 27.7271 30.4672 32.5081 36.7617 36.0662 34.212 31.8587 31.5033 34.3724 41.3426 53.0346 67.8225 86.4918 107.838 132.218 85.4956 110.007 139.096 169.147 117.864 144.963 150.122 157.455 90.4906 137.458 183.166 189.808 237.71 245.417 173.773 114.466 99.8867 107.994 67.9121 0 
18040 21.6259 22.2397 25.3071 26.5824 27.4639 29.625 33.0434 35.371 36.9441 35.4405 34.2632 33.6686 35.0145 39.0442 47.5635 60.7829 76.8872 96.596 118.643 145.095 94.3223 119.852 71.9732 95.2098 116.228 119.274 147.394 79.26 125.32 129.555 175.405 183.471 231.09 236.936 165.778 184.307 121.511 107.159 91.4398 0 
20040 18.124 19.6703 22.7991 25.9623 26.7161 30.0607 34.4946 35.2579 33.9897 32.506 31.295 30.1814 31.7841 36.996 45.6146 57.6455 74.0488 91.155 113.645 136.675 165.686 117.58 69.6794 94.7042 141.562 147.327 154.776 108.863 133.446 140.589 187.221 236.98 220.658 248.284 197.073 191.5 129.053 90.8833 22.74 0 
22040 7.7489 11.5063 15.0277 22.5486 25.0789 28.5631 31.7008 32.6705 29.2491 28.7111 26.9657 25.7644 26.0348 30.6997 38.0405 48.4964 59.7827 74.5458 90.3404 113.014 139.966 172.537 211.041 95.6977 127.91 181.304 218.445 130.79 182.677 193.437 221.262 245.132 274.878 199.602 219.273 112.179 44.4503 22.56 0 0 
24040 -0.560075 2.26342 5.70371 9.40953 17.3886 25.1978 27.5224 27.3735 28.0331 28.1289 27.4184 25.9999 25.8963 26.7017 29.7335 32.6341 38.5348 46.8809 61.9776 81.7981 109.28 143.279 183.421 229.107 205.14 179.785 243.996 213.909 249.471 265.181 268.758 216.918 238.771 136.075 43.7181 22.3349 0 0 0 0 
26040 -4.6899 -3.66418 -0.819958 1.90775 7.21398 11.0391 16.8173 25.3769 30.2861 34.5437 37.0028 36.1704 32.2836 26.8306 21.5262 18.2484 18.7647 28.0354 41.4405 62.2624 90.3288 125.371 166.282 214.081 267.698 326.456 390.381 377.758 397.083 342.286 193.752 201.452 89.5586 22.8531 0 0 0 0 0 0 
28040 -4.75099 -2.14661 -3.66626 1.27239 3.08721 5.90807 11.8571 20.5804 31.0343 38.4497 41.5896 39.967 34.9029 28.4739 22.4316 17.9335 20.0265 27.4746 42.2699 64.1024 92.7022 128.52 171.074 219.987 274.415 332.7 395.109 384.173 391.367 320.566 196.439 199.596 140.63 23.0541 0 0 0 0 0 0 
30040 -0.506092 2.87201 2.46007 3.19324 7.25594 8.87618 14.0099 21.4632 28.4494 34.0068 34.3772 35.4428 34.5147 33.0567 30.7915 32.8591 38.6134 49.2698 64.3042 88.047 117.075 153.792 196.212 242.572 219.75 244.529 292.503 317.139 237.565 211.863 186.189 198.394 119.83 102.007 85.7265 92.7945 0 0 0 0 
32040 9.45433 8.97386 12.8384 13.5415 11.0509 14.0336 17.6041 21.6999 25.185 28.9996 32.2073 33.1932 35.0916 40.281 46.0587 54.337 63.6788 77.6701 97.172 122.891 153.652 188.742 226.492 188.208 201.939 218.622 237.715 98.684 126.765 146.707 174.591 212.777 157.758 151.05 142.946 75.313 82.1428 65.0927 71.0908 0 
34040 17.5153 18.8119 19.3012 19.6212 18.496 17.5347 17.3613 19.7884 24.3999 28.3709 31.4055 36.4373 39.2922 46.9109 56.3912 70.2222 84.7598 101.611 124.005 150.38 179.473 211.626 165.649 149.328 182.509 194.176 154.282 81.8915 81.2193 122.159 124.106 164.372 207.554 128.518 120.221 109.873 121.934 55.0859 60.721 66.5692 
060 41.7448 40.1691 35.8822 30.2662 25.3839 24.8578 25.8068 29.2536 32.6465 40.3079 48.9949 57.9873 70.167 83.0558 98.5214 120.188 143.147 167.311 112.983 128.452 99.9233 96.2888 118.346 141.009 91.9047 12.0425 29.936 21.441 37.0099 54.8303 83.1656 104.497 124.644 165.327 164.227 161.903 102.736 114.372 127.074 111.189 
2060 37.9229 36.3311 33.341 28.7186 26.5568 23.2052 23.3017 24.4741 27.9801 35.2639 41.5781 49.4555 61.2948 73.3803 89.3466 106.352 129.022 152.749 173.423 196.004 93.1837 112.699 112.429 135.66 162.178 12.6131 29.985 49.5968 44.6629 40.2482 92.4312 112.302 132.601 150.257 147.944 167.686 108.103 120.264 104.249 115.258 
4060 22.4976 21.4781 19.629 21.9991 23.2093 21.0287 20.0488 20.1457 23.3516 26.0586 26.7342 33.7715 41.1264 50.4505 60.4696 75.5863 93.5165 112.862 133.837 156.743 183.841 191.05 121.562 147.762 153.173 160.235 40.2542 64.1853 67.4048 67.8534 103.866 140.394 139.376 135.734 172.776 190.295 105.924 113.028 124.385 136.136 
6060 3.90439 4.08915 7.31225 10.1268 14.0211 19.59 22.9695 23.8747 24.5033 25.1081 23.979 23.4636 24.5888 26.0727 30.4657 36.5373 45.179 59.3024 78.4832 103.858 132.658 165.785 202.714 243.533 239.294 282.879 228.108 169.647 106.575 132.909 174.153 140.569 158.436 171.585 189.611 124.605 136.423 70.3886 0 0 
8060 -5.13357 -1.47916 -2.07436 1.95306 6.2361 12.0832 19.2438 26.188 31.0929 33.1947 33.8044 31.3617 23.4599 14.2463 7.42722 5.31464 8.12657 16.075 32.0601 53.2331 84.1309 122.455 167.937 218.338 271.348 323.59 377.041 357.436 379.258 345.632 153.33 192.727 90.9326 66.0688 72.1163 0 0 0 0 0 
10060 -4.85978 -3.59673 -0.777982 1.02365 5.23896 11.5265 19.0722 28.7257 37.8096 42.2245 38.7281 31.4628 21.4372 11.2731 4.88777 2.77419 4.78445 13.1531 27.2209 50.5728 79.474 117.818 162.164 212.37 266.551 321.447 371.921 398.624 298.296 290.116 340.494 214.502 178.879 91.5345 0 0 0 0 0 0 
12060 5.76224 5.28278 8.62605 11.4255 14.7997 23.172 28.0354 31.34 34.0765 36.5913 34.6886 27.9658 22.9622 20.8862 22.206 27.9112 36.2707 49.1078 67.4959 91.0728 121.404 154.874 194.283 162.361 175.645 212.094 228.181 163.513 198.014 209.308 166.781 224.716 252.107 201.531 147.421 80.2592 63.6564 69.5757 0 0 
14060 23.3282 23.8649 25.4186 27.6489 29.2411 29.2307 29.3777 31.9778 37.0134 40.5872 40.6157 37.6695 37.7264 40.8337 48.996 61.3277 78.105 98.2621 121.632 146.751 97.1139 121.218 124.428 153.105 78.7049 121.434 123.942 127.085 78.8725 105.021 128.197 188.364 219.331 228.204 182.326 176.141 113.8 75.387 81.9784 64.4633 
16060 36.7458 37.609 38.6431 35.9937 32.4634 33.3947 36.1648 41.3571 45.2405 45.841 50.9247 52.2843 54.8882 61.9823 73.6764 89.5969 109.952 133.423 82.3283 101.934 122.772 67.7403 62.3998 77.2121 94.6864 114.762 38.6851 33.0945 53.092 94.0963 119.276 155.224 183.198 213.459 219.849 223.396 170.275 107.678 116.237 124.991 
18060 41.7448 41.8951 41.3632 38.0617 37.2445 38.4406 41.0818 46.8427 50.0454 51.8905 53.5905 57.2191 62.3632 71.0821 84.1353 101.494 123.034 72.4045 92.6827 112.883 53.4978 70.5954 61.1461 79.4618 96.8961 40.7437 32.3285 26.3988 65.6713 86.8754 110.682 145.971 174.377 203.53 206.748 233.842 161.812 102.105 112.693 121.493 
20060 37.9229 38.0693 36.7786 36.2085 36.914 37.2814 40.0084 45.1261 45.362 47.1164 46.6582 49.2836 55.1448 63.205 75.4815 92.8009 114.168 138.154 87.2471 34.6666 50.0259 67.792 87.1036 78.7781 99.1712 42.2112 58.6732 56.1115 74.0487 98.0669 123.196 183.076 190.249 194.366 220.811 248.271 97.5264 110.403 121.393 106.154 
22060 22.4977 25.0327 27.544 30.1751 30.7503 34.0948 37.2621 37.4864 34.2924 33.0808 34.0491 34.3134 37.9211 44.5886 55.0143 69.4433 87.3386 107.338 129.496 155.778 186.006 57.1137 77.9857 101.882 123.764 53.0461 75.4422 120.226 124.867 129.472 175.72 222.603 228.729 233.696 260.287 132.179 122.364 108.356 116.898 23.0547 
24060 3.90444 8.33969 11.7069 17.2869 24.682 30.4803 31.7704 30.1509 28.6035 27.2843 26.4254 25.4971 26.1321 29.8924 36.8716 43.9946 54.626 65.7364 82.8577 103.465 130.621 164.463 203.652 169.796 134.968 173.075 133.009 168.076 198.277 235.579 214.888 260.381 289.901 214.849 133.264 42.906 45.3614 0 0 0 
26060 -5.13362 -3.89874 0.736481 2.06264 7.43607 12.8874 18.5301 26.2063 29.9761 33.1342 34.8161 34.4492 31.3627 26.8944 22.319 20.7352 21.0555 30.7145 43.9361 64.7752 92.9406 127.573 168.557 216.22 269.461 327.902 314.941 373.693 391.26 308.547 359.733 152.94 88.146 68.8851 0 0 0 0 0 0 
28060 -4.85967 -1.4952 -3.18287 1.21963 3.06294 6.28695 12.1972 20.9639 30.4551 37.6657 40.8563 39.3328 33.7932 28.7576 23.3044 19.938 22.0836 29.498 44.7151 66.1977 95.127 131.073 173.945 222.757 277.07 334.177 396.616 356.734 310.395 298.536 169.299 195.761 160.438 22.6066 0 0 0 0 0 0 
30060 5.76219 7.31359 9.49527 7.14634 8.99336 13.6209 15.9735 21.4567 28.3596 32.1596 32.4986 33.0838 34.8123 37.7648 40.3299 46.4987 54.3746 66.7658 85.7119 109.468 139.773 175.568 216.171 182.201 222.09 240.081 210.914 176.052 135.644 166.272 223.316 176.45 172.188 190.007 99.9933 83.7611 90.7947 73.8153 0 0 
32060 23.3281 22.8597 22.6852 19.3527 17.0149 18.2039 18.6561 22.3772 28.2469 33.65 37.0681 39.2605 45.3867 53.4533 66.5642 81.6575 96.8475 116.27 140.471 166.933 119.101 143.338 146.594 175.615 159.071 116.249 120.516 67.7244 66.7043 90.4149 148.092 170.112 194.07 142.343 136.721 128.051 160.945 75.8833 82.5058 65.0149 
34060 36.7458 35.9142 32.3095 27.1601 21.1637 22.1278 23.8963 26.9133 32.1379 37.8059 45.9313 53.9283 62.0393 72.7533 89.6493 109.541 131.734 155.397 104.673 120.463 140.24 92.4031 114.701 139.52 90.4374 38.9574 33.3221 26.7189 43.2799 62.3943 93.2425 116.34 157.762 180.026 179.913 99.1688 113.403 126.246 134.844 123.717 
080 48.3621 47.1105 43.2894 39.1025 35.3083 33.417 34.6398 39.1503 45.6646 54.2316 64.9761 78.2842 92.0425 107.64 125.71 147.962 94.8388 110.761 103.433 94.8871 111.187 107.106 126.48 70.0242 64.3459 6.77893 20.5679 8.96909 21.7903 52.6165 45.8594 80.8526 100.272 138.368 159.111 133.054 153.931 97.2652 110.289 141.793 
2080 44.6751 41.9049 40.6224 35.6295 32.5376 30.5602 30.4908 32.6287 36.8883 44.7982 54.8576 67.2235 80.9663 94.5228 112.63 132.628 153.716 175.347 96.5183 88.57 104.022 122.13 118.708 141.052 63.0671 6.57132 21.9372 37.0268 28.887 37.4953 55.3171 90.2209 108.861 147.692 144.832 141.78 161.81 104.971 117.13 124.658 
4080 31.6671 29.5631 26.5042 24.3961 25.8746 24.2904 21.8301 22.7055 25.4425 29.4826 34.6625 40.7853 53.076 64.2063 76.4134 93.4387 112.495 134.968 154.002 177.155 179.413 104.618 126.016 150.822 130.459 83.7457 29.9159 50.5429 51.5734 65.2341 85.1487 119.978 140.867 115.068 153.231 172.174 190.489 105.628 136.693 124.794 
6080 8.61776 6.7191 10.0521 12.2463 17.5257 18.4596 22.6916 23.0433 22.9789 23.0129 23.2872 24.1286 27.4375 29.8708 36.8069 44.1884 55.8778 70.663 91.2988 116.959 144.851 174.842 210.697 201.46 241.735 183.605 221.281 162.279 93.669 136.171 160.41 150.796 146.286 160.382 177.739 121.496 128.898 65.8289 71.8621 0 
8080 -4.32151 -0.672299 -2.12275 1.84006 6.86592 12.3749 19.6201 26.3433 30.4781 32.2988 33.1472 30.6141 23.0954 14.2329 8.26752 6.22826 9.84147 17.9222 34.1361 55.2475 86.0152 124.31 169.64 219.255 271.002 322.77 376.217 356.395 378.03 345.262 149.548 188.676 161.556 138.199 70.5577 0 0 0 0 0 
10080 -4.20651 -3.62108 -0.467331 0.512499 5.68594 11.7008 19.6099 29.1133 38.0703 42.204 38.8419 31.7299 21.8715 11.5627 5.69025 3.97257 6.34098 14.9508 29.2928 52.6619 81.5429 119.61 163.954 214.09 267.274 321.65 370.972 398.289 297.073 288.76 323.282 137.044 174.835 89.4537 72.3643 0 0 0 0 0 
12080 9.52998 8.20132 12.0344 15.6917 18.39 24.5788 28.4773 31.7461 33.9962 36.3765 36.1632 30.3554 26.0944 25.3815 28.1962 35.6695 47.0266 61.0903 80.6435 104.773 135.71 167.716 205.515 167.388 178.112 188.832 150.746 154.525 188.37 122.425 151.752 233.897 239.629 189.061 159.61 74.6216 81.2994 63.9453 69.8745 0 
14080 31.3102 31.9938 32.8545 33.4971 31.1528 32.0147 32.6804 34.7024 39.1244 44.3482 47.7443 47.3321 47.3278 54.2545 64.417 78.8556 97.0516 119.612 145.309 95.7493 114.717 137.015 114.422 60.5253 79.2968 120.423 96.8427 42.8539 63.0735 87.1805 108.779 152.59 197.075 228.04 160.195 156.878 173.689 111.499 96.1221 56.0502 
16080 44.8401 46.558 44.6955 42.1326 40.2825 39.2496 44.6595 48.8419 53.5313 58.9144 61.2108 67.4231 73.9091 83.19 95.8659 114.987 137.069 83.7532 102.122 121.2 62.6428 31.2339 47.2852 82.417 98.7856 17.8465 7.71139 22.7697 39.2137 77.5897 91.9918 116.534 159.5 187.804 216.096 145.628 142.613 162.347 102.585 111.813 
18080 48.3621 48.5151 47.4082 46.3989 46.3731 48.52 51.3749 56.7303 60.7147 66.1021 69.6998 75.7435 83.8459 95.1556 109.979 129.814 76.6711 96.1186 37.4543 49.372 41.6499 32.6796 69.396 86.219 25.9111 37.0914 3.27123 16.7472 52.8194 70.7036 107.665 107.859 149.193 177.745 180.554 205.207 155.076 152.034 95.0451 106.505 
20080 44.6752 46.09 44.2565 43.1965 44.0862 45.2265 49.0538 51.1633 56.2431 57.4057 60.7095 65.0851 72.1635 83.0827 98.2952 117.423 140.398 90.0958 32.1821 46.1725 59.9743 53.3615 67.3963 86.5894 26.6076 38.5246 29.4343 22.2579 60.0256 81.2235 119.887 144.837 165.522 168.578 194.56 220.541 169.943 91.5077 104.389 92.4332 
22080 31.6671 32.8964 33.584 35.726 35.9918 37.3675 40.9006 41.6221 41.6777 39.8745 38.283 42.9077 48.6702 56.5973 68.7165 84.8021 106.238 127.695 152.698 104.552 50.0165 68.5408 64.4311 104.37 29.7796 47.3411 66.4117 108.328 86.7929 112.813 155.824 185.172 206.287 210.382 237.689 187.563 129.748 95.9723 105.56 113.885 
24080 8.61786 11.198 15.8437 20.0276 28.8431 31.7393 34.1994 31.1342 28.5791 27.5329 26.817 26.5304 28.1617 33.2019 41.6165 50.4393 63.1241 76.9689 95.812 117.809 145.116 178.397 140.347 175.217 135.625 167.317 125.297 157.174 185.343 197.697 199.548 228.463 273.36 204.082 123.41 135.273 43.4727 45.9367 0 0 
26080 -4.32142 -4.04862 1.44729 4.44896 8.98925 14.1678 19.6991 26.9971 30.2959 32.6676 33.8129 33.5228 31.3431 27.1751 23.2876 22.4085 22.9534 32.5073 45.9399 66.7706 94.9751 129.62 170.561 218.254 271.247 329.455 313.912 297.8 313.275 303.134 354.372 152.08 87.1855 68.1083 0 0 0 0 0 0 
28080 -4.20666 -1.18997 -2.11699 1.17495 2.46004 6.55669 12.6752 21.1842 30.2917 36.9147 40.0951 38.6841 33.1795 28.9865 24.0952 21.3373 23.365 31.1142 46.1913 67.6482 96.7661 132.654 175.689 224.33 278.556 334.854 321.535 353.686 305.188 367.44 183.387 193.765 158.949 22.4413 0 0 0 0 0 0 
30080 9.52992 11.2161 12.3701 11.759 11.0796 15.2566 18.1532 21.5936 27.6003 32.0466 32.4809 32.8475 35.847 40.7499 45.3202 53.4589 63.6535 78.255 98.1156 122.733 153.228 188.537 149.227 185.14 198.777 238.408 177.168 162.37 121.015 126.999 206.127 234.717 160.302 179.278 168.257 103.106 87.2578 70.7035 0 0 
32080 31.3101 29.6188 28.0124 23.4928 19.89 19.4929 21.2465 26.1431 29.2432 36.0332 43.6279 46.2195 53.9908 64.1593 79.9038 98.4287 116.302 137.606 89.0974 110.114 131.256 153.44 131.5 134.418 83.2877 107.297 108.147 29.9495 49.3047 86.2503 126.275 147.16 170.926 193.88 141.989 112.697 147.165 160.49 100.443 60.4082 
34080 44.8401 43.4326 38.1998 33.2117 29.2298 27.0283 30.8132 35.0604 41.5221 49.8793 57.8213 68.6154 81.0308 93.3182 112.274 134.634 158.75 102.375 117.281 109.495 128.671 102.74 124.351 68.1101 86.3883 83.8364 -0.534256 12.8866 27.1891 59.3298 78.5291 91.9448 132.389 153.308 174.981 173.678 94.0543 109.698 141.906 154.957 
0100 47.6355 47.443 44.8987 40.1421 35.6567 34.2714 35.1281 38.8697 44.7761 54.1095 65.9704 79.7715 91.8025 107.435 124.891 146.246 91.6903 108.689 100.165 114.919 108.851 104.293 47.5513 63.543 57.9557 77.2306 18.693 7.53976 35.7178 50.8863 44.3083 62.7389 97.1024 136.401 132.531 153.382 151.318 97.663 130.608 144.519 
20100 44.1871 42.0434 39.9364 36.6222 33.5858 30.1352 31.4479 32.275 35.944 44.9459 55.5822 67.7881 81.265 94.109 112.429 130.625 151.851 173.825 91.9584 108.674 101.506 118.748 116.697 38.0886 56.5223 76.2999 19.5593 35.3227 43.0498 35.8911 53.6839 71.4973 106.901 121.678 141.841 139.226 159.15 179.024 138.504 127.12 
40100 31.6083 28.4323 26.1412 24.4122 25.9327 25.224 21.6726 23.381 25.4382 28.4743 34.049 42.2438 53.7813 64.5584 76.2168 93.3779 111.597 131.856 152.459 175.507 178.229 102.735 123.834 147.943 127.793 78.3364 28.8347 49.1163 89.4886 63.9683 83.1015 102.867 115.628 155.437 151.179 170.614 166.718 126.573 138.981 127.909 
60100 8.46192 7.66687 9.62192 12.2127 17.7273 19.6416 22.4654 23.5626 23.2401 22.9538 23.0773 24.6745 27.8761 30.2271 36.5177 43.4381 55.203 70.8025 90.8315 116.387 143.966 173.848 209.216 199.634 240.724 182.037 219.564 161.316 92.4894 135.111 159.312 133.304 145.202 160.146 177.502 215.219 131.081 65.823 71.856 0 
80100 -3.87837 -1.12981 -2.84435 2.32807 6.72247 12.3481 19.5986 26.4193 30.4972 32.1889 33.3242 30.8666 23.0249 14.1416 8.22125 6.15935 9.8482 17.9365 34.1929 55.2343 85.9826 124.289 169.425 219 270.627 322.388 375.794 355.787 377.679 345.872 149.615 188.755 87.662 137.667 70.5555 0 0 0 0 0 
100100 -4.85286 -3.22592 -0.397875 0.635126 5.64511 11.6177 19.5022 29.0274 37.9405 42.4227 39.1308 32.1512 22.0026 11.7229 5.88535 4.07616 6.55044 15.1806 29.5216 52.9952 81.7585 119.972 164.359 214.56 267.678 321.873 371.132 398.578 274.548 289.804 324.173 136.419 174.206 89.3544 72.1608 0 0 0 0 0 
120100 9.77845 8.00673 11.0823 14.8031 18.9365 23.3055 28.5254 32.4141 34.6277 36.605 36.3459 30.8653 26.883 26.0368 28.323 35.7921 47.3928 61.9499 81.5555 105.543 137.157 168.791 205.726 169.885 180.527 191.142 129.483 156.804 190.906 123.734 152.923 218.825 164.921 187.636 156.913 170.705 57.6322 63.3673 69.2766 0 
140100 30.5856 31.903 32.1726 32.0182 31.3846 32.2084 32.6249 33.9059 39.1939 44.7558 46.2914 46.7028 47.7286 54.9579 65.639 79.6341 97.6649 119.926 145.939 170.822 118.461 140.271 117.264 62.3801 82.4752 99.8332 123.608 43.7203 63.9954 64.9491 126.218 154.534 199.099 230.158 157.748 153.304 169.881 161.266 95.2906 78.4956 
160100 44.2521 45.4412 44.3576 42.7573 40.1618 41.3574 44.0539 49.2566 54.4413 57.5927 62.475 67.7077 74.2123 85.2439 98.4259 117.138 139.021 162.344 106.796 125.915 43.6114 34.7116 49.8955 66.6341 102.814 18.9855 33.3124 24.8813 40.8187 79.2192 94.0071 119.069 145.843 190.826 218.471 142.91 139.482 157.555 173.73 111.25 
180100 47.6355 48.047 48.1836 46.7012 46.844 48.4992 52.0947 56.9236 61.607 64.7529 69.376 75.2594 85.3983 96.2963 111.697 131.429 154.383 99.6893 42.2119 30.5584 45.761 36.6513 53.2006 88.3975 26.8626 14.8751 28.1829 19.5922 54.7885 88.4961 109.699 110.179 135.67 180.187 182.723 131.771 151.884 148.001 165.784 104.664 
200100 44.1871 45.1794 45.1293 44.2736 44.6087 45.4029 50.3798 53.2426 54.7491 57.4018 59.3891 64.5373 73.9306 84.0137 100.44 119.501 142.144 166.84 36.0315 51.571 40.7455 57.4846 51.7915 14.6305 27.0747 40.7259 30.961 48.1024 62.1076 99.1698 122.143 147.372 151.937 170.161 196.112 146.414 165.921 185.204 103.349 90.0016 
220100 31.6084 32.8144 34.3252 36.9066 36.3737 38.9791 40.1426 42.7093 41.7736 38.4505 38.1586 41.5231 49.0129 58.4638 70.1618 86.4263 106.674 129.224 153.46 104.801 53.3345 72.1268 67.3954 88.5924 53.6421 47.9698 68.3779 67.3148 111.471 130.457 157.713 186.64 167.928 211.131 237.94 183.909 128.779 94.4371 104.217 112.726 
240100 8.46201 11.3491 15.327 19.7587 29.0846 34.0058 34.8109 31.6398 29.0462 27.2293 26.1833 26.4852 28.8357 33.7439 42.018 50.5991 63.4487 77.7155 96.6638 119.071 146.564 179.625 141.062 175.553 138.213 75.8801 126.059 157.948 186.174 214.306 199.974 228.39 273.257 204.279 122.384 134.317 43.3823 45.8384 0 0 
260100 -3.87844 -4.02741 1.60434 4.50287 7.98922 14.0275 19.4474 27.282 30.4668 32.6169 33.7246 33.5799 31.5601 27.2787 23.5335 22.466 23.126 32.5121 46.1174 66.9789 95.1222 129.996 170.891 218.78 271.792 329.993 314.004 297.351 387.01 303.11 354.227 152.987 87.0368 68.0046 0 0 0 0 0 0 
280100 -4.85301 -0.446242 -1.24265 1.42578 2.8196 6.77701 12.9673 21.4499 30.4275 36.9004 39.6626 38.2902 33.0468 28.9155 24.0894 21.3076 23.1533 30.9466 45.8804 67.4162 96.5786 132.328 175.361 223.984 278.295 334.554 320.881 353.031 304.053 366.22 183.954 194.305 182.899 22.4659 0 0 0 0 0 0 
300100 9.7784 11.4549 11.5988 12.607 12.0321 15.4935 17.332 21.3365 27.5392 30.9354 31.6026 32.5787 35.4342 39.72 44.1012 52.5718 63.0752 78.0599 97.768 121.944 152.139 187.771 148.299 183.185 221.14 138.919 173.55 158.498 192.16 141.374 204.479 232.748 160.899 180.348 192.92 104.617 89.338 72.8419 0 0 
320100 30.5856 29.423 27.9302 23.8023 20.7818 19.7762 22.4268 27.017 30.7098 35.4966 43.3424 46.5034 54.9252 64.3419 79.8233 96.9685 114.665 136.199 86.8423 108.085 130.578 129.871 130.392 81.8377 78.5218 102.516 102.964 28.428 48.1505 85.0704 108.38 168.165 167.989 191.967 118.636 136.682 148.967 162.626 102.911 63.6578 
340100 44.252 42.1846 40.0989 33.9813 29.1821 28.8284 29.5677 35.2412 41.0632 49.2426 58.5459 67.3651 80.7288 92.5876 112.228 133.459 81.7572 97.5246 114.548 106.422 126.42 100.919 47.0481 62.3299 80.4759 77.0409 -2.51565 10.3708 41.2953 57.6235 76.9545 89.4605 128.993 150.921 148.431 170.559 94.5092 129.562 143.935 157.361 
0120 38.9941 37.3179 35.4173 33.2344 29.5354 26.9535 25.3071 28.7859 32.6877 40.3849 50.6028 58.9632 70.6067 83.344 98.4707 117.619 136.852 158.031 79.0143 97.6543 117.068 138 62.0877 54.5518 49.7248 69.7076 93.0925 32.5552 48.1274 66.476 62.0963 80.7891 136.572 134.767 155.619 177.825 175.897 138.648 153.771 143.482 
20120 35.6344 32.7896 29.6146 30.8096 28.4367 25.5869 24.0084 25.0959 29.0467 33.7002 40.8581 51.47 63.3004 73.9289 88.2918 105.324 124.392 143.856 166.699 90.2325 110.247 108.303 128.598 76.5782 49.0586 70.8275 94.617 44.276 56.7374 52.3878 70.3451 90.2976 122.829 142.893 164.111 161.176 181.258 145.809 135.584 148.187 
40120 21.5324 19.9892 19.9489 20.8431 23.6247 22.7741 22.6779 22.6998 21.8653 23.8474 27.7767 35.159 42.7927 50.5629 61.0786 74.2595 89.1925 108.478 129.802 155.05 157.885 186.233 114.266 139.575 145.327 101.157 105.104 59.9873 102.022 101.697 99.9907 97.6044 133.563 172.556 169.011 165.835 203.893 143.904 156.803 68.0342 
60120 4.44784 4.71638 5.13374 10.3003 15.0025 17.8883 23.1851 24.462 23.6392 24.1712 22.966 23.9834 25.1646 26.1539 28.0488 33.8458 44.383 58.8462 76.8455 101.939 130.577 162.091 198.567 215.237 234.988 257.284 222.88 190.374 102.786 145.905 147.587 144.836 157.449 171.802 208.989 153.753 64.4128 70.3704 0 0 
80120 -4.56341 -2.05441 -3.06797 1.94757 5.66649 11.8936 19.0763 26.2699 31.0193 32.633 34.085 31.8816 22.811 13.3664 7.12496 4.68725 7.88306 15.7021 31.9533 52.8969 83.7037 122.115 167.164 217.317 270.187 321.778 375.3 355.467 378.076 324.066 176.291 176.934 89.4089 139.535 72.11 0 0 0 0 0 
100120 -4.58582 -3.19068 -0.938564 0.16195 4.94682 11.2877 18.7798 28.2638 37.2272 42.5121 39.5705 32.6666 21.9291 11.6574 5.13321 3.20467 5.2363 13.806 27.9215 51.4419 80.2808 118.987 163.316 213.994 267.855 322.326 372.533 399.553 324.573 292.898 252.163 138.949 176.904 67.6841 73.8348 0 0 0 0 0 
120120 6.43387 3.81129 7.28743 10.5597 15.635 18.8748 27.7668 33.2666 35.2307 37.5543 35.3303 29.6329 25.3111 21.9716 23.207 27.8342 38.1238 51.6489 70.1155 94.1032 124.818 158.733 196.838 237.227 256.725 196.163 210.31 174.037 205.476 139.843 185.792 234.519 176.158 172.263 163.587 79.5424 61.9721 67.8435 0 0 
140120 22.0785 23.0723 23.4859 25.2656 27.8322 30.441 31.1536 31.8556 36.9917 40.293 40.0285 37.0334 39.1581 44.2465 52.2439 64.2995 80.4606 100.57 124.277 149.538 176.74 205.018 135.29 137.708 87.6711 88.9102 134.019 82.0802 82.4582 85.8963 130.373 179.106 209.022 177.126 150.239 166.319 157.709 72.6082 79.2796 61.9159 
160120 35.7934 37.4232 37.3173 35.7081 36.7995 36.3808 37.9451 40.2578 44.2627 49.4468 49.1404 49.7439 56.7249 65.1017 79.0818 94.2036 114.139 136.807 161.414 187.137 111.314 54.8854 49.2942 66.6778 86.6926 27.4599 43.7659 61.6738 57.2303 96.1776 117.821 145.467 174.726 146.808 144.583 163.991 156.358 172.959 67.1166 73.7158 
180120 38.9941 40.0102 41.0802 39.7759 40.2855 40.5939 41.8306 46.4892 49.6673 51.1971 52.487 57.1415 64.5012 74.9693 89.4955 106.84 127.667 150.975 175.862 126.844 42.6876 58.1977 51.9206 69.3283 31.3383 22.939 37.9351 55.9701 52.0561 108.024 133.411 136.518 165.332 193.814 134.889 154.376 172.635 165.929 158.921 71.0096 
200120 35.6344 36.5245 37.0943 38.0084 39.6732 40.3992 42.4053 45.3386 46.6731 44.841 45.3407 48.6498 55.9898 67.9841 80.9073 97.5482 118.062 141.581 166.089 116.817 39.1532 55.8311 73.609 70.4567 30.6929 47.2692 41.7636 61.3595 83.9062 119.605 145.702 174.304 178.794 198.448 147.471 165.776 185.154 155.951 93.0752 102.663 
220120 21.5324 23.7315 26.057 30.0693 35.187 35.7143 38.304 39.9424 34.5434 31.6391 31.0398 34.2633 39.5397 47.9526 58.9515 72.3186 89.2628 110.195 132.737 159.204 187.578 138.744 65.8638 88.7758 38.7559 79.6689 80.3639 82.7785 129.079 174.256 181.118 187.442 191.871 234.398 180.863 177.361 118.186 105.203 114.11 22.1587 
240120 4.44791 7.71435 8.92872 16.0296 25.0254 30.7913 33.482 31.2717 29.1907 26.4951 25.1258 25.2794 27.6671 31.3429 37.5827 43.9596 55.279 67.6896 85.0246 106.773 134.32 167.75 206.711 170.77 212.407 157.769 116.932 170.25 201.671 230.722 238.828 243.923 289.506 191.665 130.622 66.1244 45.1664 23.1584 0 0 
260120 -4.56344 -3.85679 1.49378 3.50267 7.70236 12.707 18.3054 26.9699 31.0686 33.4927 35.003 34.8432 32.3452 27.4147 23.3667 21.2108 21.8643 30.9781 44.7763 65.8365 93.9222 128.816 169.94 218.076 271.273 329.983 315.71 299.779 389.011 324.37 335.838 178.859 87.8427 68.6493 0 0 0 0 0 0 
280120 -4.58576 -1.6418 -1.04875 1.84815 3.772 6.84002 12.9753 21.5916 30.8542 37.622 39.6697 38.1981 33.4023 28.7012 23.2759 19.8277 21.5782 29.0376 43.9133 65.6756 94.5115 130.175 172.912 221.543 276.013 333.04 321.02 377.878 306.978 369.501 259.835 197.297 139.036 22.692 0 0 0 0 0 0 
300120 6.43382 7.88297 8.08235 10.5263 11.4443 14.2932 16.6221 22.6562 27.2486 29.9521 31.0753 32.3693 32.8346 35.2748 37.7172 44.593 53.4328 66.7731 83.9114 107.343 136.574 173.375 214.679 177.906 217.988 237.578 177.363 188.241 200.47 154.771 202.697 247.115 174.903 189.715 127.664 112.821 23.3028 0 0 0 
320120 22.0785 22.13 22.4739 19.7018 18.9574 19.0694 21.2157 23.0925 26.2116 31.0694 35.3176 39.2174 45.1392 53.8049 62.9161 76.0384 92.408 112.573 137.313 91.4438 114.054 138.46 141.653 169.845 98.173 100.785 128.339 108.724 77.9706 101.604 145.167 185.812 187.726 189.532 138.116 175.474 167.379 106.667 91.2687 0 
340120 35.7933 33.5023 32.1622 28.3672 26.4329 23.161 24.2888 28.617 31.8062 37.9627 45.7197 53.9009 63.0845 74.0125 88.7898 106.951 125.738 147.236 92.9189 114.422 113.002 134.041 157.587 53.6635 72.8053 71.3758 94.4401 93.9893 55.056 73.998 94.8688 111.553 149.911 149.57 171.744 195.009 136.335 151.49 166.323 156.399 
0140 18.836 18.4119 21.3969 23.2311 23.2598 21.3763 22.6053 21.6229 21.277 25.1772 30.8622 35.8113 42.5051 48.9821 56.9513 67.3638 84.3332 104.624 126.72 151.506 180.471 108.307 134.209 162.562 114.79 95.5218 100.494 148.367 153.938 103.809 126.644 145.34 145.085 183.424 224.879 224.147 144.72 158.395 95.2202 23.2598 
20140 15.7125 15.3996 17.8188 20.585 22.6505 23.3029 22.2219 20.793 20.1163 22.0123 27.1739 32.0332 37.1659 43.9941 50.1854 61.1145 74.9425 94.6318 116.262 139.784 167.775 175.014 128.741 158.241 166.376 97.8806 105.246 152.086 184.122 112.039 111.401 110.354 150.818 187.653 228.645 203.212 147.645 86.5158 93.8058 0 
40140 7.4549 8.79241 9.70722 11.8036 18.4528 22.2271 23.7046 22.3179 21.508 21.9 22.9402 26.3436 28.3959 31.1948 35.4192 41.7841 54.6576 69.8964 90.9077 114.123 140.789 172.798 184.425 221.534 188.475 180.076 141.767 175.415 201.307 134.974 112.946 132.493 172.4 186.126 201.875 220.857 85.5453 69.0659 0 0 
60140 1.39018 -0.611335 2.64113 5.79827 9.98619 16.4865 22.5067 25.9287 26.7063 26.6172 26.7246 25.6563 23.1346 18.5676 16.6331 20.3198 26.7613 38.9789 54.3239 78.0469 107.307 143.28 183.599 227.35 249.458 299.781 302.831 274.721 217.537 166.756 169.246 169.059 157.173 213.677 155.282 66.7483 72.8492 0 0 0 
80140 -3.96783 -3.88249 -2.21045 1.21353 4.83526 10.8786 18.1943 25.8881 31.7178 33.991 35.3562 32.5867 22.695 12.0784 5.01677 2.24722 4.44858 11.8643 27.9071 49.1238 79.8371 118.232 163.202 214.325 268.861 321.912 374.745 355.2 378.621 376.18 256.123 109.917 112.597 69.0246 0 0 0 0 0 0 
100140 -3.77148 -4.11525 -1.97874 0.88804 5.32119 11.0701 18.3614 27.621 36.721 42.2195 40.5655 33.4429 22.491 12.1515 4.70827 1.83503 3.75843 11.7835 25.7737 48.7377 78.2774 117.424 161.601 212.828 268.174 323.487 374.773 400.71 402.221 298.22 235.212 218.679 182.496 71.0033 0 0 0 0 0 0 
120140 0.94612 -0.601166 2.67941 5.73843 8.3492 16.9906 24.0314 32.166 38.7917 40.3397 36.9306 30.9074 23.3189 17.0856 14.5555 17.0236 22.7281 34.6895 51.852 74.7021 103.845 140.433 182.841 226.926 272.767 321.236 247.16 266.119 286.283 243.293 214.849 140.792 171.158 165.091 131.595 65.2056 71.2091 0 0 0 
140140 9.18106 7.69482 10.1179 12.8862 18.856 23.5336 29.5202 35.6083 37.6687 36.001 34.128 29.7844 28.1379 28.0906 31.4523 38.314 49.9938 66.7159 85.6021 110.698 140.304 172.558 207.114 222.033 188.097 201.494 137.254 169.728 145.454 145.041 175.915 149.009 172.809 184.785 153.501 143.27 81.1658 64.1386 70.08 0 
160140 16.2489 16.1643 18.6856 21.404 25.3533 28.8664 34.4856 36.3752 37.8811 36.2419 33.3617 32.6991 34.6636 39.5615 46.3948 57.7 73.214 91.334 112.395 138.538 165.716 197.554 205.64 164.621 93.1952 98.1185 51.0585 94.5156 120.742 142.886 150.156 200.543 152.902 165.249 158.804 151.511 142.245 78.9177 85.9674 69.181 
180140 18.8359 20.0434 21.7176 26.2302 30.1611 34.0222 37.3169 38.3483 38.5833 35.4665 32.0629 34.1375 38.0365 44.6469 53.8984 66.4315 83.3936 102.284 124.434 149.166 177.174 185.664 142.406 92.0326 116.873 44.5329 44.4041 88.0916 130.34 136.012 161.997 193.66 147.325 143.218 176.438 170.381 139.317 77.9222 84.7782 92.027 
200140 15.7125 15.7687 20.1029 24.7064 29.3276 35.4003 37.6755 39.5159 36.105 30.424 29.0691 30.9796 35.4126 42.0691 50.5301 62.7384 77.9608 96.7193 118.853 143.232 171.058 202.29 135.765 165.654 117.966 69.3264 48.5996 94.6305 139.45 188.292 196.812 205.047 133.291 152.891 186.935 180.818 99.7136 85.0995 92.1517 22.762 
220140 7.45496 9.5486 12.6867 18.5766 26.3725 32.2983 36.1189 36.6779 31.6987 27.6517 25.1469 26.4664 29.6892 34.43 40.8839 49.8828 62.3876 77.9942 96.5797 120.827 147.96 179.435 216.051 178.272 193.538 79.7874 109.707 138.453 163.499 216.429 248.89 230.83 159.127 172.154 189.862 130.163 92.885 21.899 23.0853 0 
240140 1.39021 0.0397288 4.68607 10.501 16.9204 22.7342 29.1199 32.278 31.0313 28.2619 27.3782 27.1068 27.9508 29.57 30.8977 34.2595 40.2963 50.5993 65.7759 86.6564 114.703 149.256 189.293 235.084 209.377 257.247 208.429 175.512 253.527 259.217 267.429 274.579 217.459 134.231 66.4255 22.2572 23.3092 0 0 0 
260140 -3.96785 -4.6225 0.135955 2.55421 6.88692 10.2747 16.28 25.3165 31.5528 34.537 36.8534 36.3432 33.2866 27.2927 22.3901 18.8184 19.562 28.1969 42.1763 63.6161 91.5062 126.636 168.073 216.353 270.214 329.357 391.65 377.561 374.763 408.008 270.376 131.085 89.6583 69.8385 0 0 0 0 0 0 
280140 -3.77151 -2.22527 -2.26499 0.999846 3.56891 6.23631 12.2317 21.1365 30.8548 38.1487 39.5948 37.52 33.7648 27.7088 21.6625 16.6597 19.0104 26.062 40.7459 62.5897 91.3618 126.743 169.038 217.911 272.419 330.913 392.832 381.215 313.653 303.021 281.684 202.161 68.0503 23.1718 0 0 0 0 0 0 
300140 0.946091 1.97372 4.07692 8.08402 7.33385 10.7978 17.0141 23.1435 28.1414 30.1815 32.2294 32.1868 29.7393 30.0303 29.5892 32.4625 37.6641 46.4409 62.0397 84.1524 113.232 150.137 192.77 240.607 214.455 259.9 233.977 227.529 242.541 293.301 231.588 202.994 145.463 131.923 118.139 0 0 0 0 0 
320140 9.18103 11.0439 12.3605 16.0219 16.6583 17.0576 19.3575 22.4524 24.9279 26.8739 28.3172 31.1061 33.0229 35.9527 40.0748 48.8226 61.2813 75.8132 95.0769 119.03 147.588 182.321 143.217 179.268 194.431 154.435 164.798 152.084 177.462 210.487 182.877 210.64 207.433 176.593 194.324 110.761 95.8367 23.3026 0 0 
340140 16.2489 16.4734 19.7431 20.9228 20.4457 20.8582 21.9928 21.0604 23.4547 26.477 30.3345 34.2259 39.819 45.3511 51.6667 62.0794 78.2235 97.6159 120.48 145.597 173.106 125.721 131.697 162.038 116.488 121.739 129.098 136.185 158.14 112.386 154.727 156.331 173.826 197.957 241 186.167 178.565 93.7918 22.7122 0 
0160 -1.28686 2.05788 5.80653 8.00869 13.8071 20.0294 21.3723 23.7233 25.1642 26.2604 25.4443 23.7555 22.5213 22.1751 24.1266 27.7736 32.8898 43.6426 59.3053 81.3176 110.205 145.114 185.155 231.403 258.217 232.694 200.367 216.514 246.95 258.665 264.709 213.369 236.258 177.908 92.7759 22.0788 23.2074 0 0 0 
20160 -1.49993 0.77881 3.33029 6.00044 12.705 18.5454 22.7369 25.2738 25.6763 25.6069 26.3639 24.1301 20.3431 19.0762 19.7725 22.1251 28.8537 38.2708 54.9156 76.817 105.871 140.567 180.463 226.176 253.001 303.167 278.278 220.035 248.307 263.273 225.603 193.868 235.642 150.043 163.315 22.5223 0 0 0 0 
40160 -1.41471 -2.55547 -0.665876 5.2923 8.51308 14.6466 22.5585 25.9093 27.4102 27.7628 28.4432 25.8625 19.6596 15.233 12.4106 14.4594 19.1368 29.2328 43.3611 66.6808 96.0556 132.072 173.43 219.469 269.945 297.815 350.738 280.7 260.42 249.043 184.785 161.64 123.124 151.661 165.041 0 0 0 0 0 
60160 -2.5728 -3.62225 -0.695095 2.89872 5.91774 12.911 20.3817 26.7549 30.36 31.7752 33.4854 30.0837 21.2471 12.1741 7.56939 5.97683 9.14147 17.6234 33.1304 54.5329 85.0332 122.732 166.633 215.497 267.095 319.72 349.936 377.195 401.866 265.365 198.792 176.403 147.548 137.092 72.2641 0 0 0 0 0 
80160 -3.84612 -4.75134 -1.52553 0.737251 5.22153 10.5142 17.8685 26.5053 33.2083 37.1672 37.7039 32.9031 23.2935 11.91 4.16855 0.620644 2.32375 9.58473 24.6818 46.4365 77.3868 115.332 160.295 211.928 267.587 323.324 374.231 424.627 379.598 376.411 333.233 114.543 137.405 73.035 0 0 0 0 0 0 
100160 -2.97458 -3.58392 -4.00933 1.21477 5.09499 10.2017 17.4419 26.4447 35.1738 40.9685 40.8653 33.6354 22.8042 12.5378 4.31872 0.234494 2.08822 9.7885 23.7928 46.2251 76.4363 115.616 160.132 211.509 268.253 325.015 376.788 425.622 403.258 354.341 214.384 295.373 91.7334 0 0 0 0 0 0 0 
120160 -4.81682 -1.40164 -3.46681 1.41276 5.3082 11.7955 19.8553 28.7133 36.6206 40.7022 39.9332 34.7264 22.861 13.9632 7.63419 5.86633 8.9217 17.6917 32.5362 54.9913 84.2865 122.799 167.077 217.133 270.246 321.852 374.787 356.132 380.17 325.335 104.488 142.033 172.017 138.551 71.9953 0 0 0 0 0 
140160 -0.988209 -1.28708 -0.656959 3.87762 7.42401 14.6588 22.9973 32.0922 38.0885 40.2444 38.0362 32.2549 24.1053 17.2529 13.7899 14.8937 20.3275 30.7294 46.3438 68.4733 97.9789 134.877 177.046 223.43 271.672 322.358 351.701 355.998 329.65 209.355 155.39 129.687 165.811 148.992 138.42 71.6898 0 0 0 0 
160160 -0.120824 0.187868 -0.203087 5.99723 11.526 16.5321 25.7302 34.5439 38.6347 37.272 34.5941 29.1172 24.2844 20.9503 19.9122 22.5022 30.9175 41.3171 58.3953 80.0737 110.116 144.397 183.758 228.172 276.526 301.76 354.483 284.438 172.301 198.89 145.964 187.823 159.479 142.381 155.19 92.3362 0 0 0 0 
180160 -1.28686 1.35178 2.4064 7.19691 13.4275 20.1472 28.2171 35.2109 37.3885 35.1141 31.2167 28.1076 25.004 23.8703 24.9748 28.9381 36.2392 48.1067 64.4214 87.3183 115.594 149.098 187.643 232.199 257.179 306.64 283.156 230.587 183.915 218.257 170.183 163.6 157.657 166.125 156.493 93.1812 23.2503 0 0 0 
200160 -1.49994 -0.920142 4.28335 7.13557 12.7509 21.843 27.8677 32.9106 35.2474 33.5649 29.4027 27.1827 26.2157 25.3097 26.7165 30.8795 36.5794 47.0664 63.4203 85.7212 113.25 147.114 187.298 231.781 281.556 310.476 210.313 254.333 189.273 242.678 219.63 171.03 164.71 174.47 91.5897 22.006 23.1577 0 0 0 
220160 -1.41471 -1.75337 2.84424 4.61961 12.4238 19.2327 24.7674 30.2988 33.5288 32.3991 30.1987 28.9072 28.2515 27.2664 26.9016 27.9839 31.705 40.5028 56.9756 77.3961 105.871 140.466 182.328 228.024 278.811 334.945 215.248 260.453 322.394 300.155 284.878 210.596 181.786 139.846 21.4166 22.728 0 0 0 0 
240160 -2.57279 -3.16842 -0.380111 4.99912 8.37508 13.6839 19.2181 27.1726 32.7888 33.2407 33.4438 34.103 31.792 28.4088 23.9642 22.6671 23.5212 31.9523 47.3674 68.3608 96.3627 131.703 173.301 221.499 275.113 332.484 317.327 296.04 321.1 321.11 306.819 234.355 64.6324 44.7395 23.1151 0 0 0 0 0 
260160 -3.8461 -3.56024 -2.52346 1.17725 5.51458 7.8546 13.9475 23.1995 32.0113 36.1947 39.1007 38.1657 34.2024 27.7237 21.3182 16.1926 17.6989 25.6365 39.8223 61.5552 89.6512 124.81 166.591 215.014 269.625 329.146 391.991 382.373 362.576 416.339 201.27 131.802 91.4264 0 0 0 0 0 0 0 
280160 -2.97454 -5.0568 -3.06857 1.84437 4.26382 6.31852 12.2479 21.5638 31.434 38.157 39.8988 37.9088 34.5081 27.1925 20.4341 14.7619 16.9973 24.0094 38.6827 59.7786 89.1013 123.834 165.831 214.454 269.023 328.175 390.98 458.037 419.729 233.116 308.607 156.405 68.7887 0 0 0 0 0 0 0 
300160 -4.81686 -3.65962 0.408745 1.4724 5.2208 8.3573 14.467 22.8264 30.0993 34.4304 34.8513 33.9452 31.7612 26.076 22.7136 18.7916 20.5451 28.212 42.3733 64.9171 93.5246 128.496 171.427 220.428 274.533 332.932 315.939 297.198 297.057 349.344 407.78 176.575 89.0806 69.406 0 0 0 0 0 0 
320160 -0.988207 -1.13247 1.80037 7.10907 8.98659 12.1619 17.8429 23.6758 27.9389 29.3795 29.3037 28.4581 27.7785 26.0612 24.7603 23.7837 27.4943 35.1023 50.3916 72.0558 101.302 136.974 179.724 228.082 280.557 259.788 234.697 256.039 266.338 323.979 313.54 269.004 133.209 66.3183 22.4969 0 0 0 0 0 
340160 -0.120817 0.622376 5.43502 7.6139 12.9651 17.6047 19.2463 23.7068 25.7143 27.0532 26.3478 24.7224 24.474 24.4622 25.5695 27.9709 31.9567 42.0583 57.121 78.4359 108.434 143.393 185.612 231.553 282.83 235.155 203.034 243.381 253.095 241.31 294.754 247.789 263.981 137.419 21.1378 22.4604 0 0 0 0 
0180 -5.01317 -3.92604 -4.36884 1.42327 6.91826 13.2657 20.6614 27.6683 31.4867 33.2646 31.9176 29.3703 23.83 17.1699 8.94589 4.54855 5.1634 12.8162 26.7988 48.2359 76.6095 111.663 153.547 201.824 256.959 316.489 377.256 437.553 458.013 401.098 313.417 211.109 78.7334 0 0 0 0 0 0 0 
20180 -5.11279 -5.14462 -4.70453 0.877164 5.87127 12.0174 20.3754 28.4184 33.3318 35.1634 31.9686 27.5034 21.7822 14.6172 6.23798 2.15531 2.83989 10.2256 24.056 46.1316 75.223 110.629 153.134 202.529 257.749 316.741 374.318 431.089 382.737 324.765 356.709 210.224 30.4918 0 0 0 0 0 0 0 
40180 -4.28084 -4.55913 -5.29409 1.36817 5.55917 11.3166 19.3248 28.6456 35.1619 37.1736 34.4924 28.3649 21.3161 12.7043 4.87552 0.13693 1.87792 8.3527 23.5058 44.4042 75.1681 111.178 154.313 204.353 260.303 317.791 372.811 426.728 409.595 349.08 305.972 258.649 79.2699 0 0 0 0 0 0 0 
60180 -4.9908 -5.21569 -4.26325 1.09823 5.10798 10.4918 18.1392 27.71 35.1058 39.1868 36.9213 30.299 21.3868 11.725 3.61672 -0.856548 0.74897 7.9368 22.0962 44.4539 74.9691 112.044 156.101 207.149 262.974 320.415 372.906 424.24 380.723 343.644 279.757 234.564 190.643 0 0 0 0 0 0 0 
80180 -3.60303 -3.34227 -4.74286 1.33302 5.03633 10.1023 17.5273 26.6576 34.5581 39.8159 39.0833 32.6231 22.3606 11.7617 3.33807 -0.711997 0.713728 8.28023 22.3643 44.7552 75.4449 113.707 158.361 209.658 266.406 323.408 374.725 424.133 402.944 353.455 257.157 207.878 166.777 0 0 0 0 0 0 0 
100180 -3.96684 -4.53633 -4.71002 1.41347 5.01708 10.067 17.1888 26.0907 33.9351 39.2444 39.3818 34.0074 23.8741 13.1333 4.40621 0.300302 1.83786 9.30684 23.6084 45.6706 76.4195 115.374 160.277 212.088 269.097 326.526 377.917 427.338 381.482 280.107 217.425 279.403 75.0516 0 0 0 0 0 0 0 
120180 -4.04599 -4.48473 -4.90035 1.90071 5.35574 10.4724 17.4574 26.1517 33.0739 37.4696 37.6782 34.4096 25.8754 14.9217 5.98992 1.76686 3.5887 10.407 25.3809 46.6255 77.9959 116.523 161.475 213.108 270.491 328.531 381.609 432.002 409.461 303.898 308.719 261.433 54.2656 0 0 0 0 0 0 0 
140180 -4.8107 -5.25827 -4.35316 2.3217 6.11698 11.5299 18.5001 26.0037 31.7495 35.6374 36.8545 36.0265 28.8982 18.2684 9.3946 5.04396 5.91163 13.6766 27.4771 50.0768 80.4458 118.268 163.186 214.823 271.81 331.12 386.026 438.556 365.53 349.161 339.706 248.556 34.9523 0 0 0 0 0 0 0 
160180 -3.70016 -5.19322 -4.32394 2.25243 6.33062 11.9491 18.2333 24.1765 29.1887 34.1021 36.6829 36.8478 30.939 21.0537 11.9799 7.70329 8.36088 16.2261 29.7457 52.8016 82.3463 119.788 164.155 215.516 272.756 333.1 389.46 444.497 349.527 382.906 296.338 201.694 54.0234 0 0 0 0 0 0 0 
180180 -5.01318 -5.08814 -4.28107 2.56253 6.86854 11.9344 16.8122 21.8153 27.8547 34.2118 38.3678 38.2751 32.4063 23.8941 15.1011 10.0116 11.7986 18.177 33.4584 55.2462 85.0534 121.638 165.709 215.935 273.814 334.104 392.817 449.985 421.678 319.738 229.179 127.296 38.6725 0 0 0 0 0 0 0 
200180 -5.1128 -4.75385 -4.76932 2.63679 7.0082 10.6058 14.4662 20.7074 27.9041 35.9891 40.1829 39.8214 33.5484 26.2738 17.1359 13.0878 13.536 21.6467 36.0571 57.5705 87.1395 123.725 166.34 216.907 274.086 334.533 394.968 454.167 482.448 328.103 181.974 194.292 104.101 0 0 0 0 0 0 0 
220180 -4.28081 -3.18915 -4.19275 2.44266 5.75689 8.4129 12.7914 20.3105 28.936 37.6024 41.5131 40.0185 34.6855 27.6735 19.3026 14.5332 15.8041 23.6909 37.91 59.785 89.1237 124.733 167.505 217.351 273.846 334.178 395.45 457.716 434.754 281.776 226.892 164.843 69.4366 0 0 0 0 0 0 0 
240180 -4.99078 -3.38474 -4.56521 2.03196 4.62705 6.91736 12.2094 20.8914 30.8254 38.4424 41.5364 40.2648 35.505 28.4625 20.7755 15.4219 17.2835 24.7245 39.2841 61.0785 90.0729 125.138 167.761 216.901 272.67 332.606 394.788 458.794 323.743 302.463 254.657 166.427 92.6626 0 0 0 0 0 0 0 
260180 -3.60301 -4.17477 -4.96021 2.17921 4.41128 6.68436 12.3177 21.721 31.4577 38.6214 40.7394 39.238 35.1457 28.1617 20.897 14.9578 17.5011 24.484 39.0609 60.7084 89.4129 124.398 166.443 215.23 269.972 329.792 392.301 458.905 347.224 326.312 273.569 156.489 69.2371 0 0 0 0 0 0 0 
280180 -3.96685 -4.41353 -4.42097 1.69069 4.83051 7.16938 12.9337 22.2158 31.421 37.4039 39.5229 38.1857 33.7556 27.0558 19.592 14.3076 15.8859 23.6418 38.1001 58.5984 87.6 122.369 164.011 212.23 266.854 325.904 390.022 457.236 442.122 255.034 312.201 230.05 92.492 0 0 0 0 0 0 0 
300180 -4.04598 -3.56091 -3.62104 2.19827 6.12526 9.15796 14.3207 23.1326 30.0496 35.8783 38.2529 36.8924 31.7345 25.1524 17.3218 12.3917 13.5199 22.126 35.8145 56.4412 84.5239 120.048 160.956 208.884 263.153 322.648 387.257 455.055 464.999 279.847 219.536 202.579 68.8267 0 0 0 0 0 0 0 
320180 -4.81073 -4.31573 -2.61478 1.4674 7.13081 11.1245 16.3532 24.3061 29.2036 33.5374 35.8054 34.8426 29.0827 22.5377 14.6419 10.2442 10.5044 19.6233 33.1454 53.6123 81.3633 116.926 157.517 205.529 259.661 319.715 384.424 450.814 479.083 292.704 195.53 161.407 118.043 0 0 0 0 0 0 0 
340180 -3.70013 -3.44997 -4.51719 1.14636 7.28786 12.9361 18.9657 25.3527 29.9365 32.2429 33.629 31.6488 26.5243 19.6308 12.0965 6.78417 8.5982 15.4407 30.446 50.5751 78.5124 113.688 155.197 202.718 257.917 317.555 381.159 444.352 451.206 338.945 243.293 137.967 140.424 0 0 0 0 0 0 0 
0200 2.29256 0.299286 5.03665 10.9814 15.5075 20.5623 28.2952 32.9134 32.8715 28.4283 26.1327 23.6948 21.8229 20.3187 21.4506 25.2219 31.8418 40.879 56.1131 75.8127 103.489 137.195 177.08 222.65 193.126 237.704 229.361 248.668 267.83 246.722 256.878 266.113 182.36 175.01 115.612 23.0829 0 0 0 0 
20200 0.0932155 1.49805 3.14692 8.6231 13.4754 20.3578 27.0824 32.3412 35.2536 32.0995 27.9104 24.6409 20.7146 17.6697 17.1201 20.0878 26.0455 35.1841 49.977 71.3529 98.4582 133.462 174.293 219.711 190.964 236.258 280.165 228.378 268.177 300.029 235.066 242.331 192.068 176.944 114.397 23.2736 0 0 0 0 
40200 -1.10564 -1.12473 0.796942 4.4812 10.5979 16.5395 25.7071 31.7185 36.0051 35.8817 31.8003 25.9332 19.8584 15.184 11.662 11.4947 15.9944 25.3763 39.0131 61.586 89.1158 125.79 167.392 214.706 264.11 240.443 265.317 287.162 350.248 285.836 293.778 250.419 193.414 85.7596 93.0666 0 0 0 0 0 
60200 -2.87426 -4.78174 -0.344224 2.88503 5.9739 13.2125 21.0276 30.7994 38.2433 38.9326 36.1392 29.3328 20.4383 12.4339 5.95972 4.28902 5.88136 14.579 28.8424 51.4302 80.0884 117.721 160.877 210.344 263.669 317.852 372.132 320.093 340.023 329.915 287.919 292.683 105.861 91.6304 0 0 0 0 0 0 
80200 -4.11764 -2.87798 -3.47302 0.928804 5.35364 10.3407 17.6646 27.2368 36.258 41.641 39.4098 32.4699 21.52 11.7985 3.61923 -0.407201 1.16091 8.93943 22.6131 45.5316 75.3621 114.25 158.387 209.551 265.729 322.674 374.955 424.056 424.872 299.381 231.361 280.21 115.709 0 0 0 0 0 0 0 
100200 -4.63879 -5.13096 -2.76149 1.10639 5.30466 10.6008 17.6109 25.966 33.0451 36.8794 37.2136 33.3819 24.6442 13.0253 5.06779 1.39729 3.27609 10.0928 25.5916 46.9052 78.1054 116.822 161.858 213.63 269.968 326.079 378.086 427.718 404.991 300.771 328.642 184.307 121.046 73.0477 0 0 0 0 0 0 
120200 -4.4148 -2.30797 0.0322719 0.980279 6.90345 13.1615 20.354 25.8519 30.4297 32.9779 32.5986 29.6646 24.6819 16.6961 10.9191 9.29443 11.784 20.3558 34.9595 57.5737 87.7365 125.761 171.429 221.684 274.642 329.22 358.72 409.354 308.265 298.144 249.016 167.553 162.443 120.881 72.2985 0 0 0 0 0 
140200 -1.78412 -2.26069 0.127643 5.21616 9.37706 14.385 21.6658 25.0633 28.0586 29.6163 28.0686 26.4873 24.5436 20.9827 17.9581 18.3818 23.3978 32.5042 48.0047 71.8203 101.577 138.348 182.306 230.459 282.784 311.712 361.526 336.593 210.625 243.208 189.276 201.78 149.287 106.005 117.726 0 0 0 0 0 
160200 1.09538 1.30676 0.946091 6.99643 12.8764 16.3329 20.5205 24.0343 26.3655 26.8876 27.0751 26.9926 26.3252 25.2527 25.4293 26.3233 32.3273 42.7697 60.1245 83.5515 113.191 149.978 191.91 238.5 289.201 317.14 344.799 237.786 229.138 256.241 159.99 178.996 114.206 98.4154 109.898 66.3681 72.4391 0 0 0 
180200 2.29258 0.756049 3.87772 8.24316 11.3301 15.2998 19.1899 22.0224 24.5772 26.5209 28.5521 30.0265 28.6598 28.2669 29.0499 31.0777 36.0782 47.982 65.3729 88.3995 118.341 155.309 197.042 242.176 292.526 321.871 273.804 239.237 254.339 182.89 182.879 180.903 131.62 121.36 110.335 63.2072 69.111 0 0 0 
200200 0.093246 0.585826 4.52661 6.5156 8.69319 12.8127 17.1517 21.2566 25.3005 29.1268 32.7916 32.9342 32.0934 30.3504 30.3119 30.0415 36.1414 46.8548 63.762 86.4477 116.602 152.502 195.472 242.068 292.23 323.504 275.699 247.9 254.652 211.96 214.666 131.739 138.405 152.042 63.0343 64.7911 70.7709 0 0 0 
220200 -1.10567 -1.93674 2.64845 4.17729 6.03775 8.61419 14.4933 20.9924 27.6048 33.507 36.6327 36.6575 35.6672 30.7391 26.8575 26.4382 31.2725 40.8534 56.3563 79.2156 108.225 144.182 187.754 235.877 288.141 344.518 301.543 352.795 275.745 227.002 177.449 168.864 77.5628 104.432 88.2074 71.1144 0 0 0 0 
240200 -2.87427 -4.0389 0.322302 2.01498 2.29465 6.63851 12.1712 20.4012 29.2011 36.4264 41.2443 40.7326 35.2854 28.3641 23.153 20.8655 23.7592 31.5008 46.9504 68.666 97.189 133.771 176.876 226.065 279.277 337.762 399.461 359.028 386.254 220.038 215.462 148.571 107.191 91.8973 0 0 0 0 0 0 
260200 -4.11763 -4.27141 -2.62619 0.870332 3.40163 5.63502 11.3821 20.4608 31.0063 39.0484 41.4129 39.6515 35.3298 28.118 21.2516 15.7652 17.9715 25.3484 39.6426 61.7051 90.3326 125.586 167.942 217.063 271.488 330.948 393.23 459.723 398.029 250.392 294.363 204.257 45.6727 0 0 0 0 0 0 0 
280200 -4.63876 -2.80806 -3.48177 2.0183 5.94907 8.89967 14.6513 23.3877 30.743 35.9145 38.7744 37.2886 33.0712 26.5729 20.241 15.1333 16.7038 24.9199 39.0447 59.7339 87.8799 123.214 164.242 212.175 266.37 325.354 389.618 382.257 384.816 353.32 196.495 203.762 68.0063 0 0 0 0 0 0 0 
300200 -4.41482 -2.56288 -0.301765 3.26412 10.6974 15.5318 21.4017 25.4515 28.6594 31.9195 33.398 32.5637 29.3165 25.5677 21.408 19.6988 21.3862 29.7445 43.4155 63.8734 91.568 125.755 166.072 213.353 266.119 324.424 312.551 316.687 312.185 329.495 255.729 193.016 159.014 21.6785 22.926 0 0 0 0 0 
320200 -1.78413 0.387762 1.12034 5.22312 14.576 21.9536 26.0871 27.2398 27.6903 28.2602 28.6875 26.5299 25.2243 24.3576 24.0181 24.0942 27.8823 35.8268 49.7661 70.1029 97.0136 130.872 171.055 216.697 269.03 326.323 246.304 293.356 287.23 259.268 286.192 226.216 246.475 91.4933 21.7705 22.9934 0 0 0 0 
340200 1.09537 0.6178 3.96196 10.0221 15.3834 23.7211 28.5508 31.1469 29.4303 27.6349 25.8383 24.3058 23.0048 22.6596 23.8147 27.4441 31.7372 41.8833 54.5326 75.6537 102.492 136.114 175.732 221.894 196.617 244.726 233.507 278.427 296.856 255.004 291.122 198.26 210.434 180.871 44.5762 22.6136 0 0 0 0 
0220 21.6258 22.2396 25.307 26.5824 27.4638 29.625 33.0434 35.3709 36.9441 35.4405 34.2632 33.6686 35.0145 39.0441 47.5634 60.7828 76.8871 96.5958 118.643 145.095 94.3221 119.852 71.9731 95.2098 116.228 119.274 147.394 79.2602 125.32 129.555 175.405 183.471 231.091 236.937 165.778 184.308 121.511 107.159 91.4399 0 
20220 17.5152 18.9493 21.1626 24.1725 25.7647 27.7271 30.4671 32.5081 36.7617 36.0662 34.2119 31.8587 31.5033 34.3723 41.3425 53.0345 67.8224 86.4917 107.838 132.218 85.4955 110.007 139.096 169.147 117.864 144.963 150.122 157.455 90.4907 137.458 183.167 189.808 237.71 245.417 173.773 114.466 99.8868 107.995 67.9122 0 
40220 9.45435 10.5822 13.3968 16.4646 20.2469 25.6657 28.6511 31.4494 34.493 36.5273 33.2404 27.4768 24.6495 24.6086 29.0766 37.0147 47.5345 61.3066 80.9931 104.451 132.99 165.691 126.434 161.118 172.15 208.911 165.239 174.182 184.956 144.689 186.443 217.839 240.886 269.016 116.084 100.837 84.5911 67.8971 0 0 
60220 -0.506048 1.77592 1.31782 5.44564 12.504 18.3946 24.8431 31.9854 36.3134 38.0958 34.1507 27.3967 20.5361 16.3916 14.0236 14.618 20.7869 32.0921 47.3491 69.8908 99.6834 135.213 177.021 222.115 271.302 218.199 259.904 279.268 293.931 233.039 260.841 233.351 203.082 99.5471 83.9971 90.9404 73.8089 0 0 0 
80220 -4.75084 -4.24566 -1.91086 -0.0750372 5.33516 10.8103 18.0788 27.9404 37.0851 42.2973 38.8702 31.7033 21.2884 11.241 4.11315 0.83682 2.7232 10.6166 24.4307 47.7058 76.8841 115.63 159.877 210.638 265.783 321.59 373.515 399.85 324.882 294.02 320.349 203.294 110.07 71.8724 0 0 0 0 0 0 
100220 -4.6898 -3.95012 -2.04544 1.73837 5.8507 11.6539 18.5406 26.0691 32.1791 34.7911 35.3817 32.6307 24.1525 13.8651 6.24757 3.71629 5.7143 13.0981 28.9855 50.1653 81.1353 119.59 165.002 216.242 271.016 324.888 377.608 404.543 380.855 299.606 327.5 176.796 95.8177 69.0346 0 0 0 0 0 0 
120220 -0.560128 0.654002 2.57464 4.78694 10.7026 16.2123 22.0891 25.2893 27.3887 27.984 26.4643 24.1641 22.6854 20.3065 19.9681 22.0276 28.0663 40.0922 55.8983 80.2742 109.905 146.249 187.797 233.411 280.515 305.602 330.64 282.135 197.638 229.93 173.914 162.311 156.615 169.999 109.664 140.731 72.8773 0 0 0 
140220 7.74881 8.96475 10.0777 13.6766 17.6 22.2086 21.8248 22.0981 20.907 23.6174 23.5417 24.6393 27.7566 31.684 38.0877 47.3758 57.2316 71.2603 92.6433 118.148 147.165 180.223 216.995 231.802 248.082 213.596 129.097 162.894 99.0343 126.314 142.304 156.491 151.486 188.097 84.0439 94.9827 125.488 137.27 0 0 
160220 18.1239 17.5106 19.4126 20.7361 21.9334 19.9079 18.9437 19.7303 21.8734 24.0707 26.7676 31.0731 37.4337 43.3779 53.2316 66.6784 82.0568 99.7054 119.859 146.083 174.776 206.383 215.719 173.146 156.217 115.318 122.323 78.509 104.86 81.4786 120.01 158.521 157.387 172.94 114.841 103.586 91.3872 121.762 133.444 68.262 
180220 21.6258 22.354 23.0119 22.3208 20.4788 18.1344 18.071 19.3331 23.0624 26.9481 31.3673 35.5326 41.7115 49.1319 60.5774 74.2719 91.9402 110.181 132.501 158.37 186.06 216.341 146.831 152.51 158.847 117.013 147.504 75.4443 74.6019 113.623 113.467 152.964 152.503 193.315 111.259 123.286 111.906 119.422 131.039 63.6792 
200220 17.5152 18.8119 19.3012 19.6213 18.496 17.5347 17.3612 19.7883 24.3999 28.3709 31.4055 36.4373 39.2922 46.9109 56.3912 70.2221 84.7598 101.611 124.005 150.38 179.473 211.626 165.649 149.328 182.509 194.176 154.282 81.8916 81.2194 122.159 124.106 164.372 207.554 128.518 120.221 109.873 121.934 55.0859 60.721 66.5692 
220220 9.45438 8.97393 12.8384 13.5415 11.0509 14.0336 17.6041 21.6999 25.185 28.9995 32.2073 33.1932 35.0916 40.281 46.0588 54.337 63.6789 77.6702 97.1721 122.891 153.652 188.742 226.492 188.208 201.939 218.622 237.715 98.6838 126.765 146.707 174.591 212.777 157.758 151.05 142.946 75.3129 82.1427 65.0927 71.0908 0 
240220 -0.506014 2.87205 2.46006 3.19316 7.25596 8.8763 14.0099 21.4632 28.4494 34.0068 34.3771 35.4427 34.5147 33.0567 30.7915 32.8593 38.6136 49.27 64.3044 88.0473 117.075 153.792 196.212 242.572 219.75 244.529 292.502 317.139 237.565 211.862 186.189 198.394 119.83 102.007 85.7263 92.7944 0 0 0 0 
260220 -4.75075 -2.14669 -3.66626 1.27251 3.08724 5.90812 11.8571 20.5805 31.0343 38.4497 41.5897 39.9671 34.9029 28.4739 22.4316 17.9336 20.0267 27.4748 42.2701 64.1026 92.7024 128.52 171.074 219.988 274.415 332.7 395.109 384.173 391.367 320.565 196.438 199.596 140.63 23.054 0 0 0 0 0 0 
280220 -4.68975 -3.66425 -0.820012 1.90764 7.21394 11.039 16.8172 25.3769 30.2862 34.5439 37.003 36.1705 32.2837 26.8307 21.5263 18.2483 18.7647 28.0353 41.4404 62.2623 90.3287 125.371 166.282 214.081 267.698 326.456 390.381 377.758 397.083 342.287 193.753 201.452 89.5587 22.8532 0 0 0 0 0 0 
300220 -0.560142 2.26341 5.70358 9.40957 17.3885 25.1976 27.5221 27.3735 28.0331 28.1289 27.4185 25.9999 25.8964 26.7016 29.7334 32.6339 38.5345 46.8806 61.9772 81.7977 109.28 143.279 183.42 229.107 205.14 179.785 243.997 213.909 249.472 265.182 268.758 216.918 238.771 136.076 43.7181 22.3349 0 0 0 0 
320220 7.74878 11.5062 15.0276 22.5485 25.0788 28.5632 31.701 32.6705 29.2491 28.7111 26.9656 25.7644 26.0347 30.6997 38.0404 48.4962 59.7824 74.5455 90.3401 113.013 139.966 172.536 211.04 95.6976 127.911 181.304 218.445 130.791 182.677 193.438 221.263 245.132 274.879 199.602 219.273 112.179 44.4504 22.56 0 0 
340220 18.1239 19.6702 22.799 25.9622 26.716 30.0606 34.4946 35.2577 33.9896 32.5059 31.295 30.1813 31.784 36.9959 45.6145 57.6453 74.0486 91.1547 113.645 136.674 165.685 117.58 69.6793 94.7042 141.562 147.327 154.776 108.863 133.446 140.589 187.221 236.98 220.658 248.284 197.073 191.5 129.053 90.8835 22.74 0 
0240 41.7447 41.8951 41.3632 38.0617 37.2444 38.4405 41.0818 46.8427 50.0454 51.8904 53.5903 57.219 62.3631 71.082 84.1352 101.494 123.034 72.4044 92.6826 112.883 53.4978 70.5953 61.146 79.4617 96.8961 40.7437 32.3285 26.3989 65.6714 86.8755 110.682 145.972 174.377 203.53 206.748 233.842 161.812 102.105 112.693 121.493 
20240 36.7457 37.609 38.6431 35.9937 32.4634 33.3947 36.1647 41.3571 45.2405 45.841 50.9247 52.2842 54.8882 61.9823 73.6763 89.5969 109.952 133.423 82.3282 101.934 122.772 67.7403 62.3998 77.212 94.6864 114.762 38.6851 33.0946 53.092 94.0963 119.276 155.224 183.198 213.459 219.849 223.396 170.275 107.678 116.237 124.991 
40240 23.3282 23.8649 25.4186 27.6489 29.2411 29.2307 29.3777 31.9777 37.0133 40.5872 40.6157 37.6695 37.7264 40.8337 48.996 61.3278 78.105 98.2621 121.632 146.751 97.1139 121.218 124.428 153.106 78.7049 121.434 123.942 127.085 78.8725 105.021 128.197 188.364 219.331 228.204 182.326 176.141 113.8 75.387 81.9784 64.4633 
60240 5.76228 5.28279 8.62608 11.4255 14.7998 23.172 28.0354 31.34 34.0765 36.5913 34.6886 27.9658 22.9622 20.8863 22.206 27.9113 36.2708 49.1079 67.496 91.0729 121.404 154.874 194.283 162.361 175.645 212.094 228.181 163.513 198.013 209.308 166.78 224.716 252.107 201.53 147.421 80.2592 63.6564 69.5757 0 0 
80240 -4.85987 -3.59675 -0.777937 1.02358 5.23893 11.5265 19.0722 28.7257 37.8097 42.2245 38.7281 31.4628 21.4372 11.2731 4.88779 2.77424 4.7845 13.1531 27.221 50.5729 79.4741 117.818 162.164 212.37 266.551 321.447 371.921 398.624 298.296 290.116 340.494 214.502 178.879 91.5344 0 0 0 0 0 0 
100240 -5.13352 -1.47919 -2.07431 1.95309 6.23609 12.0831 19.2437 26.188 31.0929 33.1947 33.8044 31.3617 23.4599 14.2462 7.42718 5.3146 8.12649 16.0749 32.06 53.233 84.1308 122.455 167.937 218.338 271.348 323.59 377.041 357.436 379.258 345.632 153.331 192.727 90.9327 66.0688 72.1164 0 0 0 0 0 
120240 3.90433 4.08912 7.31219 10.1268 14.0212 19.5899 22.9695 23.8748 24.5033 25.1081 23.979 23.4636 24.5888 26.0726 30.4656 36.5371 45.1788 59.3022 78.4829 103.858 132.658 165.784 202.714 243.533 239.294 282.879 228.108 169.647 106.576 132.909 174.153 140.569 158.436 171.585 189.611 124.605 136.423 70.3887 0 0 
140240 22.4975 21.478 19.629 21.9991 23.2092 21.0287 20.0488 20.1456 23.3515 26.0585 26.7343 33.7714 41.1263 50.4504 60.4694 75.5861 93.5162 112.862 133.837 156.743 183.841 191.05 121.562 147.762 153.173 160.235 40.2543 64.1854 67.4049 67.8536 103.866 140.394 139.377 135.734 172.776 190.295 105.924 113.028 124.385 136.136 
160240 37.9228 36.331 33.3409 28.7185 26.5568 23.2052 23.3016 24.4741 27.9799 35.2638 41.578 49.4553 61.2947 73.3802 89.3464 106.351 129.022 152.749 173.423 196.004 93.1836 112.699 112.429 135.66 162.178 12.6131 29.9851 49.5969 44.663 40.2484 92.4313 112.302 132.601 150.257 147.944 167.686 108.103 120.264 104.25 115.258 
180240 41.7447 40.169 35.8822 30.2661 25.3839 24.8578 25.8067 29.2535 32.6464 40.3079 48.9948 57.9873 70.1669 83.0557 98.5213 120.188 143.147 167.311 112.983 128.452 99.9232 96.2887 118.346 141.009 91.9047 12.0425 29.9361 21.4411 37.01 54.8304 83.1657 104.497 124.645 165.327 164.227 161.903 102.736 114.372 127.074 111.189 
200240 36.7457 35.9142 32.3096 27.1601 21.1637 22.1278 23.8963 26.9133 32.1379 37.8059 45.9313 53.9284 62.0394 72.7534 89.6494 109.541 131.734 155.397 104.673 120.463 140.24 92.4031 114.702 139.52 90.4374 38.9574 33.3221 26.7189 43.2799 62.3942 93.2424 116.34 157.762 180.026 179.913 99.1687 113.403 126.246 134.844 123.717 
220240 23.3283 22.8599 22.6854 19.3528 17.0149 18.2039 18.6561 22.3771 28.2468 33.65 37.0682 39.2606 45.3868 53.4534 66.5643 81.6577 96.8478 116.27 140.471 166.933 119.101 143.338 146.595 175.615 159.071 116.249 120.516 67.7242 66.704 90.4146 148.091 170.111 194.07 142.343 136.721 128.05 160.945 75.8832 82.5057 65.0148 
240240 5.76234 7.31364 9.49537 7.14652 8.99346 13.621 15.9736 21.4569 28.3596 32.1596 32.4986 33.0838 34.8123 37.765 40.3301 46.499 54.375 66.7661 85.7124 109.468 139.774 175.569 216.171 182.201 222.09 240.081 210.914 176.052 135.644 166.272 223.315 176.45 172.188 190.007 99.9931 83.7608 90.7944 73.815 0 0 
260240 -4.85997 -1.49528 -3.18279 1.21968 3.06294 6.28696 12.1972 20.9639 30.455 37.6656 40.8563 39.3328 33.7931 28.7576 23.3045 19.9382 22.0838 29.4982 44.7153 66.1979 95.1272 131.073 173.945 222.758 277.07 334.177 396.616 356.734 310.394 298.535 169.298 195.76 160.438 22.6065 0 0 0 0 0 0 
280240 -5.13347 -3.89865 0.736355 2.06269 7.43613 12.8872 18.5299 26.2062 29.9761 33.1343 34.8162 34.4493 31.3627 26.8944 22.3189 20.735 21.0553 30.7143 43.9359 64.775 92.9404 127.573 168.557 216.22 269.461 327.901 314.941 373.693 391.261 308.548 359.734 152.941 88.1461 68.8852 0 0 0 0 0 0 
300240 3.90429 8.33951 11.7066 17.2865 24.6818 30.4802 31.7701 30.1506 28.6034 27.2843 26.4254 25.4971 26.132 29.8923 36.8714 43.9943 54.6256 65.7359 82.8571 103.465 130.62 164.462 203.651 169.796 134.968 173.075 133.01 168.076 198.278 235.58 214.889 260.382 289.902 214.849 133.264 42.906 45.3615 0 0 0 
320240 22.4974 25.0325 27.5439 30.175 30.7501 34.0948 37.2623 37.4863 34.2923 33.0807 34.0489 34.3132 37.9208 44.5883 55.0141 69.443 87.3382 107.337 129.496 155.777 186.006 57.1135 77.9856 101.882 123.764 53.0463 75.4425 120.226 124.867 129.472 175.72 222.603 228.729 233.697 260.287 132.179 122.364 108.356 116.898 23.0547 
340240 37.9228 38.0692 36.7785 36.2085 36.9139 37.2813 40.0084 45.126 45.3621 47.1162 46.6581 49.2835 55.1446 63.2047 75.4813 92.8006 114.168 138.154 87.2469 34.6665 50.0259 67.7919 87.1035 78.778 99.1712 42.2112 58.6734 56.1117 74.049 98.0672 123.196 183.077 190.25 194.366 220.812 248.271 97.5266 110.403 121.394 106.154 
0260 48.3621 48.5151 47.4082 46.3989 46.3731 48.52 51.3749 56.7303 60.7147 66.1021 69.6998 75.7434 83.8458 95.1556 109.979 129.813 76.6711 96.1185 37.4543 49.372 41.6499 32.6795 69.3959 86.219 25.9111 37.0914 3.27124 16.7472 52.8194 70.7036 107.665 107.859 149.194 177.745 180.554 205.207 155.076 152.034 95.0451 106.505 
20260 44.8401 46.5581 44.6955 42.1326 40.2825 39.2497 44.6595 48.842 53.5314 58.9144 61.2108 67.4231 73.9091 83.1901 95.8659 114.987 137.069 83.7532 102.122 121.2 62.6428 31.2339 47.2852 82.417 98.7856 17.8465 7.71136 22.7697 39.2137 77.5897 91.9918 116.534 159.5 187.804 216.096 145.628 142.613 162.347 102.585 111.813 
40260 31.3103 31.9939 32.8546 33.4971 31.1528 32.0148 32.6804 34.7025 39.1244 44.3482 47.7443 47.3321 47.3279 54.2546 64.4171 78.8557 97.0517 119.612 145.309 95.7494 114.717 137.015 114.422 60.5253 79.2968 120.423 96.8426 42.8538 63.0734 87.1804 108.779 152.59 197.075 228.04 160.195 156.878 173.689 111.499 96.1221 56.0501 
60260 9.53003 8.20143 12.0345 15.6918 18.3902 24.5789 28.4774 31.7461 33.9962 36.3766 36.1633 30.3554 26.0945 25.3816 28.1963 35.6696 47.0267 61.0905 80.6437 104.773 135.71 167.717 205.515 167.388 178.112 188.832 150.746 154.525 188.37 122.424 151.752 233.897 239.629 189.061 159.61 74.6215 81.2994 63.9452 69.8745 0 
80260 -4.20636 -3.62113 -0.467307 0.51255 5.68593 11.7008 19.61 29.1134 38.0703 42.204 38.8419 31.7299 21.8715 11.5628 5.6903 3.97262 6.34106 14.9509 29.2929 52.662 81.543 119.61 163.954 214.09 267.274 321.65 370.972 398.289 297.073 288.76 323.282 137.044 174.835 89.4536 72.3642 0 0 0 0 0 
100260 -4.3216 -0.672329 -2.12276 1.84004 6.86587 12.3749 19.62 26.3433 30.4781 32.2988 33.1472 30.6142 23.0954 14.2328 8.26746 6.22819 9.84136 17.9221 34.136 55.2474 86.0151 124.31 169.639 219.255 271.002 322.77 376.217 356.395 378.031 345.262 149.548 188.676 161.556 138.2 70.5578 0 0 0 0 0 
120260 8.61766 6.71914 10.052 12.2462 17.5256 18.4596 22.6916 23.0432 22.9789 23.0129 23.2872 24.1286 27.4374 29.8707 36.8068 44.1883 55.8776 70.6628 91.2986 116.959 144.85 174.842 210.697 201.46 241.734 183.605 221.281 162.279 93.6692 136.171 160.41 150.796 146.286 160.382 177.739 121.496 128.898 65.829 71.8622 0 
140260 31.667 29.5631 26.5042 24.3961 25.8746 24.2904 21.8302 22.7055 25.4426 29.4825 34.6624 40.7852 53.0759 64.2062 76.4132 93.4385 112.495 134.968 154.001 177.155 179.413 104.618 126.016 150.822 130.459 83.7457 29.9159 50.5429 51.5735 65.2343 85.1489 119.978 140.867 115.068 153.231 172.174 190.489 105.628 136.693 124.794 
160260 44.6751 41.9049 40.6223 35.6294 32.5377 30.5601 30.4907 32.6286 36.8882 44.7981 54.8574 67.2234 80.9662 94.5227 112.63 132.628 153.716 175.347 96.5182 88.57 104.022 122.13 118.708 141.052 63.0671 6.57134 21.9373 37.0268 28.8871 37.4954 55.3172 90.221 108.861 147.692 144.832 141.78 161.81 104.971 117.13 124.658 
180260 48.3621 47.1105 43.2893 39.1025 35.3083 33.417 34.6398 39.1503 45.6646 54.2316 64.9761 78.2841 92.0424 107.64 125.71 147.962 94.8388 110.761 103.433 94.8871 111.187 107.106 126.48 70.0242 64.3459 6.77893 20.5679 8.96911 21.7903 52.6166 45.8594 80.8526 100.272 138.368 159.111 133.054 153.931 97.2652 110.289 141.793 
200260 44.8402 43.4326 38.1998 33.2117 29.2298 27.0284 30.8133 35.0605 41.5221 49.8794 57.8214 68.6155 81.0309 93.3184 112.274 134.634 158.75 102.375 117.281 109.495 128.671 102.74 124.351 68.1102 86.3883 83.8364 -0.534301 12.8865 27.189 59.3297 78.529 91.9446 132.388 153.308 174.98 173.677 94.0541 109.698 141.906 154.956 
220260 31.3103 29.6188 28.0125 23.4929 19.89 19.4929 21.2466 26.1432 29.243 36.0333 43.628 46.2197 53.991 64.1596 79.9042 98.4292 116.302 137.606 89.0978 110.114 131.257 153.44 131.501 134.418 83.2877 107.297 108.147 29.9493 49.3044 86.2499 126.274 147.16 170.925 193.88 141.989 112.696 147.165 160.49 100.443 60.408 
240260 9.53009 11.2163 12.3702 11.7591 11.0797 15.2566 18.1533 21.5935 27.6002 32.0466 32.4809 32.8474 35.847 40.7501 45.3204 53.4592 63.6539 78.2555 98.1161 122.734 153.229 188.538 149.227 185.14 198.777 238.408 177.167 162.37 121.015 126.998 206.126 234.716 160.301 179.277 168.257 103.105 87.2576 70.7033 0 0 
260260 -4.20622 -1.18968 -2.11656 1.17477 2.46031 6.5567 12.6753 21.1842 30.2917 36.9146 40.0951 38.684 33.1795 28.9866 24.0954 21.3375 23.3652 31.1145 46.1915 67.6484 96.7664 132.655 175.689 224.33 278.557 334.855 321.535 353.686 305.188 367.439 183.387 193.765 158.949 22.4412 0 0 0 0 0 0 
280260 -4.32169 -4.04891 1.44725 4.44883 8.98879 14.1676 19.6989 26.997 30.2959 32.6677 33.8131 33.5229 31.3431 27.1751 23.2875 22.4082 22.9531 32.5071 45.9396 66.7703 94.9748 129.619 170.561 218.254 271.247 329.454 313.913 297.8 313.276 303.135 354.373 152.08 87.1857 68.1085 0 0 0 0 0 0 
300260 8.61757 11.1978 15.8435 20.0275 28.8429 31.739 34.1994 31.1341 28.5792 27.5329 26.8169 26.5303 28.1616 33.2017 41.6164 50.439 63.1237 76.9683 95.8115 117.809 145.115 178.396 140.347 175.216 135.625 167.317 125.297 157.174 185.343 197.698 199.549 228.464 273.361 204.082 123.411 135.273 43.4728 45.9368 0 0 
320260 31.6669 32.8962 33.5839 35.7259 35.9917 37.3674 40.9005 41.622 41.6776 39.8743 38.2825 42.9075 48.6699 56.597 68.7162 84.8018 106.237 127.695 152.697 104.552 50.0164 68.5406 64.431 104.37 29.7797 47.3413 66.4119 108.328 86.7933 112.813 155.825 185.172 206.288 210.382 237.689 187.564 129.748 95.9727 105.561 113.886 
340260 44.6751 46.09 44.2565 43.1964 44.0861 45.2264 49.0537 51.1633 56.2429 57.4056 60.7093 65.0849 72.1633 83.0824 98.2949 117.423 140.398 90.0957 32.1819 46.1724 59.9742 53.3615 67.3963 86.5894 26.6076 38.5247 29.4344 22.258 60.0258 81.2237 119.888 144.838 165.522 168.578 194.56 220.541 169.943 91.5079 104.389 92.4334 
0280 47.6356 48.047 48.1836 46.7012 46.8441 48.4993 52.0947 56.9237 61.607 64.7529 69.376 75.2594 85.3983 96.2964 111.697 131.429 154.383 99.6894 42.2119 30.5584 45.761 36.6513 53.2006 88.3975 26.8626 14.8751 28.1828 19.5922 54.7885 88.4961 109.699 110.179 135.67 180.187 182.723 131.771 151.884 148.001 165.784 104.664 
20280 44.2521 45.4413 44.3576 42.7573 40.1618 41.3575 44.054 49.2567 54.4414 57.5928 62.4751 67.7078 74.2123 85.244 98.426 117.138 139.021 162.344 106.796 125.915 43.6115 34.7116 49.8955 66.6341 102.814 18.9855 33.3124 24.8812 40.8187 79.2191 94.007 119.069 145.843 190.826 218.471 142.91 139.481 157.555 173.73 111.25 
40280 30.5857 31.9031 32.1727 32.0183 31.3845 32.2085 32.6249 33.9061 39.1939 44.7558 46.2914 46.7029 47.7287 54.958 65.6392 79.6343 97.6651 119.926 145.939 170.822 118.461 140.271 117.264 62.3801 82.4752 99.8332 123.608 43.7202 63.9952 64.949 126.218 154.534 199.098 230.158 157.748 153.304 169.88 161.266 95.2905 78.4955 
60280 9.77851 8.00681 11.0824 14.8032 18.9365 23.3057 28.5255 32.414 34.6277 36.605 36.3459 30.8653 26.8831 26.0368 28.3231 35.7923 47.393 61.9501 81.5557 105.543 137.158 168.791 205.726 169.885 180.527 191.142 129.483 156.803 190.906 123.733 152.923 218.824 164.921 187.636 156.912 170.705 57.6322 63.3672 69.2765 0 
80280 -4.8527 -3.2258 -0.397848 0.635036 5.64511 11.6177 19.5023 29.0275 37.9405 42.4227 39.1307 32.1512 22.0026 11.7229 5.88541 4.07622 6.55052 15.1807 29.5217 52.9953 81.7586 119.972 164.359 214.56 267.678 321.873 371.132 398.578 274.548 289.804 324.173 136.418 174.206 89.3543 72.1607 0 0 0 0 0 
100280 -3.87831 -1.12984 -2.84444 2.32804 6.72243 12.3481 19.5986 26.4193 30.4972 32.1889 33.3242 30.8666 23.0249 14.1416 8.2212 6.15929 9.84811 17.9364 34.1928 55.2342 85.9824 124.289 169.425 219 270.627 322.388 375.794 355.787 377.679 345.872 149.615 188.755 87.6621 137.667 70.5556 0 0 0 0 0 
120280 8.46184 7.66682 9.62187 12.2126 17.7272 19.6416 22.4654 23.5626 23.2401 22.9538 23.0773 24.6745 27.876 30.227 36.5175 43.438 55.2028 70.8023 90.8313 116.387 143.965 173.848 209.216 199.633 240.724 182.037 219.565 161.317 92.4895 135.111 159.312 133.304 145.202 160.146 177.502 215.219 131.081 65.8231 71.856 0 
140280 31.6083 28.4322 26.1412 24.4121 25.9327 25.224 21.6725 23.381 25.4381 28.4743 34.0489 42.2437 53.7812 64.5583 76.2167 93.3778 111.597 131.855 152.459 175.507 178.229 102.735 123.834 147.943 127.793 78.3365 28.8347 49.1163 89.4886 63.9684 83.1016 102.867 115.628 155.437 151.179 170.614 166.718 126.573 138.981 127.909 
160280 44.1871 42.0434 39.9364 36.6222 33.5858 30.1352 31.4479 32.275 35.9439 44.9458 55.5821 67.7881 81.265 94.109 112.429 130.625 151.851 173.825 91.9584 108.674 101.506 118.748 116.697 38.0887 56.5223 76.3 19.5593 35.3227 43.0498 35.8911 53.684 71.4973 106.902 121.678 141.841 139.226 159.15 179.024 138.504 127.12 
180280 47.6355 47.443 44.8987 40.1421 35.6567 34.2714 35.1281 38.8697 44.7761 54.1096 65.9704 79.7715 91.8025 107.435 124.891 146.246 91.6904 108.689 100.165 114.919 108.851 104.293 47.5514 63.543 57.9558 77.2306 18.693 7.53975 35.7178 50.8863 44.3083 62.7389 97.1024 136.401 132.531 153.382 151.318 97.663 130.608 144.519 
200280 44.2521 42.1848 40.099 33.9814 29.1822 28.8285 29.5678 35.2414 41.0633 49.2428 58.5461 67.3651 80.729 92.5878 112.228 133.459 81.7574 97.5249 114.548 106.422 126.421 100.92 47.0482 62.33 80.4759 77.0409 -2.51571 10.3707 41.2952 57.6233 76.9543 89.4603 128.993 150.921 148.43 170.559 94.5089 129.562 143.935 157.36 
220280 30.5858 29.4233 27.9303 23.8024 20.7818 19.7762 22.4268 27.0171 30.7098 35.4964 43.3426 46.5036 54.9255 64.3422 79.8237 96.969 114.665 136.2 86.8427 108.086 130.578 129.871 130.392 81.8378 78.5218 102.516 102.964 28.4277 48.1501 85.0699 108.38 168.164 167.989 191.967 118.635 136.682 148.966 162.626 102.91 63.6576 
240280 9.77855 11.455 11.5991 12.607 12.0322 15.4936 17.3319 21.3363 27.5392 30.9354 31.6026 32.5787 35.4343 39.7203 44.1015 52.5722 63.0757 78.0605 97.7687 121.945 152.14 187.772 148.299 183.185 221.14 138.919 173.55 158.498 192.159 141.374 204.479 232.747 160.898 180.348 192.919 104.617 89.3377 72.8417 0 0 
260280 -4.85255 -0.445995 -1.24299 1.42581 2.81948 6.77704 12.9674 21.4499 30.4275 36.9003 39.6625 38.2901 33.0467 28.9155 24.0895 21.3078 23.1535 30.9468 45.8806 67.4164 96.5789 132.329 175.361 223.985 278.295 334.554 320.881 353.03 304.052 366.219 183.954 194.304 182.899 22.4658 0 0 0 0 0 0 
280280 -3.87824 -4.02735 1.60432 4.5027 7.9888 14.0274 19.4472 27.282 30.4668 32.617 33.7248 33.5801 31.5602 27.2787 23.5335 22.4657 23.1258 32.5119 46.1172 66.9786 95.1219 129.996 170.89 218.779 271.792 329.993 314.004 297.351 387.011 303.11 354.228 152.987 87.0369 68.0047 0 0 0 0 0 0 
300280 8.46174 11.3489 15.3268 19.7584 29.0845 34.0056 34.8108 31.6399 29.0464 27.2292 26.1832 26.4852 28.8356 33.7438 42.0178 50.5987 63.4483 77.715 96.6632 119.07 146.563 179.624 141.062 175.553 138.213 75.8805 126.06 157.948 186.174 214.307 199.975 228.39 273.258 204.28 122.385 134.317 43.3823 45.8385 0 0 
320280 31.6082 32.8143 34.3251 36.9065 36.3736 38.979 40.1426 42.7092 41.7735 38.4504 38.1586 41.5231 49.0127 58.4635 70.1615 86.426 106.673 129.223 153.459 104.801 53.3343 72.1267 67.3954 88.5924 53.6422 47.97 68.3781 67.3151 111.471 130.458 157.713 186.64 167.928 211.132 237.941 183.91 128.779 94.4374 104.217 112.727 
340280 44.1871 45.1794 45.1293 44.2736 44.6087 45.4028 50.3797 53.2425 54.749 57.4017 59.389 64.5372 73.9304 84.0136 100.44 119.501 142.144 166.84 36.0314 51.5709 40.7455 57.4846 51.7915 14.6305 27.0747 40.7259 30.961 48.1025 62.1077 99.17 122.143 147.372 151.938 170.161 196.112 146.414 165.921 185.204 103.349 90.0018 
0300 38.9941 40.0103 41.0803 39.7759 40.2855 40.5939 41.8307 46.4892 49.6674 51.1973 52.487 57.1416 64.5012 74.9693 89.4957 106.84 127.667 150.975 175.863 126.845 42.6876 58.1977 51.9206 69.3283 31.3382 22.939 37.935 55.97 52.056 108.024 133.411 136.517 165.332 193.814 134.889 154.376 172.635 165.929 158.921 71.0095 
20300 35.7934 37.4232 37.3173 35.7082 36.7995 36.3808 37.9451 40.2579 44.2627 49.4468 49.1405 49.7439 56.725 65.1018 79.0819 94.2038 114.139 136.807 161.415 187.138 111.314 54.8854 49.2942 66.6778 86.6926 27.4598 43.7658 61.6737 57.2302 96.1775 117.821 145.466 174.725 146.808 144.582 163.991 156.358 172.959 67.1165 73.7157 
40300 22.0786 23.0724 23.486 25.2657 27.8322 30.4411 31.1536 31.8556 36.9918 40.293 40.0286 37.0336 39.1582 44.2466 52.2441 64.2997 80.4608 100.571 124.277 149.538 176.741 205.018 135.29 137.708 87.6711 88.9102 134.019 82.08 82.458 85.8961 130.372 179.106 209.022 177.126 150.239 166.319 157.709 72.6081 79.2795 61.9158 
60300 6.43392 3.81127 7.2875 10.5597 15.6351 18.8746 27.7668 33.2666 35.2306 37.5543 35.3303 29.6329 25.3111 21.9717 23.2071 27.8344 38.124 51.6492 70.1158 94.1034 124.818 158.734 196.838 237.227 256.725 196.163 210.31 174.036 205.475 139.842 185.792 234.519 176.158 172.263 163.587 79.5423 61.972 67.8434 0 0 
80300 -4.5859 -3.19075 -0.938529 0.161893 4.9469 11.2877 18.7799 28.2638 37.2272 42.5121 39.5705 32.6666 21.9291 11.6574 5.13325 3.20472 5.23637 13.806 27.9216 51.442 80.2809 118.987 163.316 213.994 267.855 322.326 372.533 399.553 324.573 292.898 252.163 138.949 176.904 67.684 73.8347 0 0 0 0 0 
100300 -4.56338 -2.05448 -3.06788 1.94753 5.66647 11.8936 19.0763 26.2699 31.0193 32.633 34.0851 31.8816 22.811 13.3663 7.12491 4.6872 7.88298 15.702 31.9532 52.8968 83.7036 122.115 167.164 217.317 270.187 321.778 375.3 355.467 378.076 324.066 176.291 176.935 89.409 139.536 72.11 0 0 0 0 0 
120300 4.44781 4.71635 5.13369 10.3003 15.0024 17.8883 23.1851 24.462 23.6392 24.1712 22.966 23.9834 25.1646 26.1538 28.0488 33.8457 44.3829 58.8461 76.8453 101.938 130.576 162.091 198.567 215.237 234.988 257.284 222.88 190.374 102.786 145.905 147.587 144.836 157.45 171.802 208.989 153.753 64.4129 70.3704 0 0 
140300 21.5323 19.9892 19.9489 20.843 23.6247 22.7741 22.6779 22.6998 21.8653 23.8474 27.7766 35.159 42.7926 50.5629 61.0786 74.2595 89.1925 108.478 129.802 155.05 157.885 186.233 114.266 139.575 145.327 101.157 105.104 59.9873 102.022 101.697 99.9908 97.6045 133.563 172.556 169.011 165.835 203.893 143.904 156.803 68.0342 
160300 35.6344 32.7896 29.6147 30.8096 28.4367 25.5869 24.0084 25.0959 29.0467 33.7002 40.8581 51.4701 63.3004 73.9289 88.2919 105.324 124.393 143.856 166.699 90.2326 110.247 108.303 128.598 76.5782 49.0586 70.8275 94.6171 44.2759 56.7374 52.3877 70.3451 90.2975 122.829 142.893 164.11 161.176 181.258 145.809 135.584 148.187 
180300 38.9941 37.3179 35.4174 33.2344 29.5354 26.9535 25.3071 28.786 32.6877 40.3849 50.6029 58.9632 70.6067 83.3441 98.4708 117.62 136.852 158.031 79.0144 97.6544 117.068 138 62.0877 54.5519 49.7248 69.7077 93.0925 32.5552 48.1273 66.476 62.0962 80.789 136.572 134.767 155.619 177.825 175.897 138.648 153.771 143.482 
200300 35.7935 33.5024 32.1623 28.3673 26.4329 23.1611 24.2888 28.6171 31.8063 37.9628 45.7199 53.9011 63.0847 74.0127 88.7901 106.951 125.738 147.236 92.9192 114.422 113.002 134.041 157.587 53.6635 72.8053 71.3757 94.44 93.9892 55.0558 73.9977 94.8686 111.553 149.91 149.569 171.744 195.008 136.335 151.489 166.322 156.399 
220300 22.0786 22.1301 22.474 19.702 18.9574 19.0695 21.2157 23.0924 26.2116 31.0693 35.3177 39.2176 45.1394 53.8051 62.9165 76.0389 92.4084 112.574 137.314 91.4442 114.054 138.461 141.653 169.845 98.173 100.784 128.338 108.724 77.9702 101.604 145.166 185.812 187.726 189.532 138.115 175.473 167.379 106.667 91.2684 0 
240300 6.43396 7.88314 8.08246 10.5264 11.4442 14.2933 16.6218 22.6562 27.2485 29.9521 31.0753 32.3693 32.8347 35.2749 37.7174 44.5933 53.4332 66.7736 83.912 107.343 136.575 173.375 214.68 177.906 217.988 237.578 177.362 188.24 200.47 154.77 202.697 247.114 174.902 189.714 127.664 112.821 23.3028 0 0 0 
260300 -4.58596 -1.64184 -1.04827 1.84809 3.77205 6.84007 12.9754 21.5917 30.8542 37.622 39.6697 38.1981 33.4023 28.7012 23.276 19.8279 21.5784 29.0378 43.9135 65.6758 94.5117 130.176 172.912 221.543 276.013 333.04 321.02 377.878 306.978 369.5 259.835 197.297 139.036 22.6919 0 0 0 0 0 0 
280300 -4.56334 -3.85696 1.49371 3.50245 7.70228 12.7068 18.3053 26.9698 31.0686 33.4928 35.0032 34.8434 32.3452 27.4147 23.3667 21.2106 21.8641 30.9779 44.7761 65.8363 93.922 128.816 169.939 218.076 271.273 329.983 315.711 299.78 389.012 324.371 335.839 178.859 87.8428 68.6494 0 0 0 0 0 0 
300300 4.44774 7.71422 8.9286 16.0294 25.0253 30.7914 33.4818 31.2715 29.1906 26.4951 25.1258 25.2794 27.6671 31.3428 37.5826 43.9594 55.2786 67.6892 85.0241 106.773 134.32 167.75 206.71 170.77 212.407 157.769 116.932 170.25 201.671 230.723 238.828 243.924 289.506 191.665 130.623 66.1244 45.1665 23.1585 0 0 
320300 21.5323 23.7313 26.0569 30.0692 35.1869 35.7141 38.304 39.9423 34.5434 31.639 31.0399 34.2632 39.5395 47.9524 58.9514 72.3184 89.2626 110.195 132.737 159.204 187.578 138.743 65.8637 88.7758 38.7559 79.669 80.3641 82.7787 129.079 174.257 181.118 187.443 191.872 234.398 180.864 177.362 118.187 105.203 114.111 22.1588 
340300 35.6344 36.5244 37.0943 38.0084 39.6732 40.3992 42.4053 45.3386 46.673 44.8409 45.3406 48.6497 55.9898 67.984 80.9072 97.5481 118.061 141.581 166.088 116.817 39.1532 55.8311 73.6089 70.4566 30.6929 47.2692 41.7637 61.3595 83.9063 119.605 145.702 174.304 178.794 198.448 147.471 165.776 185.154 155.952 93.0753 102.663 
0320 18.836 20.0434 21.7176 26.2302 30.1612 34.0222 37.317 38.3483 38.5833 35.4665 32.0629 34.1376 38.0366 44.647 53.8985 66.4317 83.3938 102.284 124.435 149.166 177.174 185.664 142.406 92.0326 116.873 44.5328 44.404 88.0915 130.34 136.012 161.997 193.66 147.325 143.218 176.438 170.381 139.317 77.9221 84.7781 92.0269 
20320 16.249 16.1644 18.6856 21.4041 25.3535 28.8666 34.4856 36.3753 37.8811 36.2419 33.3618 32.6992 34.6636 39.5616 46.3949 57.7002 73.2142 91.3343 112.395 138.538 165.717 197.555 205.64 164.621 93.1951 98.1184 51.0583 94.5154 120.742 142.886 150.156 200.543 152.902 165.249 158.804 151.511 142.245 78.9176 85.9673 69.1809 
40320 9.18112 7.6949 10.118 12.8863 18.8561 23.5336 29.5202 35.6083 37.6687 36.0009 34.1279 29.7844 28.1379 28.0907 31.4524 38.3141 49.9939 66.7161 85.6023 110.698 140.304 172.558 207.114 222.033 188.097 201.494 137.254 169.727 145.453 145.041 175.915 149.008 172.809 184.785 153.501 143.27 81.1657 64.1385 70.0799 0 
60320 0.946174 -0.601082 2.67942 5.7385 8.34919 16.9906 24.0314 32.166 38.7917 40.3397 36.9306 30.9073 23.3189 17.0856 14.5555 17.0237 22.7282 34.6897 51.8522 74.7023 103.845 140.433 182.841 226.926 272.767 321.236 247.16 266.119 286.283 243.293 214.849 140.792 171.158 165.091 131.595 65.2055 71.209 0 0 0 
80320 -3.77144 -4.11523 -1.97873 0.888045 5.32118 11.0701 18.3614 27.621 36.721 42.2195 40.5655 33.4429 22.491 12.1515 4.70827 1.83506 3.75846 11.7836 25.7737 48.7378 78.2774 117.424 161.601 212.828 268.174 323.486 374.773 400.71 402.221 298.22 235.212 218.679 182.496 71.0032 0 0 0 0 0 0 
100320 -3.96782 -3.88247 -2.21044 1.21354 4.83526 10.8786 18.1943 25.8882 31.7178 33.991 35.3562 32.5867 22.695 12.0785 5.01676 2.2472 4.44856 11.8642 27.9071 49.1238 79.8371 118.232 163.202 214.325 268.861 321.912 374.745 355.2 378.621 376.18 256.123 109.917 112.597 69.0247 0 0 0 0 0 0 
120320 1.39017 -0.611293 2.64112 5.79825 9.98618 16.4865 22.5067 25.9287 26.7063 26.6172 26.7246 25.6563 23.1346 18.5676 16.633 20.3198 26.7613 38.9789 54.3239 78.0469 107.307 143.28 183.599 227.35 249.458 299.781 302.831 274.721 217.537 166.756 169.246 169.059 157.173 213.678 155.282 66.7483 72.8492 0 0 0 
140320 7.45492 8.79243 9.70722 11.8036 18.4528 22.2271 23.7046 22.3179 21.508 21.9 22.9402 26.3436 28.3959 31.1948 35.4192 41.7841 54.6577 69.8965 90.9078 114.123 140.789 172.798 184.425 221.534 188.475 180.076 141.767 175.415 201.307 134.974 112.946 132.493 172.4 186.126 201.875 220.857 85.5453 69.0658 0 0 
160320 15.7125 15.3996 17.8188 20.5851 22.6506 23.3029 22.2219 20.793 20.1163 22.0123 27.1739 32.0332 37.166 43.9941 50.1855 61.1146 74.9426 94.6319 116.262 139.784 167.776 175.015 128.741 158.241 166.376 97.8806 105.246 152.086 184.122 112.039 111.401 110.354 150.818 187.653 228.645 203.212 147.645 86.5158 93.8058 0 
180320 18.8361 18.4119 21.3969 23.2311 23.2598 21.3763 22.6053 21.6229 21.2771 25.1771 30.8622 35.8113 42.5052 48.9822 56.9514 67.3639 84.3334 104.624 126.72 151.507 180.472 108.307 134.209 162.562 114.79 95.5218 100.493 148.367 153.938 103.809 126.644 145.34 145.085 183.424 224.879 224.147 144.719 158.395 95.2201 23.2598 
200320 16.249 16.4734 19.7432 20.9229 20.4458 20.8582 21.9929 21.0604 23.4547 26.477 30.3346 34.226 39.8191 45.3513 51.6669 62.0797 78.2238 97.6162 120.481 145.598 173.106 125.721 131.697 162.039 116.488 121.739 129.097 136.185 158.14 112.385 154.727 156.331 173.825 197.957 241 186.166 178.565 93.7916 22.7121 0 
220320 9.18115 11.044 12.3607 16.0219 16.6584 17.0577 19.3577 22.4522 24.9279 26.8739 28.3172 31.1061 33.023 35.9528 40.0749 48.8228 61.2817 75.8136 95.0774 119.031 147.589 182.322 143.218 179.268 194.431 154.435 164.798 152.084 177.462 210.487 182.876 210.64 207.432 176.592 194.324 110.761 95.8365 23.3026 0 0 
240320 0.946204 1.97365 4.07693 8.08414 7.33407 10.798 17.0142 23.1435 28.1414 30.1815 32.2294 32.1868 29.7393 30.0304 29.5893 32.4627 37.6644 46.4412 62.0401 84.1528 113.232 150.138 192.77 240.607 214.455 259.9 233.976 227.528 242.541 293.3 231.587 202.993 145.463 131.923 118.139 0 0 0 0 0 
260320 -3.7714 -2.22533 -2.26507 0.999981 3.56891 6.23636 12.2317 21.1365 30.8548 38.1487 39.5947 37.52 33.7648 27.7088 21.6626 16.6598 19.0105 26.0621 40.7461 62.5899 91.3619 126.743 169.038 217.911 272.419 330.913 392.832 381.215 313.653 303.02 281.684 202.161 68.0503 23.1718 0 0 0 0 0 0 
280320 -3.9678 -4.62271 0.135891 2.55468 6.8869 10.2746 16.2799 25.3164 31.5528 34.5371 36.8535 36.3432 33.2866 27.2927 22.3901 18.8183 19.5619 28.1968 42.1762 63.616 91.5061 126.635 168.073 216.353 270.214 329.357 391.65 377.562 374.763 408.008 270.377 131.085 89.6584 69.8386 0 0 0 0 0 0 
300320 1.39015 0.0395785 4.68594 10.501 16.9203 22.7341 29.12 32.278 31.0313 28.2619 27.3782 27.1069 27.9508 29.57 30.8976 34.2594 40.2961 50.5991 65.7757 86.6562 114.703 149.256 189.293 235.083 209.377 257.247 208.429 175.512 253.528 259.217 267.429 274.579 217.46 134.232 66.4255 22.2572 23.3092 0 0 0 
320320 7.45487 9.54856 12.6867 18.5765 26.3725 32.2982 36.1188 36.6778 31.6986 27.6517 25.1468 26.4664 29.6892 34.4299 40.8839 49.8828 62.3876 77.9941 96.5796 120.827 147.96 179.435 216.051 178.272 193.538 79.7874 109.707 138.453 163.5 216.429 248.89 230.83 159.127 172.154 189.862 130.163 92.8851 21.899 23.0853 0 
340320 15.7125 15.7687 20.1029 24.7064 29.3277 35.4003 37.6756 39.5159 36.105 30.4239 29.0691 30.9796 35.4126 42.0691 50.5301 62.7384 77.9608 96.7193 118.853 143.232 171.058 202.29 135.765 165.654 117.966 69.3263 48.5995 94.6305 139.45 188.292 196.812 205.047 133.291 152.891 186.935 180.818 99.7136 85.0995 92.1518 22.762 
0340 -1.28687 1.35183 2.40639 7.19685 13.4276 20.1472 28.2171 35.2109 37.3885 35.1141 31.2166 28.1075 25.004 23.8704 24.9749 28.9382 36.2393 48.1069 64.4216 87.3185 115.594 149.098 187.643 232.199 257.179 306.64 283.156 230.587 183.915 218.257 170.183 163.6 157.657 166.125 156.492 93.1811 23.2503 0 0 0 
20340 -0.120773 0.187895 -0.203084 5.99726 11.526 16.5322 25.7302 34.544 38.6347 37.272 34.594 29.1172 24.2844 20.9503 19.9123 22.5023 30.9177 41.3173 58.3954 80.0739 110.117 144.398 183.758 228.173 276.526 301.76 354.483 284.438 172.301 198.89 145.964 187.823 159.479 142.381 155.19 92.3361 0 0 0 0 
40340 -0.988226 -1.28699 -0.656935 3.87766 7.42394 14.6589 22.9973 32.0923 38.0886 40.2444 38.0362 32.2549 24.1053 17.253 13.7899 14.8937 20.3277 30.7296 46.344 68.4734 97.9791 134.877 177.046 223.43 271.672 322.358 351.701 355.998 329.65 209.355 155.39 129.687 165.811 148.991 138.42 71.6897 0 0 0 0 
60340 -4.81674 -1.4016 -3.46665 1.41276 5.30821 11.7955 19.8553 28.7133 36.6206 40.7022 39.9332 34.7264 22.861 13.9632 7.63422 5.86638 8.92177 17.6918 32.5363 54.9914 84.2865 122.799 167.077 217.133 270.246 321.852 374.787 356.132 380.17 325.335 104.488 142.033 172.017 138.551 71.9952 0 0 0 0 0 
80340 -2.97464 -3.58392 -4.00935 1.21478 5.095 10.2017 17.4419 26.4447 35.1738 40.9685 40.8653 33.6354 22.8042 12.5377 4.31873 0.234504 2.08823 9.78851 23.7928 46.2252 76.4364 115.616 160.132 211.509 268.253 325.015 376.788 425.622 403.258 354.341 214.384 295.373 91.7333 0 0 0 0 0 0 0 
100340 -3.84612 -4.7514 -1.52552 0.737246 5.22152 10.5142 17.8685 26.5053 33.2083 37.1672 37.7039 32.9031 23.2935 11.91 4.16854 0.620637 2.32374 9.58472 24.6818 46.4365 77.3868 115.332 160.295 211.928 267.587 323.324 374.231 424.627 379.598 376.411 333.233 114.543 137.405 73.035 0 0 0 0 0 0 
120340 -2.57278 -3.6222 -0.695092 2.89872 5.91775 12.911 20.3817 26.7549 30.36 31.7752 33.4854 30.0838 21.2471 12.1741 7.5694 5.97684 9.14148 17.6234 33.1304 54.5329 85.0332 122.732 166.633 215.497 267.095 319.72 349.936 377.195 401.866 265.365 198.792 176.403 147.548 137.092 72.2641 0 0 0 0 0 
140340 -1.41468 -2.55542 -0.665921 5.29231 8.51313 14.6466 22.5585 25.9094 27.4102 27.7628 28.4432 25.8625 19.6596 15.233 12.4106 14.4594 19.1368 29.2328 43.3612 66.6808 96.0557 132.072 173.43 219.469 269.945 297.815 350.738 280.7 260.42 249.043 184.785 161.64 123.124 151.661 165.041 0 0 0 0 0 
160340 -1.49995 0.778859 3.33027 6.00043 12.7051 18.5454 22.7369 25.2738 25.6763 25.6069 26.3639 24.1301 20.3431 19.0762 19.7725 22.1252 28.8538 38.2709 54.9157 76.8172 105.871 140.567 180.463 226.177 253.001 303.167 278.278 220.035 248.307 263.273 225.603 193.868 235.642 150.043 163.315 22.5223 0 0 0 0 
180340 -1.28687 2.05797 5.80659 8.00876 13.8071 20.0294 21.3722 23.7233 25.1642 26.2604 25.4443 23.7555 22.5213 22.1751 24.1266 27.7737 32.89 43.6427 59.3055 81.3178 110.205 145.115 185.156 231.403 258.217 232.694 200.367 216.514 246.95 258.665 264.708 213.368 236.257 177.908 92.7758 22.0788 23.2074 0 0 0 
200340 -0.120781 0.622514 5.43509 7.61388 12.9651 17.6048 19.2463 23.7067 25.7142 27.0532 26.3478 24.7223 24.474 24.4622 25.5696 27.971 31.9569 42.0585 57.1212 78.4361 108.434 143.394 185.612 231.553 282.83 235.155 203.034 243.381 253.095 241.31 294.753 247.789 263.981 137.419 21.1378 22.4604 0 0 0 0 
220340 -0.988228 -1.13241 1.80047 7.10912 8.98659 12.1618 17.8429 23.6758 27.9389 29.3795 29.3036 28.4581 27.7784 26.0613 24.7604 23.7838 27.4944 35.1025 50.3918 72.056 101.302 136.974 179.724 228.082 280.558 259.788 234.697 256.039 266.338 323.979 313.54 269.004 133.209 66.3183 22.4968 0 0 0 0 0 
240340 -4.81671 -3.65959 0.408811 1.47217 5.22082 8.35738 14.4671 22.8264 30.0993 34.4303 34.8512 33.9451 31.7612 26.076 22.7136 18.7917 20.5452 28.2121 42.3734 64.9172 93.5247 128.497 171.427 220.428 274.533 332.932 315.939 297.198 297.056 349.344 407.78 176.575 89.0806 69.406 0 0 0 0 0 0 
260340 -2.97468 -5.05703 -3.06862 1.8443 4.26383 6.31852 12.2479 21.5638 31.434 38.157 39.8987 37.9087 34.5081 27.1925 20.4341 14.762 16.9973 24.0094 38.6827 59.7786 89.1014 123.834 165.831 214.454 269.023 328.175 390.98 458.037 419.729 233.116 308.607 156.405 68.7887 0 0 0 0 0 0 0 
280340 -3.84614 -3.56015 -2.52346 1.1773 5.51455 7.85458 13.9475 23.1995 32.0113 36.1947 39.1007 38.1657 34.2024 27.7237 21.3182 16.1926 17.6989 25.6365 39.8223 61.5551 89.6512 124.81 166.59 215.014 269.625 329.146 391.99 382.373 362.576 416.339 201.27 131.802 91.4264 0 0 0 0 0 0 0 
300340 -2.57279 -3.16851 -0.380041 4.99912 8.375 13.6839 19.2181 27.1726 32.7888 33.2407 33.4438 34.103 31.792 28.4088 23.9642 22.6671 23.5212 31.9523 47.3674 68.3607 96.3627 131.703 173.301 221.499 275.113 332.484 317.327 296.04 321.1 321.11 306.82 234.355 64.6325 44.7395 23.1151 0 0 0 0 0 
320340 -1.41467 -1.75333 2.84425 4.61953 12.4238 19.2327 24.7674 30.2988 33.5288 32.3991 30.1987 28.9072 28.2515 27.2664 26.9016 27.9839 31.705 40.5029 56.9756 77.3962 105.871 140.466 182.328 228.024 278.811 334.945 215.248 260.453 322.394 300.155 284.878 210.596 181.786 139.846 21.4166 22.728 0 0 0 0 
340340 -1.49994 -0.920117 4.28339 7.13573 12.7509 21.8431 27.8678 32.9106 35.2474 33.5648 29.4027 27.1827 26.2157 25.3098 26.7166 30.8795 36.5795 47.0665 63.4204 85.7213 113.25 147.114 187.298 231.781 281.556 310.476 210.312 254.333 189.272 242.678 219.63 171.03 164.71 174.47 91.5897 22.006 23.1577 0 0 0 
