30 1 2 3 4 5 6 7 8 9 10 11 12 13 14 15 16 17 18 19 20 21 22 23 24 25 26 27 28 29 30
0000 191.243 190.803 177.086 159.439 130.324 92.9954 52.6306 10.7354 -28.2987 -63.683 -92.738 -114.352 -129.54 -139.05 -140.35 -137.856 -125.754 -111.08 -91.1117 -73.258 -56.3127 -42.9368 -29.5026 -19.6173 -12.8241 -7.67677 -1.97887 2.94779 3.63374 -2.1242 
20000 193.109 190.034 180.18 158.004 130.889 91.7238 51.1448 8.76912 -30.1212 -63.7066 -93.2827 -114.134 -129.684 -138.829 -141.493 -136.105 -126.975 -109.419 -92.0881 -73.3722 -58.4895 -43.4123 -30.0942 -19.1823 -11.8565 -4.74863 0.733898 3.98152 3.7869 -2.4793 
40000 193.043 189.479 179.146 158.639 128.798 91.738 52.1278 10.0182 -29.2608 -62.8377 -91.2845 -113.318 -128.454 -137.877 -140.712 -136.734 -126.954 -110.416 -92.0894 -73.2474 -58.9931 -44.5547 -31.0516 -20.0558 -11.9199 -4.82971 1.15168 4.05855 3.3713 -3.20177 
60000 190.402 187.399 175.467 154.981 124.872 91.0051 51.4391 9.4136 -29.9302 -63.0822 -90.6403 -113.257 -128.015 -137.82 -140.225 -136.546 -126.29 -111.575 -90.9659 -72.9179 -56.6555 -42.4433 -29.8354 -18.6621 -10.4516 -4.18937 -0.315233 2.23494 2.38366 -2.00062 
80000 187.367 183.995 172.274 148.275 121.704 88.0519 49.0166 9.0325 -29.5236 -63.1129 -90.6282 -112.6 -127.817 -137.214 -139.974 -134.82 -126.803 -110.72 -90.8796 -70.7423 -53.0304 -38.5293 -27.6404 -16.8534 -7.83053 -3.46339 -2.32454 0.150971 2.51507 -1.89808 
100000 184.358 182.019 167.058 145.343 119.629 85.602 47.3142 7.96504 -29.3742 -62.2451 -90.6059 -111.99 -127.976 -137.708 -139.914 -135.68 -127.274 -110.647 -91.7393 -70.1567 -51.4329 -36.3769 -24.4621 -13.6334 -5.78151 -3.93757 -4.48697 -1.57336 1.9199 -0.56124 
120000 185.841 181.27 165.855 144.764 118.637 83.7716 45.3147 7.45846 -29.866 -63.0249 -91.8116 -112.617 -128.718 -137.845 -140.304 -136.114 -126.523 -111.279 -91.9847 -69.4205 -50.4075 -34.429 -22.4473 -11.4142 -4.29446 -2.96531 -3.15371 -0.803067 1.94856 0.249535 
140000 186.756 181.771 165.85 145.121 115.658 82.314 43.1913 6.41504 -30.3703 -63.5238 -91.7734 -113.928 -129.181 -138.463 -139.972 -136.339 -125.586 -112.016 -91.4173 -70.6523 -51.0941 -34.6976 -21.6 -9.91952 -3.36889 -2.11986 -1.71531 0.116907 1.65969 -0.0495952 
160000 189.948 183.326 168.714 145.522 114.911 81.5531 42.2258 4.29222 -33.0673 -65.6146 -93.4373 -115.528 -130.651 -138.941 -141.243 -136.138 -126.265 -111.53 -91.3447 -71.6345 -52.3351 -35.0232 -21.1898 -10.1318 -3.37654 0.200596 1.5102 2.23986 2.8408 0.142734 
180000 191.243 186.077 172.432 146.78 115.603 78.935 40.3873 1.83836 -34.7143 -67.4289 -95.1628 -116.228 -131.445 -140.168 -142.55 -135.392 -126.57 -109.042 -92.0493 -71.4415 -53.2158 -36.7745 -22.8704 -12.0041 -4.40027 2.60307 4.86803 4.95676 4.0678 0.114985 
200000 193.109 189.401 172.928 148.517 115.446 76.4628 39.115 0.578828 -36.2096 -69.0432 -95.9312 -116.778 -131.471 -141.073 -141.306 -138.463 -125.528 -110.487 -90.4882 -70.7643 -51.8057 -37.035 -23.4476 -14.4519 -5.14261 1.52327 6.03554 7.14054 5.0043 0.514226 
220000 193.043 189.096 173.088 148.842 115.749 76.4799 38.0863 -0.197207 -36.0126 -68.2739 -95.4021 -116.303 -131.554 -140.392 -141.376 -137.2 -124.823 -108.856 -89.7485 -69.3653 -50.9185 -35.8852 -23.9809 -14.2353 -6.25841 0.805416 5.50429 6.87867 4.80036 0.855059 
240000 190.402 186.795 171.497 146.996 115.682 79.6072 39.5836 2.08028 -33.7343 -66.0098 -93.3278 -115.523 -130.416 -139.228 -141.395 -135.969 -125.608 -108.553 -89.7496 -68.324 -49.6084 -34.9312 -23.6175 -14.0428 -7.30399 -1.49443 2.2727 4.06574 4.1656 -0.0662155 
260000 187.367 185.986 170.462 145.604 117.547 82.9525 42.8279 5.78699 -29.5252 -62.8098 -91.3463 -113.502 -128.541 -138.905 -140.049 -135.421 -125.256 -109.635 -89.743 -68.6058 -47.8996 -33.95 -22.8111 -14.3894 -7.71997 -3.58808 -1.94744 0.773683 3.34265 0.50983 
280000 184.358 184.625 169.248 147.038 117.92 86.5827 47.795 8.98953 -27.3576 -62.0043 -90.4477 -112.7 -128.208 -139.219 -139.298 -135.69 -125.016 -110.043 -89.9755 -67.7904 -47.6708 -32.6304 -22.6316 -14.6894 -9.07795 -5.83302 -5.96883 -2.86268 1.23523 0.885009 
300000 185.841 183.139 170.617 149.591 120.088 89.1086 50.7726 11.894 -26.6208 -61.6025 -90.3421 -112.89 -128.368 -138.863 -140.069 -135.518 -124.985 -110.655 -90.6481 -68.186 -48.6008 -33.12 -23.1343 -16.0473 -9.89898 -7.10239 -6.36209 -3.29251 0.985396 0.77324 
320000 186.756 182.499 173.958 151.289 123.501 91.392 52.0447 12.8726 -26.3027 -60.9282 -90.5758 -113.323 -129.21 -137.915 -140.64 -134.654 -125.522 -110.62 -90.7083 -69.554 -50.6236 -34.85 -24.4996 -16.8515 -11.3944 -8.33611 -6.22687 -2.90086 1.40837 0.690993 
340000 189.948 186.369 175.733 155.801 127.665 93.7635 52.4868 11.3812 -27.5904 -62.5713 -91.2865 -114.251 -129.999 -138.355 -141.105 -136.049 -126.217 -110.999 -90.7197 -70.8285 -53.3328 -38.4945 -26.4086 -17.5608 -12.4374 -8.55302 -4.3603 -0.319489 2.56214 -0.429246 
0020 129.61 121.78 108.284 93.6981 75.1812 53.995 30.4577 6.03505 -20.4611 -43.109 -66.4529 -83.2417 -97.7996 -106.272 -111.195 -110.141 -105.232 -94.7872 -80.7109 -62.7229 -45.4555 -26.9684 -14.1808 -7.23481 -5.57999 -5.45007 -5.98111 -5.11104 -3.06927 -1.24351 
20020 142.055 131.005 117.698 99.9543 78.1118 54.7775 28.3503 2.21191 -23.4665 -47.5478 -69.7445 -88.3858 -100.543 -109.418 -113.631 -112.899 -107.812 -99.3866 -84.6037 -67.8079 -50.566 -32.748 -17.4768 -7.10968 -3.33054 -3.56207 -1.84945 -1.79514 0.394219 1.78013 
40020 164.716 152.535 135.034 111.893 88.6921 59.503 29.3802 1.51169 -26.8724 -53.6221 -76.2214 -95.0879 -110.818 -117.986 -122.034 -118.064 -113.702 -102.682 -89.6567 -72.7978 -56.3493 -39.7991 -24.2017 -8.26026 1.48184 3.95052 4.2627 5.53525 2.60555 -1.82898 
60020 183.791 171.832 157.084 130.546 100.197 69.0738 35.4015 1.95373 -28.9131 -59.2278 -85.2017 -106.278 -121.449 -128.649 -133.189 -127.967 -120.23 -106.049 -92.1734 -75.7284 -59.1286 -42.4211 -27.5124 -13.9403 -0.140888 8.90223 12.4642 7.35629 3.26489 -7.57097 
80020 187.886 185.175 167.024 144.654 114.575 81.3362 45.3509 5.34257 -30.9098 -64.1141 -90.511 -112.159 -127.142 -137.253 -137.626 -135.624 -124.118 -110.372 -91.2162 -72.8618 -55.7391 -40.2388 -27.4524 -15.1124 -4.20883 2.27508 4.35336 5.1601 2.81769 -1.97042 
100020 184.178 175.946 168.39 148.82 120.648 91.1608 50.9675 12.0841 -26.3751 -59.9548 -88.4477 -110.684 -126.874 -136.213 -140.24 -135.358 -125.169 -111.591 -89.8266 -68.6308 -50.1608 -35.6255 -24.4376 -15.1494 -10.4903 -9.36137 -8.95576 -6.8718 -1.99272 0.504781 
120020 163.683 166.074 152.524 140.918 116.932 86.5586 56.5163 20.4093 -15.7769 -49.2487 -77.4217 -101.717 -118.209 -129.139 -132.079 -129.464 -119.865 -104.502 -87.7602 -66.1667 -49.3582 -33.8038 -22.2263 -17.7116 -18.9663 -19.4839 -17.922 -14.9131 -10.6712 -4.17359 
140020 144.137 144.965 139.948 124.237 109.704 83.4546 55.261 28.5594 -3.25772 -35.8875 -64.3302 -87.5437 -105.723 -116.272 -120.975 -119.438 -112.727 -99.4884 -82.8967 -66.3846 -48.5856 -36.3564 -25.8304 -23.5078 -24.1968 -25.6284 -24.2118 -19.4616 -14.2098 -10.1355 
160020 132.071 130.558 129.208 116.138 101.088 81.9107 55.9637 30.1811 2.31164 -26.9739 -54.2786 -77.1175 -95.158 -106.066 -112.266 -111.789 -106.434 -96.2909 -80.6388 -66.5211 -51.4562 -39.4961 -31.4317 -28.6741 -28.8582 -29.1977 -26.4991 -22.6435 -16.5825 -9.9318 
180020 129.61 128.879 125.518 112.373 97.2125 79.7486 55.4596 30.6004 0.799585 -26.9251 -51.8816 -75.4042 -90.8558 -103.419 -107.911 -109.445 -103.982 -94.8564 -80.4086 -69.4224 -53.4744 -42.9219 -33.9556 -30.8118 -30.5 -29.4903 -26.7873 -23.4531 -14.6106 -7.02658 
200020 142.055 143.582 134.429 121.322 101.882 79.5761 56.5727 28.3806 -2.81811 -31.6906 -57.053 -78.4567 -95.8101 -106.718 -110.778 -109.67 -104.349 -94.9456 -84.4018 -69.1488 -56.4474 -45.9304 -38.1882 -32.6969 -29.6288 -28.1192 -24.9541 -19.6706 -11.7038 -2.18786 
220020 164.716 161.994 151.929 134.337 108.694 84.0941 51.8493 19.2896 -12.4473 -42.6724 -68.1581 -90.356 -105.783 -117.555 -120.374 -116.926 -107.793 -98.2527 -83.6724 -69.4241 -55.9424 -47.527 -40.9522 -35.2191 -28.5617 -22.3132 -17.9008 -11.0109 -1.32169 4.1364 
240020 183.791 180.634 167.749 147.735 116.956 82.5534 46.0314 10.8847 -23.6472 -54.9216 -81.1205 -103.519 -120.04 -128.551 -130.942 -128.011 -116.922 -102.804 -83.978 -67.7803 -54.4253 -45.5823 -38.295 -31.7036 -25.1399 -17.0864 -6.73246 0.89164 4.50385 3.44735 
260020 187.886 186.454 174.346 146.96 121.403 83.4507 43.8259 6.98368 -28.5917 -60.768 -89.9173 -111.607 -127.134 -136.423 -139.606 -132.945 -125.092 -106.088 -88.1218 -67.1736 -49.8782 -38.5543 -29.242 -21.4887 -14.4315 -7.15192 -1.80125 2.58252 4.64851 2.0386 
280020 184.178 175.796 162.314 141.417 113.584 79.8539 45.6692 7.91904 -28.9647 -62.0973 -90.9517 -112.204 -129.332 -136.476 -140.7 -135.277 -126.116 -111.251 -90.8645 -68.8642 -45.835 -28.8103 -16.6058 -7.87906 -3.62593 -4.92322 -4.84532 -3.21998 -0.34526 -2.03172 
300020 163.683 158.527 145.284 129.565 104.656 74.0512 44.202 9.02909 -24.297 -55.2575 -82.1207 -105.784 -119.561 -130.162 -133.479 -131.225 -122.572 -107.75 -88.9584 -66.2755 -44.9157 -24.5588 -8.75611 -2.52872 -3.37646 -4.20615 -4.66178 -5.21606 -4.43402 -5.2276 
320020 144.137 139.13 128.068 111.016 88.7442 65.3653 38.1282 9.41972 -21.5996 -49.6022 -74.9799 -93.6611 -110.58 -120.26 -124.367 -122.814 -114.847 -100.941 -82.7801 -63.69 -42.9121 -22.97 -8.77462 -4.90045 -2.98978 -2.99444 -4.52867 -6.52925 -6.33223 -10.2424 
340020 132.071 126.66 114.285 97.7537 79.0968 57.404 33.0278 8.74947 -19.3299 -45.6004 -68.8033 -85.9344 -101.599 -110.917 -115.49 -114.298 -107.511 -95.4216 -80.3864 -62.9628 -42.4187 -24.8025 -12.7348 -7.27067 -4.20076 -3.89846 -5.40485 -5.96835 -6.92246 -4.88136 
0040 22.8998 21.995 22.5101 25.4502 27.4319 22.5579 17.4766 7.25115 -3.96393 -13.858 -26.447 -38.0217 -46.9229 -52.707 -54.7715 -54.0575 -48.7684 -42.8255 -36.2619 -31.7185 -29.5329 -30.6295 -27.9834 -26.3532 -22.4099 -17.3829 -16.2531 -15.0444 -15.3442 -12.4555 
20040 36.584 35.5235 34.0835 36.382 32.6492 27.9264 19.5432 6.19164 -5.34398 -19.6827 -33.3587 -44.661 -53.6556 -60.1727 -63.7759 -62.8328 -59.656 -53.5797 -44.0504 -34.1892 -29.4956 -27.7744 -28.0466 -26.261 -21.4843 -17.6578 -15.2871 -13.5677 -10.5847 -7.16809 
40040 80.8001 77.7476 71.0745 64.0379 52.9649 37.4327 22.1722 3.28461 -14.7385 -34.2026 -50.2615 -63.3144 -73.1419 -79.2742 -85.9883 -86.8987 -84.3876 -76.962 -68.3624 -53.3879 -37.6997 -25.3555 -20.7881 -19.3919 -16.179 -12.6807 -10.6034 -8.17398 -2.41657 1.277 
60040 147.314 136.732 121.076 100.202 78.7402 52.3385 25.1766 0.29392 -25.3021 -49.8191 -70.6635 -87.6696 -103.997 -110.175 -114.511 -112.169 -108.09 -97.622 -86.6206 -70.8886 -54.2268 -36.9491 -22.2268 -10.2855 -1.57811 1.02256 3.41813 3.91898 4.94172 2.0579 
80040 187.798 178.529 161.579 139.092 105.685 74.2346 40.6709 4.22738 -31.8755 -63.3433 -89.1722 -111.073 -126.278 -133.971 -136.456 -133.185 -122.461 -109.599 -91.097 -74.1156 -56.8833 -40.7002 -26.6315 -13.5142 -2.42032 5.09349 9.22485 7.65451 2.26469 -1.01714 
100040 176.62 173.098 164.531 148.071 123.062 91.0416 55.8379 14.3858 -23.1559 -56.8276 -85.0746 -107.87 -123.957 -133.649 -137.893 -133.775 -123.831 -108.81 -88.7501 -67.834 -50.257 -35.3749 -24.2402 -16.6376 -15.5734 -14.9198 -13.4036 -10.667 -6.26974 -1.84579 
120040 127.934 128.367 125.355 117.481 102.162 83.3881 58.2521 31.9959 4.82595 -26.062 -53.3532 -76.6451 -94.6404 -106.688 -112.242 -111.319 -104.795 -94.0345 -78.6113 -63.3106 -49.1859 -37.8518 -30.5048 -27.9724 -28.2467 -30.1227 -30.044 -25.9802 -20.566 -18.5739 
140040 73.8684 75.0788 75.5828 73.3401 70.8107 62.5038 49.9851 38.3013 18.2778 1.35238 -17.9852 -36.3363 -53.4781 -68.0689 -77.5578 -80.7316 -79.8586 -74.1054 -68.3615 -60.6396 -51.476 -46.4744 -41.7452 -39.778 -36.3403 -35.8516 -34.4855 -34.7388 -31.5277 -28.5173 
160040 36.3085 38.3821 40.177 44.5582 44.1091 46.1047 43.231 36.1342 27.201 16.4539 3.33376 -10.3372 -24.0545 -38.1292 -48.2778 -55.4481 -60.1142 -61.8059 -61.1793 -56.3746 -52.5886 -50.3428 -47.5596 -43.1382 -40.6787 -37.9259 -38.2844 -36.819 -35.5751 -33.322 
180040 22.8998 24.9823 27.9352 32.1682 37.1957 39.8821 41.9246 38.6303 30.7299 22.5233 12.7237 -1.56506 -14.7637 -26.8877 -37.8354 -48.0662 -56.4099 -59.4104 -59.3669 -55.5093 -52.7041 -50.8616 -48.6184 -44.7156 -41.6703 -39.7891 -39.4042 -38.1615 -37.098 -35.4401 
200040 36.584 37.9245 40.9937 44.5526 49.7492 47.7044 46.3134 41.2922 29.733 17.2614 4.8871 -11.858 -26.6247 -38.3368 -49.8371 -58.9685 -65.7479 -68.7142 -66.8991 -62.2601 -56.3839 -51.8382 -46.8933 -44.3316 -40.7153 -39.1163 -39.5495 -37.1775 -35.7013 -31.1721 
220040 80.8001 84.084 86.7411 83.7381 75.0955 66.9336 54.8798 38.3867 19.569 -1.45084 -23.1971 -42.7267 -56.0795 -67.7158 -75.6329 -80.8695 -83.3631 -82.8724 -77.1094 -70.4516 -62.2546 -53.4195 -44.8608 -40.0218 -36.7045 -35.7412 -34.5532 -32.8462 -27.9707 -20.5526 
240040 147.314 147.386 141.181 124.219 104.294 82.2595 52.861 25.1316 -4.93965 -33.9246 -58.8034 -79.3886 -94.8514 -106.089 -109.542 -107.825 -101.003 -94.3191 -82.2878 -72.6144 -59.8005 -51.7778 -44.58 -38.7869 -32.1569 -27.0982 -21.8714 -15.9347 -8.41124 -2.15545 
260040 187.798 183.639 172.023 149.311 120.139 85.0377 45.5818 9.22898 -24.9529 -57.0681 -85.7371 -108.274 -123.963 -132.789 -136.23 -131.281 -121.671 -104.998 -86.1565 -67.5729 -52.53 -41.9168 -34.1168 -27.0601 -20.8635 -12.6018 -4.06017 0.864377 3.61319 2.37669 
280040 176.62 168.743 154.957 136.192 108.868 76.5282 44.0642 6.87083 -29.1237 -61.4017 -88.4584 -111.413 -126.559 -135.099 -138.718 -134.667 -124.999 -110.066 -90.8021 -68.1473 -45.519 -26.048 -11.1208 -2.51487 -1.44997 -2.84021 -3.24616 -3.48943 -3.67982 -3.59689 
300040 127.934 121.756 112.307 99.8427 81.0414 60.2349 36.8255 9.52629 -16.7453 -45.3814 -67.2022 -86.688 -102.988 -112.548 -117.76 -115.969 -108.623 -95.6048 -78.7657 -57.9792 -38.9767 -21.087 -10.4584 -3.60903 -0.468984 -2.56515 -5.68875 -7.54033 -9.19311 -9.15991 
320040 73.8684 70.8465 65.2592 60.2332 53.051 39.807 25.6077 9.92922 -8.87656 -26.3861 -46.4608 -61.0537 -74.8266 -82.3857 -86.2941 -85.3595 -79.3384 -70.4247 -57.7715 -46.4301 -36.2827 -27.6971 -18.1755 -14.3995 -11.1494 -10.1565 -9.07503 -10.0035 -15.4199 -8.56844 
340040 36.3085 33.9637 34.4236 34.3737 34.5941 28.3647 20.4098 8.80527 -4.11361 -17.1155 -29.4008 -43.2365 -53.4459 -60.3162 -61.8223 -60.7236 -55.7326 -48.8597 -42.554 -37.5146 -32.8894 -29.9632 -26.8112 -21.2276 -19.7472 -15.856 -13.8698 -15.6522 -11.1567 -11.8197 
0060 -32.9724 -27.1577 -22.2595 -15.1454 -7.53458 -1.06975 4.43848 5.59073 6.92936 3.66993 -1.48245 -3.39194 -5.61433 -5.1486 -3.25017 -2.39918 -3.16033 -8.14378 -14.4714 -21.7326 -26.1883 -31.0125 -31.4173 -31.5293 -27.2947 -25.9869 -26.5847 -21.4594 -20.4432 -16.5567 
20060 -20.5046 -16.8944 -10.9613 -3.92336 1.58724 7.67064 8.53389 9.41733 7.1535 -0.750378 -5.32169 -13.4125 -18.816 -19.3616 -17.651 -14.0104 -13.6192 -14.9371 -18.8832 -23.138 -28.3653 -31.9031 -32.1459 -31.7475 -28.5791 -25.1025 -27.3675 -19.8378 -17.7267 -16.1071 
40060 22.7606 22.9775 25.7771 27.6573 26.7501 25.4255 17.3765 8.83583 -1.93592 -13.992 -26.321 -37.3042 -45.6374 -50.657 -52.3016 -50.5511 -48.1902 -42.4317 -36.9224 -34.3287 -32.6434 -30.7904 -32.3745 -28.1174 -24.9735 -21.9615 -18.8794 -13.765 -9.69076 -6.98386 
60060 109.656 102.125 93.7096 79.1622 61.2763 45.0271 22.7074 1.81735 -20.0787 -40.0308 -58.6174 -71.4734 -84.0897 -92.9224 -97.6334 -97.4507 -93.4343 -86.5926 -74.6819 -62.1568 -45.9722 -33.1219 -22.2894 -15.9069 -10.893 -7.5176 -3.36464 -3.71944 0.975212 3.98037 
80060 184.38 172.847 159.48 132.491 100.955 70.3497 37.2905 3.88473 -31.6376 -61.9937 -87.2725 -109.618 -123.119 -130.756 -135.051 -129.2 -121.278 -107.15 -91.6734 -73.5818 -57.9807 -40.7293 -26.2949 -12.7369 -1.97693 6.86016 11.6928 8.04623 2.86443 -0.496011 
100060 168.504 169.407 160.391 147.13 122.395 92.0499 58.5386 18.8984 -18.9698 -52.7947 -80.5713 -103.731 -120.496 -131.286 -133.825 -132.461 -121.777 -107.051 -86.7319 -66.5091 -49.1353 -34.7667 -23.7791 -18.6582 -19.364 -19.8684 -17.7741 -13.8079 -9.18948 -4.00545 
120060 95.4439 98.0671 95.4147 92.753 82.7036 71.2687 55.115 36.3288 14.5128 -8.6205 -31.6687 -51.8213 -70.7018 -82.3101 -89.6831 -92.0373 -88.7668 -82.0035 -71.5681 -60.8645 -51.0448 -43.3616 -38.2819 -34.9381 -34.5394 -34.384 -33.6239 -33.1907 -31.3243 -23.3922 
140060 21.5198 21.8385 24.1861 25.6771 28.9842 29.9068 28.2876 27.2918 24.0608 16.496 10.1465 1.73629 -11.3857 -20.6654 -30.5659 -38.5673 -44.5754 -49.3005 -50.8171 -52.3501 -52.0961 -51.1715 -47.9538 -46.107 -42.082 -41.9445 -37.9647 -38.5848 -37.1515 -36.399 
160060 -20.3723 -21.235 -19.7205 -15.0341 -8.59605 -0.456325 7.7031 13.9692 17.8723 23.5265 24.5438 22.4942 24.3001 14.9142 6.91002 -2.75708 -13.7828 -21.619 -31.4968 -39.0592 -44.2454 -46.7183 -48.4846 -47.4831 -45.9655 -41.6701 -40.9169 -41.1971 -41.0083 -40.8405 
180060 -32.9724 -34.4702 -33.0026 -28.8005 -21.5493 -9.69555 0.960626 11.8329 18.6891 25.6601 30.1676 30.3736 29.6421 24.1929 14.5433 7.47609 -3.63047 -12.1281 -23.4523 -31.9632 -39.9727 -44.4338 -47.0127 -48.9718 -47.107 -44.2479 -42.1488 -42.3752 -44.5253 -43.7336 
200060 -20.5046 -20.6043 -19.9377 -15.6245 -8.20894 2.81421 12.9068 19.5851 28.1732 28.4291 30.885 28.0372 19.2484 12.6888 1.26587 -10.3397 -20.6687 -29.3403 -34.0672 -40.3857 -44.7764 -47.5647 -48.4387 -48.6517 -47.1118 -44.7434 -41.3615 -41.1297 -41.7323 -41.0089 
220060 22.7606 23.1043 25.1562 28.8258 33.0281 36.7581 38.3411 33.7047 29.4526 22.8102 11.447 3.63872 -9.79866 -23.077 -34.0115 -46.2538 -54.7391 -61.0023 -61.4626 -59.7336 -55.615 -52.3682 -47.963 -47.1513 -43.228 -43.0369 -39.438 -37.8998 -37.6925 -34.4484 
240060 109.656 110.058 108.135 99.6581 88.8967 72.2971 53.8737 33.0625 7.66982 -14.4672 -37.9861 -55.7269 -70.8684 -80.8942 -87.6114 -90.4906 -89.495 -86.2357 -81.3236 -73.245 -63.6803 -55.6649 -47.1668 -40.713 -36.495 -33.0709 -29.7242 -26.8198 -20.5398 -12.9693 
260060 184.38 181.458 167.215 150.535 118.878 83.8164 47.2577 10.5557 -23.2999 -55.343 -82.8962 -105.717 -121.351 -130.262 -132.407 -130.441 -117.412 -103.492 -84.5001 -67.8458 -54.1955 -44.1521 -36.3584 -29.6963 -23.1549 -14.9263 -4.96909 0.772178 2.57476 1.39461 
280060 168.504 161.98 149.366 130.296 106.407 75.038 42.1249 6.47149 -28.3867 -58.8015 -86.7035 -109.418 -124.074 -132.935 -137.239 -133.245 -124.47 -108.509 -90.6804 -68.1962 -45.4502 -23.4377 -8.13499 -0.120215 -0.226918 -1.66078 -3.02051 -4.85561 -5.04851 -2.36136 
300060 95.4439 91.595 84.6726 75.996 64.4632 47.9004 31.5072 10.6751 -11.6691 -32.9035 -54.425 -72.4705 -84.6823 -94.6408 -98.5401 -98.3653 -91.23 -79.5338 -66.3233 -50.8615 -36.2912 -24.7753 -14.8743 -9.96599 -6.11407 -4.60255 -5.87122 -8.54224 -12.379 -8.59161 
320060 21.5198 22.7687 24.1962 25.6859 25.4727 26.1165 19.6525 11.6137 1.06984 -11.014 -23.8216 -32.3797 -41.8013 -46.7601 -47.2655 -43.7724 -41.0406 -39.1381 -37.3075 -35.1051 -33.6229 -33.0017 -30.1835 -27.0459 -21.6508 -17.4738 -15.9635 -13.155 -10.3954 -12.7779 
340060 -20.3723 -15.598 -11.1821 -4.66076 2.81913 6.61447 10.1421 8.54057 6.11173 0.467631 -5.72347 -9.3235 -11.3219 -12.4754 -11.3524 -11.7196 -11.5548 -12.0177 -18.3493 -25.5812 -29.6697 -31.7768 -33.8289 -30.0818 -26.6814 -23.9965 -20.8392 -19.8909 -16.321 -14.3353 
0080 -48.9208 -42.4607 -35.7423 -26.5674 -17.6391 -8.18835 -1.43139 5.27833 8.76372 14.1815 17.2773 18.3155 21.2279 21.142 17.5176 13.4222 8.39777 0.416624 -6.99361 -14.0808 -20.2029 -25.6078 -28.3999 -29.9233 -32.659 -29.1594 -28.7458 -25.5103 -23.1164 -21.3284 
20080 -39.3167 -34.3718 -28.0355 -17.7706 -9.40064 0.15933 5.64207 8.53982 10.1965 11.8283 8.47135 9.49263 6.6674 7.51814 7.52535 2.52148 -2.83614 -7.5444 -10.8319 -17.9012 -23.983 -28.2437 -30.6824 -31.327 -29.7649 -27.3343 -27.9259 -24.7851 -22.5295 -19.4094 
40080 -0.966858 1.87103 6.1749 14.0227 15.7322 17.1566 18.0837 11.9205 3.32464 -3.22328 -13.5352 -21.4713 -29.7143 -32.3884 -33.3518 -29.5745 -26.801 -28.5204 -30.4592 -30.7508 -32.4876 -35.0661 -33.125 -31.3719 -27.8803 -26.7089 -23.181 -21.6329 -13.623 -10.1305 
60080 88.6396 83.6499 78.5649 67.9052 53.9709 39.6155 22.9958 2.07838 -15.4776 -35.7331 -49.9805 -64.6778 -73.8873 -83.279 -86.6596 -87.6168 -83.0951 -76.7293 -65.557 -54.2676 -43.5674 -33.4065 -25.3688 -20.2302 -17.8389 -11.0172 -7.3568 -2.20976 -0.192162 3.34259 
80080 179.623 168.621 155.36 127.607 97.117 65.7986 35.289 3.06802 -31.2449 -60.9322 -86.6786 -108.09 -120.585 -129.218 -133.403 -127.263 -120.092 -106.327 -91.527 -73.8916 -56.8438 -40.2265 -25.1143 -11.92 -1.5928 7.36031 12.0522 7.87856 2.54672 -0.506624 
100080 164.599 166.465 159.594 145.423 122.775 92.5745 58.1004 21.313 -16.0249 -49.6829 -78.3372 -101.192 -118.581 -129.206 -131.85 -130.529 -120.049 -105.074 -86.2191 -66.9304 -49.0148 -34.5363 -23.9943 -20.0055 -20.9179 -22.1385 -19.8194 -15.5097 -10.485 -5.72993 
120080 78.8919 79.9481 79.7075 75.9502 68.8026 60.2914 50.1407 33.0085 16.5844 -0.863305 -22.6214 -40.0713 -57.104 -68.749 -76.6001 -79.7401 -79.0971 -75.3862 -67.1366 -59.9662 -52.6079 -47.1058 -40.2523 -39.0287 -36.8664 -36.3278 -35.7807 -36.0751 -32.6908 -29.016 
140080 -0.883811 -1.52152 -0.53414 1.49535 4.70417 9.37254 14.785 14.1679 17.18 20.1024 16.3031 15.6843 9.90898 2.16545 -7.08065 -15.1309 -25.3171 -32.0815 -38.7654 -45.4451 -49.1274 -48.102 -46.7967 -47.9496 -42.7847 -42.3378 -40.2681 -43.645 -38.9731 -39.6544 
160080 -37.3572 -40.9018 -40.3113 -36.9314 -29.7681 -21.313 -12.0279 -2.79527 5.7168 15.0011 22.5621 29.2513 31.2513 30.6406 28.0622 20.5974 12.7701 0.903317 -13.0185 -24.1694 -32.2014 -38.0526 -41.3182 -43.5005 -44.2068 -42.9231 -43.2975 -41.8157 -42.7357 -42.5004 
180080 -48.9208 -51.1712 -51.7947 -48.3548 -41.8417 -32.4171 -20.9886 -9.28098 -0.08927 12.0273 21.7436 26.8312 32.747 33.7105 31.734 30.9173 21.9172 12.6644 -1.86119 -14.734 -24.6566 -35.3465 -37.5436 -41.3328 -43.7736 -43.6724 -44.1043 -43.3609 -42.9439 -45.2835 
200080 -39.3167 -41.749 -42.2997 -38.7749 -31.7355 -22.0731 -10.7576 -0.0399215 9.72432 20.914 27.512 29.2447 29.5612 26.6757 21.0293 16.3846 7.28466 -1.57656 -11.9356 -22.9871 -31.3515 -39.1589 -41.7853 -45.6249 -45.3761 -45.6026 -44.1355 -44.1555 -42.9309 -43.1859 
220080 -0.966858 -1.72782 -0.486427 3.18688 11.0784 14.4289 19.4819 25.8098 24.7322 26.342 24.4647 17.1796 9.16481 -0.289865 -14.4708 -25.5805 -36.4704 -43.9227 -48.2283 -49.3189 -49.3914 -50.3309 -48.872 -48.336 -46.4561 -44.9449 -41.3919 -40.3892 -39.9171 -37.8149 
240080 88.6396 89.9053 87.1654 84.9179 75.8229 65.5744 50.8583 33.7823 15.734 -5.22303 -22.9455 -40.468 -54.0299 -64.3219 -72.8352 -78.962 -81.5489 -81.1443 -79.6175 -72.1582 -65.4649 -55.5825 -50.1871 -41.6633 -37.8872 -33.6278 -33.4418 -29.5483 -26.0679 -18.2945 
260080 179.623 179.388 164.296 150.538 118.312 82.928 47.9178 11.6199 -21.0353 -53.5241 -80.9138 -103.487 -119.198 -128.49 -130.009 -128.702 -115.338 -101.997 -84.7735 -68.1968 -55.6198 -45.5656 -37.9124 -31.3587 -25.0918 -17.0897 -6.8437 -0.887481 1.37444 0.213901 
280080 164.599 158.066 146.627 127.061 104.043 73.5805 41.3358 7.38731 -27.6122 -57.9498 -85.8532 -107.509 -122.577 -131.673 -135.699 -132.033 -123.712 -108.4 -90.1933 -67.7931 -44.5962 -22.8997 -6.83883 0.924293 1.03774 -0.832951 -2.81183 -5.39116 -5.91065 -4.03483 
300080 78.8919 77.0622 71.4814 65.1445 58.0841 44.7084 30.4289 14.4062 -7.66016 -26.2044 -46.967 -63.5414 -75.4863 -83.5217 -87.7927 -87.4075 -81.321 -70.8825 -60.5418 -48.9302 -35.8004 -26.4319 -19.4407 -15.5135 -11.2324 -7.89003 -7.17229 -7.61676 -7.95997 -8.93311 
320080 -0.883811 3.54182 6.2196 10.9048 15.3212 18.2631 17.0986 13.5327 4.83947 -1.92 -12.0321 -19.0411 -24.4412 -25.5494 -25.7516 -25.7817 -25.1575 -23.9841 -25.894 -32.1678 -34.7269 -35.4364 -33.3721 -32.7188 -28.1353 -24.8 -17.7784 -16.4208 -14.9038 -10.885 
340080 -37.3572 -32.7785 -25.2483 -17.2807 -8.32347 -1.76615 3.83626 7.94239 9.07622 9.8326 9.84644 9.42091 10.1047 10.3551 9.01886 8.20574 4.43482 -3.36255 -10.4251 -18.7051 -25.6461 -29.1837 -30.8251 -30.4311 -32.6474 -27.8419 -25.799 -22.5347 -20.4996 -18.0939 
0100 -44.5616 -38.8976 -31.4537 -21.2186 -10.5976 -2.10212 5.16498 11.8467 13.8342 18.1653 20.1594 21.7982 23.2694 19.6276 14.1417 7.25925 3.26497 -2.24454 -8.61768 -15.8774 -23.1741 -29.1686 -31.8244 -31.8729 -31.5819 -31.9872 -28.8001 -28.8391 -26.8653 -22.6125 
20100 -35.3872 -30.6783 -24.709 -11.9277 -3.91947 5.42387 10.4266 12.8548 13.8557 13.1063 11.3252 11.6255 8.90618 8.87146 4.32256 -1.9598 -8.30396 -10.9011 -14.2027 -20.3609 -26.2446 -31.2187 -32.8416 -34.1648 -31.7164 -29.3337 -27.1911 -28.8065 -23.2493 -23.9335 
40100 3.2005 6.52759 12.2805 19.7844 20.5171 21.1978 20.4409 13.6126 5.00105 -4.08545 -14.2341 -22.2506 -29.6069 -31.8802 -32.6088 -30.4698 -29.6452 -32.1743 -34.2491 -34.7689 -35.3586 -35.7375 -35.1889 -31.5307 -28.4514 -28.9467 -25.5952 -19.2083 -13.4622 -9.91109 
60100 91.2456 85.7236 80.9672 70.126 56.7153 41.0461 24.4901 3.7761 -14.2326 -34.316 -49.8153 -65.5165 -75.5928 -83.786 -87.4291 -87.7999 -83.47 -76.7431 -65.8275 -55.8044 -45.8166 -35.49 -26.9939 -21.3583 -16.0788 -10.9897 -6.74224 -1.92674 -0.0153433 3.20529 
80100 180.059 169.386 156.153 128.802 98.2936 66.7512 35.5556 3.90153 -30.679 -60.7018 -86.4785 -108.007 -120.636 -129.582 -133.607 -128.022 -119.935 -106.582 -91.4346 -73.2853 -56.4214 -39.9571 -24.7096 -11.7347 -1.1349 7.44909 11.8354 8.02152 1.6339 -0.50276 
100100 166.249 167.65 161.285 146.096 124.793 94.1604 58.6057 21.482 -16.5864 -49.524 -77.9857 -101.162 -118.345 -129.482 -132.335 -130.697 -120.695 -105.012 -85.9718 -67.8409 -50.0699 -35.8634 -25.0069 -20.6002 -21.077 -22.2515 -20.1417 -15.3762 -9.80163 -6.33223 
120100 81.1872 82.1116 81.3018 79.9736 70.0699 61.2556 50.1327 32.1569 18.0276 -1.26808 -22.66 -40.4112 -57.0031 -68.5442 -76.3587 -79.1809 -78.7633 -75.4537 -68.1666 -59.4866 -53.495 -46.3189 -41.1786 -38.1316 -37.3425 -36.9821 -35.7507 -36.2169 -32.998 -29.1584 
140100 5.49793 2.67424 2.00378 2.33952 4.94243 9.21257 10.8703 13.1371 14.5501 17.6079 15.967 13.6563 9.1094 0.456091 -9.57659 -17.6128 -26.7809 -32.7982 -39.064 -45.0784 -47.8105 -47.8806 -46.8482 -46.1264 -43.7032 -41.827 -41.1468 -40.2474 -38.6553 -39.0121 
160100 -34.2966 -38.1534 -37.2781 -34.8989 -28.4105 -23.7973 -15.6784 -7.45386 1.14 12.3513 18.2348 24.9664 28.0862 26.2636 25.6292 19.5448 10.8676 0.826742 -13.5602 -23.1187 -31.4517 -37.1884 -40.4835 -42.9065 -43.5592 -42.8862 -46.5462 -42.2078 -42.921 -42.3076 
180100 -44.5616 -47.5584 -48.4081 -44.6925 -39.6053 -32.5199 -22.1884 -13.709 -3.54685 7.48757 16.4873 20.9742 28.5677 28.3317 29.7866 27.3425 21.0345 11.9307 -1.58764 -13.7185 -24.5495 -31.6253 -37.4766 -40.0134 -42.4487 -43.3052 -45.4456 -44.1365 -43.9262 -44.6195 
200100 -35.3872 -37.8972 -38.6718 -33.9992 -29.5685 -21.1657 -12.4469 -3.26557 6.71104 16.6647 24.5131 25.2692 24.4696 23.1314 17.9923 14.5652 6.89265 -3.87915 -12.4539 -22.6573 -30.8799 -40.9719 -41.7064 -44.7131 -44.5652 -45.3792 -44.7739 -48.3525 -43.001 -43.9155 
220100 3.2005 3.03514 3.09625 8.02399 10.9186 13.731 16.2999 20.7561 22.5019 21.614 21.2491 15.1849 7.26586 -2.38611 -13.9655 -25.8409 -36.4546 -44.0887 -49.4126 -49.847 -49.9143 -50.3191 -49.0372 -50.0493 -45.8608 -45.0097 -41.792 -39.7988 -38.9927 -36.0469 
240100 91.2456 91.1349 88.5095 84.9693 73.1564 63.6717 48.5258 30.7415 12.8513 -8.1951 -25.497 -42.3622 -55.9809 -65.4833 -73.4666 -79.5143 -82.6553 -82.0702 -79.8424 -71.8599 -66.1613 -55.9849 -50.1844 -41.3039 -37.1221 -34.3217 -35.1606 -28.8106 -24.8337 -17.5915 
260100 180.059 179.583 164.86 150.238 119.186 83.7321 48.472 13.2467 -20.5366 -53.1929 -81.1295 -103.568 -118.947 -128.671 -130.248 -128.319 -115.789 -102.433 -85.2149 -68.182 -55.8565 -45.6365 -38.2845 -31.3339 -25.3272 -17.4006 -7.50852 -1.96289 0.561194 -0.349673 
280100 166.249 159.767 146.749 127.263 103.956 74.7123 41.5168 6.96848 -27.9933 -58.6494 -85.6833 -107.137 -123.001 -131.564 -135.527 -132.283 -123.211 -107.803 -89.9062 -67.8906 -45.8287 -23.4483 -7.03841 1.05301 2.07978 0.107844 -2.45508 -5.22995 -5.73606 -3.96746 
300100 81.1872 78.8922 73.6581 66.2124 59.0926 45.5428 31.7863 15.4818 -8.06367 -28.449 -48.1369 -65.8097 -76.2903 -85.7306 -89.6195 -89.5274 -82.896 -73.1307 -61.6754 -49.366 -35.2754 -26.144 -20.5081 -15.9559 -10.7851 -7.72152 -7.0796 -6.13891 -10.7443 -7.82796 
320100 5.49793 9.19156 11.4134 16.6198 20.5508 23.2425 23.1052 15.5287 7.64213 -1.07249 -10.771 -18.2272 -24.5609 -26.3876 -26.1995 -26.7228 -27.0844 -26.7212 -28.4529 -34.1575 -36.7574 -36.9989 -34.5636 -32.086 -28.5728 -22.9809 -18.4044 -16.3797 -17.0709 -10.984 
340100 -34.2966 -28.9996 -20.5677 -11.5358 -2.80297 4.20014 10.4907 14.6735 14.1203 13.8544 12.3729 11.5911 12.4332 10.1444 7.88857 4.24883 -0.349473 -5.75458 -12.8426 -22.0805 -28.3156 -31.8175 -35.0814 -32.726 -32.0641 -28.6934 -27.8157 -23.9148 -20.5921 -19.0139 
0120 -18.0591 -13.8442 -6.57406 2.83059 11.5964 18.6327 22.2724 19.1572 16.0554 11.1189 6.65635 3.40207 -1.08284 -2.12876 -3.80794 -10.5792 -15.2435 -20.6158 -24.523 -28.7837 -34.0888 -36.741 -36.7554 -34.6551 -32.5869 -29.8757 -25.8119 -22.4734 -21.2014 -16.7945 
20120 -7.07581 -2.74905 3.85287 10.3262 20.2793 22.4079 23.4142 18.7209 10.9551 4.71859 -1.58134 -9.15255 -13.9464 -16.9843 -16.7668 -17.7336 -23.7735 -28.7225 -32.0379 -33.51 -36.0549 -37.0596 -37.3448 -32.8799 -31.1051 -31.0223 -24.8697 -21.5855 -18.4711 -14.1785 
40120 34.1252 36.237 40.1337 41.0836 38.0092 32.9553 23.2903 14.2779 0.98615 -14.2002 -27.2878 -38.8466 -45.9717 -50.1869 -53.1921 -52.2965 -50.0174 -47.2035 -45.5914 -44.8706 -42.2756 -38.5847 -33.2622 -29.3438 -24.4861 -22.6507 -19.7771 -13.0724 -8.14975 -4.94005 
60120 115.327 107.448 97.4347 83.7899 64.731 46.8227 25.4296 3.45929 -18.6481 -40.7018 -57.3576 -73.4581 -87.4247 -95.3205 -99.5408 -96.9007 -92.847 -84.9626 -72.2221 -60.1543 -48.8311 -37.5604 -27.2599 -18.5219 -10.8543 -5.8656 -1.73008 1.97912 3.85915 3.49453 
80120 182.243 172.681 158.439 132.961 102.212 69.8487 38.7 4.27167 -30.8903 -61.6866 -87.5666 -109.397 -122.806 -132.012 -135.617 -130.81 -121.844 -107.876 -91.7206 -73.7719 -56.1264 -40.1918 -24.8581 -12.2692 -2.2792 5.56933 10.4908 8.26915 1.8038 -0.291505 
100120 170.265 170.093 163.656 149.033 125.48 93.9147 57.8066 18.886 -18.9264 -53.0633 -81.2717 -104.47 -120.637 -131.732 -133.836 -131.876 -122.406 -107.376 -87.1617 -68.4729 -49.809 -36.8936 -24.989 -20.2094 -20.0694 -21.1883 -18.441 -14.0286 -8.87565 -6.50283 
120120 101.915 104.202 104.107 94.8221 84.5351 71.6118 52.8335 33.3365 12.7005 -12.7499 -35.54 -55.1872 -72.6034 -84.6403 -90.3978 -91.5092 -90.497 -83.9729 -73.6219 -62.5568 -51.2631 -42.6217 -37.9289 -35.0104 -34.8892 -36.4181 -36.8185 -34.2816 -30.9207 -25.112 
140120 34.8533 32.7061 29.6153 28.4727 29.1769 25.2029 23.4835 19.2646 17.1266 11.5222 4.86063 -2.16658 -14.4596 -24.2159 -33.5291 -42.3371 -48.9864 -52.8072 -52.4193 -52.428 -52.4554 -51.227 -47.3525 -46.368 -41.5992 -41.5458 -40.1566 -38.8324 -37.3936 -36.0206 
160120 -7.49998 -9.70949 -11.3726 -9.67057 -7.6451 -3.50014 -3.38611 3.21247 9.22289 12.346 18.7146 16.5134 14.5406 9.74347 0.769843 -8.55152 -16.5375 -24.8593 -31.883 -39.2062 -43.5816 -46.0234 -48.0959 -46.0328 -44.3387 -43.8063 -45.9672 -42.5317 -39.8216 -39.3997 
180120 -18.0591 -21.2176 -21.4001 -19.512 -16.2081 -10.6185 -9.49683 -2.2777 4.68037 12.7243 19.8628 20.0163 18.3072 14.9741 9.10646 3.47062 -7.20149 -15.9165 -23.9223 -31.0414 -39.1161 -41.8161 -45.3178 -45.4024 -44.9311 -44.6345 -46.2378 -43.9314 -41.5749 -40.1657 
200120 -7.07581 -8.9681 -8.62845 -6.95803 -2.41141 -1.60068 2.54276 6.29131 10.7894 19.1288 18.2793 18.6063 13.4147 4.52448 -0.72711 -11.1523 -21.7669 -30.7916 -36.6405 -39.4498 -43.1555 -47.7372 -46.7616 -46.875 -45.7592 -44.9635 -45.7926 -44.3435 -39.9913 -37.8102 
220120 34.1252 32.715 34.512 33.552 32.3587 30.3379 28.3477 24.6008 19.7723 11.6201 4.65719 -0.924227 -10.9475 -20.5801 -35.2896 -46.3016 -54.7164 -61.0172 -62.7308 -62.0108 -57.6109 -53.0929 -48.0849 -48.1356 -43.8097 -42.7097 -39.2404 -36.8018 -34.4664 -32.3281 
240120 115.327 113.121 109.782 99.9114 87.0525 71.9131 49.1921 29.1225 6.96936 -17.4536 -35.835 -54.9141 -69.6295 -79.91 -86.789 -88.8619 -88.8512 -86.881 -81.4054 -74.2157 -65.5012 -57.2831 -49.681 -40.2601 -36.192 -30.549 -29.3875 -24.1443 -19.1997 -15.4344 
260120 182.243 181.13 166.461 151.287 119.815 84.378 49.2875 11.7975 -21.8461 -54.9364 -82.9822 -105.695 -121.14 -130.722 -133.194 -130.112 -118.268 -102.879 -85.8338 -67.3967 -54.5151 -43.858 -36.2804 -29.4948 -23.856 -15.8667 -6.42922 -1.17023 0.610123 0.0895112 
280120 170.265 162.898 150.287 130.138 105.296 74.1424 41.4957 6.13635 -28.4733 -59.7968 -87.9127 -108.992 -125.18 -132.729 -137.507 -132.784 -124.35 -108.629 -91.4999 -68.4167 -46.111 -23.7492 -8.36803 -0.0174245 1.3109 -0.0591315 -2.68928 -5.12238 -4.98251 -6.69644 
300120 101.915 96.4206 90.0782 81.2033 68.8509 54.5325 35.8321 12.5478 -11.1048 -33.7345 -57.0583 -73.8478 -88.256 -96.6533 -101.959 -101.425 -94.9125 -83.9135 -68.9021 -53.658 -38.0917 -24.1334 -14.7867 -10.6972 -6.18011 -4.1356 -5.45244 -5.53241 -8.55053 -6.72462 
320120 34.8533 36.8258 37.5094 38.779 38.4926 36.9345 29.1688 20.4036 5.34029 -9.42218 -22.5922 -35.0891 -45.1562 -49.8916 -50.6943 -50.0558 -49.222 -46.0512 -43.0813 -40.2538 -39.2724 -36.0054 -33.3644 -29.5077 -24.5455 -18.1639 -15.6127 -12.4463 -9.73023 -7.87757 
340120 -7.49998 -2.96279 4.03678 11.1155 15.7731 23.0389 25.4044 18.3608 13.3512 6.03193 -1.57377 -7.56546 -12.0358 -13.1182 -14.7301 -16.3286 -19.6841 -24.4881 -29.0472 -32.6386 -38.2006 -38.9468 -36.0191 -36.0187 -30.3938 -27.7022 -23.2408 -19.7915 -20.8328 -14.2051 
0140 46.9634 48.8327 50.6187 52.6711 49.0779 41.6033 33.0977 18.3163 4.95561 -12.5688 -29.2978 -42.4923 -50.757 -56.9006 -59.5332 -58.6881 -54.6911 -51.3671 -50.6414 -49.8077 -45.2985 -39.3462 -32.963 -27.5914 -24.4 -23.471 -16.9645 -11.6501 -8.4282 -4.23022 
20140 58.0103 59.1721 60.1331 56.983 52.2513 42.142 29.8823 15.811 -1.03709 -18.795 -35.6918 -48.114 -58.2503 -64.9306 -66.8867 -66.008 -62.4845 -57.3286 -53.4363 -50.5929 -46.6497 -41.0129 -33.043 -26.529 -22.1189 -19.9113 -15.8642 -10.385 -5.91365 -1.56407 
40140 98.3621 93.4808 85.448 76.8856 62.7353 45.2704 27.2312 7.84558 -14.7855 -34.1832 -52.4556 -67.0373 -80.8259 -88.3093 -91.43 -88.8796 -84.3985 -76.2004 -66.5747 -55.4207 -46.2905 -38.9222 -30.1772 -21.3594 -14.5953 -10.7831 -6.49853 -3.35117 1.49218 3.86188 
60140 147.341 139.651 125.141 104.305 80.7545 54.088 28.5339 1.47769 -25.3203 -50.1377 -73.3431 -93.0505 -105.576 -115.12 -116.976 -114.909 -106.754 -96.3733 -82.7368 -66.9419 -52.2891 -38.2815 -25.4552 -13.5052 -2.83896 2.98223 6.39698 5.61996 6.32112 1.68981 
80140 186.069 177.402 161.242 138.492 106.432 73.7372 39.3492 4.41514 -31.7917 -63.2964 -89.6362 -111.607 -125.691 -134.29 -136.422 -133.267 -122.477 -109.858 -91.0398 -73.0207 -54.3372 -38.2592 -23.8351 -11.6794 -2.37035 4.42742 8.2354 7.69486 2.46061 0.1416 
100140 177.939 175.736 165.866 153.04 125.407 93.8726 56.3113 14.6722 -23.4828 -58.0249 -85.4483 -108.556 -124.233 -134.526 -137.249 -134.493 -123.621 -108.973 -88.5429 -68.1255 -50.7686 -37.5417 -25.9524 -18.6871 -16.9296 -16.6344 -14.1528 -10.0437 -5.74477 -2.18155 
120140 134.572 141.609 135.269 126.946 110.863 84.4315 60.4009 28.0563 -3.07538 -29.8564 -58.1318 -79.7468 -97.3719 -108.7 -114.016 -112.285 -105.077 -94.2031 -83.0008 -66.1656 -50.6594 -38.0662 -31.1531 -30.2806 -30.5403 -31.9148 -32.2099 -32.7455 -22.9311 -14.3932 
140140 89.7968 90.5752 87.9094 80.4978 74.233 60.2822 47.2353 30.3922 13.7664 -4.12604 -25.1737 -41.9188 -58.0062 -70.1611 -77.4486 -82.3552 -82.6134 -78.7765 -72.2626 -63.7394 -54.2305 -48.0627 -40.9313 -39.0288 -36.7139 -38.5284 -36.8428 -38.4034 -32.3197 -28.5753 
160140 56.8116 54.4787 51.3863 48.5168 42.5462 37.275 31.5281 23.6615 15.1696 5.99117 -5.50933 -15.9849 -27.9055 -39.1857 -50.0342 -56.6303 -62.6322 -65.1225 -63.9541 -59.1038 -54.7249 -49.945 -46.6971 -46.9429 -42.7632 -40.6125 -38.7094 -36.6108 -34.5662 -32.7179 
180140 46.9634 43.547 43.6637 39.0699 34.4086 30.4207 25.5224 22.7607 13.0061 6.90969 0.377717 -9.28033 -16.7474 -28.1134 -40.2288 -49.5863 -57.2612 -62.0623 -62.8577 -60.5208 -54.7064 -49.6779 -47.5543 -45.4209 -45.6093 -41.424 -39.2613 -35.5387 -33.732 -32.2703 
200140 58.0103 56.3597 54.4939 49.744 45.2457 39.054 32.8799 25.5103 13.9982 5.24827 -6.13376 -13.9262 -24.5315 -35.4096 -47.8106 -57.8698 -64.1084 -67.7921 -68.7136 -66.828 -59.2073 -51.8346 -46.5676 -48.5698 -43.5212 -40.2114 -36.8729 -33.8318 -31.3012 -29.664 
220140 98.3621 95.4893 91.6086 86.2732 75.2617 61.3172 47.9962 28.0391 10.4988 -6.99601 -26.0776 -40.489 -55.6229 -66.3476 -74.0294 -80.3909 -82.1935 -82.967 -79.2484 -73.5051 -65.4375 -57.3932 -47.2288 -42.0813 -36.3389 -34.2916 -31.3878 -28.4378 -25.1634 -23.928 
240140 147.341 149.906 142.049 128.118 108.274 79.7794 54.5368 23.976 -6.10881 -31.6235 -58.1734 -78.5849 -94.7897 -105.34 -109.204 -107.108 -101.953 -93.0306 -84.9864 -72.6483 -63.8101 -54.473 -45.4795 -38.377 -31.0503 -25.1975 -19.3595 -16.4583 -11.5531 -7.58547 
260140 186.069 183.454 172.727 150.996 122.293 86.0742 49.3751 12.7175 -22.9205 -56.2837 -85.848 -108.11 -123.728 -132.5 -136.197 -131.111 -121.423 -105.373 -86.9569 -67.632 -51.7286 -40.6003 -32.8809 -26.1195 -20.3869 -12.4952 -4.98978 -0.655761 1.63685 1.50683 
280140 177.939 170.249 156.961 136.532 109.723 76.5345 44.3263 5.94281 -29.7763 -62.0034 -89.3932 -111.36 -127.219 -135.32 -139.724 -134.705 -125.419 -110.085 -92.2082 -70.2013 -47.7234 -27.3889 -12.2473 -2.32554 -0.224016 -0.907942 -2.26956 -3.45838 -3.77673 -3.92652 
300140 134.572 126.933 117.499 103.404 86.9486 65.6415 40.0512 10.4178 -19.336 -47.0053 -72.1821 -93.1417 -106.016 -117.259 -120.722 -119.3 -112.578 -100.146 -82.6919 -62.3231 -41.2063 -24.232 -8.73649 0.375678 2.42439 -0.342831 -3.12013 -6.56507 -7.69357 -5.89096 
320140 89.7968 87.7601 82.0206 75.2415 63.3467 52.3768 36.7122 16.2609 -7.66644 -27.4208 -50.421 -66.6169 -81.6321 -90.2437 -94.3453 -92.9895 -86.9157 -75.6582 -62.8646 -49.841 -40.1799 -29.715 -22.1383 -17.837 -11.9948 -10.052 -6.21689 -4.53657 -5.51003 -5.75605 
340140 56.8116 58.8928 58.635 57.3465 53.6515 44.549 34.4029 21.0786 2.49184 -14.5496 -32.095 -47.4593 -58.2259 -65.0984 -68.3557 -67.584 -61.9186 -56.2513 -51.7132 -48.7962 -43.6016 -37.3201 -30.3235 -26.8907 -21.1822 -20.0639 -14.0068 -10.0993 -6.4812 -3.64297 
0160 142.439 136.565 124.449 108.931 87.8118 63.1363 36.31 7.31996 -21.3388 -50.6656 -74.3029 -94.1778 -108.237 -118.278 -120.096 -118.172 -109.44 -97.3802 -82.303 -64.9231 -45.0959 -29.2328 -19.2738 -11.0966 -4.88275 -0.272618 1.35395 -0.818703 1.40641 1.72211 
20160 146.473 141.23 129.013 109.507 87.479 62.6878 31.4358 3.74473 -24.2737 -52.0568 -77.0909 -95.1829 -110.108 -118.532 -121.399 -118.257 -109.552 -96.8079 -82.2759 -66.2629 -48.2828 -32.467 -19.1864 -11.6647 -4.95199 0.433517 4.10117 3.99853 1.85409 4.1949 
40160 162.002 153.867 140.127 117.589 92.4573 61.4195 32.2385 2.10744 -28.0416 -57.4369 -81.5925 -102.165 -115.535 -123.706 -126.903 -122.597 -115.119 -101.365 -85.8099 -69.8255 -51.4206 -35.632 -20.7751 -9.38505 -2.46753 3.42933 7.59644 8.73853 5.00707 2.38072 
60160 177.25 169.475 153.02 129.622 98.7939 67.1437 35.2658 1.75891 -31.9368 -62.3841 -88.1799 -108.092 -122.482 -131.682 -133.709 -130.116 -120.571 -107.186 -89.5139 -71.7268 -54.3228 -37.1867 -21.5771 -9.97292 -1.10597 6.05539 9.99039 8.0744 2.20002 0.490792 
80160 186.573 182.138 165.939 142.164 115.589 80.5904 44.9299 6.48316 -29.3245 -62.6231 -90.4715 -111.271 -127.981 -136.472 -138.383 -134.822 -126.135 -110.471 -92.1287 -71.7452 -53.1125 -37.3192 -24.706 -13.6403 -3.62322 0.453071 2.15716 3.77267 3.53013 -1.02113 
100160 185.394 179.7 171.241 152.081 125.367 93.27 53.1381 11.9607 -27.2218 -60.634 -89.0378 -111.095 -127.245 -136.007 -139.978 -135.044 -126.302 -110.13 -89.5544 -69.2662 -51.3552 -38.5464 -27.1073 -17.4788 -12.7368 -10.7036 -8.46366 -5.07315 -0.872797 -0.497873 
120160 169.995 171.709 168.001 153.065 130.02 99.0242 58.6516 20.7274 -18.8353 -52.4904 -79.9816 -103.687 -118.771 -130.189 -132.991 -130.059 -121.483 -106.682 -88.1967 -69.9545 -51.7194 -38.83 -27.5085 -22.7946 -22.3621 -22.942 -21.2977 -15.6767 -9.81427 -2.74252 
140160 153.915 157.853 154.821 145.218 120.771 94.9389 61.9187 24.7148 -8.57342 -41.037 -68.2004 -91.3053 -107.236 -118.498 -122.831 -120.801 -113.013 -102.339 -86.4397 -69.5529 -54.6628 -40.1289 -31.7588 -27.0387 -27.8307 -28.4349 -28.3263 -24.6019 -20.3273 -9.92788 
160160 144.276 145.552 144.192 135.156 112.599 88.3631 58.2463 26.7563 -1.55973 -32.5982 -58.5945 -81.7141 -97.4005 -108.751 -113.212 -112.654 -106.364 -99.0375 -84.9018 -71.1739 -59.2287 -45.8056 -35.594 -28.662 -28.7461 -30.0195 -29.337 -26.486 -22.6445 -14.6415 
180160 142.439 142.986 138.877 128.618 108.697 84.5232 56.8697 26.9289 -1.14707 -30.1018 -55.8963 -77.6755 -94.1488 -103.911 -109.677 -108.85 -105.015 -94.8382 -85.0515 -73.5571 -62.5832 -50.7272 -39.9505 -31.6458 -28.2407 -28.2857 -26.7342 -25.0936 -23.5939 -16.3497 
200160 146.473 149.001 144.866 129.831 111.099 84.6221 55.7988 27.0802 -4.70289 -32.0277 -59.4254 -80.0247 -96.571 -107.023 -110.639 -109.908 -105.311 -95.3936 -84.8237 -75.6121 -62.794 -52.5407 -41.5968 -33.8781 -26.6347 -24.3029 -22.5086 -19.981 -17.3942 -14.8128 
220160 162.002 162.546 156.132 144.166 116.689 88.0862 57.7322 21.9438 -8.26829 -40.5659 -68.1424 -90.2201 -106.437 -115.932 -120.222 -117.255 -108.978 -97.8772 -85.6332 -72.9786 -61.6699 -49.9435 -41.489 -33.6741 -26.6962 -20.5624 -16.4237 -16.2597 -10.4467 -8.56043 
240160 177.25 177.244 168.065 150.591 124.08 88.8966 52.8011 17.5785 -18.6968 -51.2541 -80.3664 -103.102 -118.678 -127.813 -131.622 -127.547 -117.636 -101.949 -85.7421 -71.2278 -56.1991 -45.7687 -36.9686 -30.1565 -24.1045 -17.1074 -8.80942 -4.59595 -2.98117 -2.16448 
260160 186.573 184.379 172.964 147.686 119.446 86.024 46.6429 8.90682 -27.1251 -60.8055 -89.4934 -111.829 -126.438 -136.712 -138.329 -133.64 -123.969 -108.376 -88.377 -68.1468 -49.3424 -36.9109 -27.7978 -21.2403 -14.3744 -7.8561 -4.82104 -1.32282 1.42885 2.33847 
280160 185.394 178.719 163.46 143.136 111.515 80.0292 42.5329 4.19586 -31.6351 -63.9957 -91.504 -113.801 -129.544 -138.407 -140.436 -136.313 -124.941 -111.151 -90.2894 -69.849 -47.2023 -30.278 -16.4775 -7.21382 -2.36084 -1.28594 -1.15712 -0.822851 0.157974 0.228881 
300160 169.995 163.938 147.085 128.878 103.696 73.629 41.6953 4.21852 -29.5555 -61.6171 -88.9329 -108.361 -125.343 -133.266 -136.162 -132.763 -123.162 -108.334 -91.8473 -70.1929 -48.2512 -25.0161 -8.38378 2.03442 5.841 3.83978 -1.05652 -4.28779 -4.28546 -2.87293 
320160 153.915 146.185 131.408 115.488 96.5396 68.9419 40.57 6.81843 -26.5579 -57.2472 -82.7019 -103.609 -117.511 -126.316 -129.736 -126.531 -118.588 -104.607 -88.5692 -67.7763 -45.5252 -24.6426 -9.01377 1.72202 4.83186 2.92875 -1.49818 -3.6155 -3.22007 -3.06691 
340160 144.276 137.261 123.61 109.995 89.9624 64.2904 39.368 10.3061 -21.2467 -52.4559 -76.6009 -96.6449 -110.779 -119.469 -123.463 -120.966 -112.614 -99.5538 -84.593 -64.0427 -43.9926 -25.5219 -14.819 -6.34237 -0.606562 1.2047 -0.0187285 -3.80916 -1.56272 -4.07161 
0180 191.243 186.077 172.432 146.78 115.603 78.935 40.3873 1.83836 -34.7143 -67.4289 -95.1628 -116.228 -131.445 -140.168 -142.55 -135.392 -126.57 -109.042 -92.0493 -71.4415 -53.2158 -36.7745 -22.8704 -12.0041 -4.40027 2.60307 4.86803 4.95676 4.0678 0.114985 
20180 189.948 183.326 168.714 145.522 114.911 81.5531 42.2258 4.29222 -33.0673 -65.6146 -93.4373 -115.528 -130.651 -138.941 -141.243 -136.138 -126.265 -111.53 -91.3447 -71.6345 -52.3351 -35.0232 -21.1898 -10.1318 -3.37654 0.200596 1.5102 2.23986 2.8408 0.142734 
40180 186.756 181.792 165.85 145.121 115.658 82.314 43.1913 6.41504 -30.3703 -63.5238 -91.7734 -113.928 -129.181 -138.463 -139.972 -136.339 -125.586 -112.016 -91.4173 -70.6523 -51.0941 -34.6976 -21.6 -9.91952 -3.36889 -2.11986 -1.71531 0.116907 1.65969 -0.0495952 
60180 185.841 181.27 165.855 144.764 118.637 83.7716 45.3147 7.45846 -29.866 -63.0249 -91.8116 -112.617 -128.718 -137.845 -140.304 -136.114 -126.523 -111.279 -91.9847 -69.4205 -50.4075 -34.429 -22.4473 -11.4142 -4.29446 -2.96531 -3.15371 -0.803067 1.94856 0.249535 
80180 184.358 182.019 167.058 145.343 119.629 85.602 47.3142 7.96504 -29.3742 -62.2451 -90.6059 -111.99 -127.976 -137.708 -139.914 -135.68 -127.274 -110.647 -91.7393 -70.1567 -51.4329 -36.3769 -24.4621 -13.6334 -5.78151 -3.93757 -4.48697 -1.57336 1.9199 -0.56124 
100180 187.367 183.995 172.274 148.275 121.704 88.0519 49.0166 9.0325 -29.5236 -63.1129 -90.6282 -112.6 -127.817 -137.214 -139.974 -134.82 -126.803 -110.72 -90.8796 -70.7423 -53.0304 -38.5293 -27.6404 -16.8534 -7.83053 -3.46339 -2.32454 0.150971 2.51507 -1.89808 
120180 190.402 187.399 175.467 154.981 124.872 91.0051 51.4391 9.4136 -29.9302 -63.0822 -90.6403 -113.257 -128.015 -137.82 -140.225 -136.546 -126.29 -111.575 -90.9659 -72.9179 -56.6555 -42.4433 -29.8354 -18.6621 -10.4516 -4.18937 -0.315233 2.23494 2.38366 -2.00062 
140180 193.043 189.479 179.146 158.639 128.798 91.738 52.1278 10.0182 -29.2608 -62.8377 -91.2845 -113.318 -128.454 -137.877 -140.712 -136.734 -126.954 -110.416 -92.0894 -73.2474 -58.9931 -44.5547 -31.0516 -20.0558 -11.9199 -4.82971 1.15168 4.05855 3.3713 -3.20177 
160180 193.109 190.034 180.18 158.004 130.889 91.7238 51.1448 8.76912 -30.1212 -63.7066 -93.2827 -114.134 -129.684 -138.829 -141.493 -136.105 -126.975 -109.419 -92.0881 -73.3722 -58.4895 -43.4123 -30.0942 -19.1823 -11.8565 -4.74863 0.733898 3.98152 3.7869 -2.4793 
180180 191.243 190.803 177.086 159.439 130.324 92.9954 52.6306 10.7354 -28.2987 -63.683 -92.738 -114.352 -129.54 -139.05 -140.35 -137.856 -125.754 -111.08 -91.1117 -73.258 -56.3127 -42.9368 -29.5026 -19.6173 -12.8241 -7.67677 -1.97887 2.94779 3.63374 -2.1242 
200180 189.948 186.369 175.733 155.801 127.665 93.7635 52.4868 11.3812 -27.5904 -62.5713 -91.2865 -114.251 -129.999 -138.355 -141.105 -136.049 -126.217 -110.999 -90.7197 -70.8285 -53.3328 -38.4945 -26.4086 -17.5608 -12.4374 -8.55302 -4.3603 -0.319489 2.56214 -0.429246 
220180 186.756 182.499 173.958 151.289 123.501 91.392 52.0447 12.8726 -26.3027 -60.9282 -90.5758 -113.323 -129.21 -137.915 -140.64 -134.654 -125.522 -110.62 -90.7083 -69.554 -50.6236 -34.85 -24.4996 -16.8515 -11.3944 -8.33611 -6.22687 -2.90086 1.40837 0.690993 
240180 185.841 183.139 170.617 149.591 120.088 89.1086 50.7726 11.894 -26.6208 -61.6025 -90.3421 -112.89 -128.368 -138.863 -140.069 -135.518 -124.985 -110.655 -90.6481 -68.186 -48.6008 -33.12 -23.1343 -16.0473 -9.89898 -7.10239 -6.36209 -3.29251 0.985396 0.77324 
260180 184.358 184.625 169.248 147.038 117.92 86.5827 47.795 8.98953 -27.3576 -62.0043 -90.4477 -112.7 -128.208 -139.219 -139.298 -135.69 -125.016 -110.043 -89.9755 -67.7904 -47.6708 -32.6304 -22.6316 -14.6894 -9.07795 -5.83302 -5.96883 -2.86268 1.23523 0.885009 
280180 187.367 185.986 170.462 145.604 117.547 82.9525 42.8279 5.78699 -29.5252 -62.8098 -91.3463 -113.502 -128.541 -138.905 -140.049 -135.421 -125.256 -109.635 -89.743 -68.6058 -47.8996 -33.95 -22.8111 -14.3894 -7.71997 -3.58808 -1.94744 0.773683 3.34265 0.50983 
300180 190.402 186.795 171.497 146.996 115.682 79.6072 39.5836 2.08028 -33.7343 -66.0098 -93.3278 -115.523 -130.416 -139.228 -141.395 -135.969 -125.608 -108.553 -89.7496 -68.324 -49.6084 -34.9312 -23.6175 -14.0428 -7.30399 -1.49443 2.2727 4.06574 4.1656 -0.0662155 
320180 193.043 189.096 173.088 148.842 115.749 76.4799 38.0863 -0.197207 -36.0126 -68.2739 -95.4021 -116.303 -131.554 -140.392 -141.376 -137.2 -124.823 -108.856 -89.7485 -69.3653 -50.9185 -35.8852 -23.9809 -14.2353 -6.25841 0.805416 5.50429 6.87867 4.80036 0.855059 
340180 193.109 189.401 172.928 148.517 115.446 76.4628 39.115 0.578828 -36.2096 -69.0432 -95.9312 -116.778 -131.471 -141.073 -141.306 -138.463 -125.528 -110.487 -90.4882 -70.7643 -51.8057 -37.035 -23.4476 -14.4519 -5.14261 1.52327 6.03554 7.14054 5.0043 0.514226 
0200 129.61 128.879 125.518 112.373 97.2125 79.7486 55.4596 30.6004 0.799585 -26.9251 -51.8816 -75.4042 -90.8558 -103.419 -107.911 -109.445 -103.982 -94.8564 -80.4086 -69.4224 -53.4744 -42.9219 -33.9556 -30.8118 -30.5 -29.4903 -26.7873 -23.4531 -14.6106 -7.02658 
20200 132.071 130.558 129.208 116.138 101.088 81.9107 55.9637 30.1811 2.31164 -26.9739 -54.2786 -77.1175 -95.158 -106.066 -112.266 -111.789 -106.434 -96.2909 -80.6388 -66.5211 -51.4562 -39.4961 -31.4317 -28.6741 -28.8582 -29.1977 -26.4991 -22.6435 -16.5825 -9.9318 
40200 144.137 144.965 139.948 124.237 109.704 83.4546 55.261 28.5594 -3.25772 -35.8875 -64.3302 -87.5437 -105.723 -116.272 -120.975 -119.438 -112.727 -99.4884 -82.8967 -66.3846 -48.5856 -36.3564 -25.8304 -23.5078 -24.1968 -25.6284 -24.2118 -19.4616 -14.2098 -10.1355 
60200 163.683 166.074 152.524 140.918 116.932 86.5586 56.5163 20.4093 -15.7769 -49.2487 -77.4217 -101.717 -118.209 -129.139 -132.079 -129.464 -119.865 -104.502 -87.7602 -66.1667 -49.3582 -33.8038 -22.2263 -17.7116 -18.9663 -19.4839 -17.922 -14.9131 -10.6712 -4.17359 
80200 184.178 175.946 168.39 148.82 120.648 91.1608 50.9675 12.0841 -26.3751 -59.9548 -88.4477 -110.684 -126.874 -136.213 -140.24 -135.358 -125.169 -111.591 -89.8266 -68.6308 -50.1608 -35.6255 -24.4376 -15.1494 -10.4903 -9.36137 -8.95576 -6.8718 -1.99272 0.504781 
100200 187.886 185.175 167.024 144.654 114.575 81.3362 45.3509 5.34257 -30.9098 -64.1141 -90.511 -112.159 -127.142 -137.253 -137.626 -135.624 -124.118 -110.372 -91.2162 -72.8618 -55.7391 -40.2388 -27.4524 -15.1124 -4.20883 2.27508 4.35336 5.1601 2.81769 -1.97042 
120200 183.791 171.832 157.084 130.546 100.197 69.0738 35.4015 1.95373 -28.9131 -59.2278 -85.2017 -106.278 -121.449 -128.649 -133.189 -127.967 -120.23 -106.049 -92.1734 -75.7284 -59.1286 -42.4211 -27.5124 -13.9403 -0.140888 8.90223 12.4642 7.35629 3.26489 -7.57097 
140200 164.716 152.535 135.034 111.893 88.6921 59.503 29.3802 1.51169 -26.8724 -53.6221 -76.2214 -95.0879 -110.818 -117.986 -122.034 -118.064 -113.702 -102.682 -89.6567 -72.7978 -56.3493 -39.7991 -24.2017 -8.26026 1.48184 3.95052 4.2627 5.53525 2.60555 -1.82898 
160200 142.055 131.005 117.698 99.9543 78.1118 54.7775 28.3503 2.21191 -23.4665 -47.5478 -69.7445 -88.3858 -100.543 -109.418 -113.631 -112.899 -107.812 -99.3866 -84.6037 -67.8079 -50.566 -32.748 -17.4768 -7.10968 -3.33054 -3.56207 -1.84945 -1.79514 0.394219 1.78013 
180200 129.61 121.78 108.284 93.6981 75.1812 53.995 30.4577 6.03505 -20.4611 -43.109 -66.4529 -83.2417 -97.7996 -106.272 -111.195 -110.141 -105.232 -94.7872 -80.7109 -62.7229 -45.4555 -26.9684 -14.1808 -7.23481 -5.57999 -5.45007 -5.98111 -5.11104 -3.06927 -1.24351 
200200 132.071 126.66 114.285 97.7537 79.0968 57.404 33.0278 8.74947 -19.3299 -45.6004 -68.8033 -85.9344 -101.599 -110.917 -115.49 -114.298 -107.511 -95.4216 -80.3864 -62.9628 -42.4187 -24.8025 -12.7348 -7.27067 -4.20076 -3.89846 -5.40485 -5.96835 -6.92246 -4.88136 
220200 144.137 139.13 128.068 111.016 88.7442 65.3653 38.1282 9.41972 -21.5996 -49.6022 -74.9799 -93.6611 -110.58 -120.26 -124.367 -122.814 -114.847 -100.941 -82.7801 -63.69 -42.9121 -22.97 -8.77462 -4.90045 -2.98978 -2.99444 -4.52867 -6.52925 -6.33223 -10.2424 
240200 163.683 158.527 145.284 129.565 104.656 74.0512 44.202 9.02909 -24.297 -55.2575 -82.1207 -105.784 -119.561 -130.162 -133.479 -131.225 -122.572 -107.75 -88.9584 -66.2755 -44.9157 -24.5588 -8.75611 -2.52872 -3.37646 -4.20615 -4.66178 -5.21606 -4.43402 -5.2276 
260200 184.178 175.796 162.314 141.417 113.584 79.8539 45.6692 7.91904 -28.9647 -62.0973 -90.9517 -112.204 -129.332 -136.476 -140.7 -135.277 -126.116 -111.251 -90.8645 -68.8642 -45.835 -28.8103 -16.6058 -7.87906 -3.62593 -4.92322 -4.84532 -3.21998 -0.34526 -2.03172 
280200 187.886 186.454 174.346 146.96 121.403 83.4507 43.8259 6.98368 -28.5917 -60.768 -89.9173 -111.607 -127.134 -136.423 -139.606 -132.945 -125.092 -106.088 -88.1218 -67.1736 -49.8782 -38.5543 -29.242 -21.4887 -14.4315 -7.15192 -1.80125 2.58252 4.64851 2.0386 
300200 183.791 180.634 167.749 147.735 116.956 82.5534 46.0314 10.8847 -23.6472 -54.9216 -81.1205 -103.519 -120.04 -128.551 -130.942 -128.011 -116.922 -102.804 -83.978 -67.7803 -54.4253 -45.5823 -38.295 -31.7036 -25.1399 -17.0864 -6.73246 0.89164 4.50385 3.44735 
320200 164.716 161.994 151.929 134.337 108.694 84.0941 51.8493 19.2896 -12.4473 -42.6724 -68.1581 -90.356 -105.783 -117.555 -120.374 -116.926 -107.793 -98.2527 -83.6724 -69.4241 -55.9424 -47.527 -40.9522 -35.2191 -28.5617 -22.3132 -17.9008 -11.0109 -1.32169 4.1364 
340200 142.055 143.582 134.429 121.322 101.882 79.5761 56.5727 28.3806 -2.81811 -31.6906 -57.053 -78.4567 -95.8101 -106.718 -110.778 -109.67 -104.349 -94.9456 -84.4018 -69.1488 -56.4474 -45.9304 -38.1882 -32.6969 -29.6288 -28.1192 -24.9541 -19.6706 -11.7038 -2.18786 
0220 22.8998 24.9823 27.9352 32.1682 37.1957 39.8821 41.9246 38.6303 30.7299 22.5233 12.7237 -1.56506 -14.7637 -26.8877 -37.8354 -48.0662 -56.4099 -59.4104 -59.3669 -55.5093 -52.7041 -50.8616 -48.6184 -44.7156 -41.6703 -39.7891 -39.4042 -38.1615 -37.098 -35.4401 
20220 36.3085 38.3821 40.177 44.5582 44.1091 46.1047 43.231 36.1342 27.201 16.4539 3.33376 -10.3372 -24.0545 -38.1292 -48.2778 -55.4481 -60.1142 -61.8059 -61.1793 -56.3746 -52.5886 -50.3428 -47.5596 -43.1382 -40.6787 -37.9259 -38.2844 -36.819 -35.5751 -33.322 
40220 73.8684 75.0788 75.5828 73.3401 70.8107 62.5038 49.9851 38.3013 18.2778 1.35238 -17.9852 -36.3363 -53.4781 -68.0689 -77.5578 -80.7316 -79.8586 -74.1054 -68.3615 -60.6396 -51.476 -46.4744 -41.7452 -39.778 -36.3403 -35.8516 -34.4855 -34.7388 -31.5277 -28.5173 
60220 127.934 128.367 125.355 117.481 102.162 83.3881 58.2521 31.9959 4.82595 -26.062 -53.3532 -76.6451 -94.6404 -106.688 -112.242 -111.319 -104.795 -94.0345 -78.6113 -63.3106 -49.1859 -37.8518 -30.5048 -27.9724 -28.2467 -30.1227 -30.044 -25.9802 -20.566 -18.5739 
80220 176.62 173.098 164.531 148.071 123.062 91.0416 55.8379 14.3858 -23.1559 -56.8276 -85.0746 -107.87 -123.957 -133.649 -137.893 -133.775 -123.831 -108.81 -88.7501 -67.834 -50.257 -35.3749 -24.2402 -16.6376 -15.5734 -14.9198 -13.4036 -10.667 -6.26974 -1.84579 
100220 187.798 178.529 161.579 139.092 105.685 74.2346 40.6709 4.22738 -31.8755 -63.3433 -89.1722 -111.073 -126.278 -133.971 -136.456 -133.185 -122.461 -109.599 -91.097 -74.1156 -56.8833 -40.7002 -26.6315 -13.5142 -2.42032 5.09349 9.22485 7.65451 2.26469 -1.01714 
120220 147.314 136.732 121.076 100.202 78.7402 52.3385 25.1766 0.29392 -25.3021 -49.8191 -70.6635 -87.6696 -103.997 -110.175 -114.511 -112.169 -108.09 -97.622 -86.6206 -70.8886 -54.2268 -36.9491 -22.2268 -10.2855 -1.57811 1.02256 3.41813 3.91898 4.94172 2.0579 
140220 80.8001 77.7476 71.0745 64.0379 52.9649 37.4327 22.1722 3.28461 -14.7385 -34.2026 -50.2615 -63.3144 -73.1419 -79.2742 -85.9883 -86.8987 -84.3876 -76.962 -68.3624 -53.3879 -37.6997 -25.3555 -20.7881 -19.3919 -16.179 -12.6807 -10.6034 -8.17398 -2.41657 1.277 
160220 36.584 35.5235 34.0835 36.382 32.6492 27.9264 19.5432 6.19164 -5.34398 -19.6827 -33.3587 -44.661 -53.6556 -60.1727 -63.7759 -62.8328 -59.656 -53.5797 -44.0504 -34.1892 -29.4956 -27.7744 -28.0466 -26.261 -21.4843 -17.6578 -15.2871 -13.5677 -10.5847 -7.16809 
180220 22.8998 21.995 22.5101 25.4502 27.4319 22.5579 17.4766 7.25115 -3.96393 -13.858 -26.447 -38.0217 -46.9229 -52.707 -54.7715 -54.0575 -48.7684 -42.8255 -36.2619 -31.7185 -29.5329 -30.6295 -27.9834 -26.3532 -22.4099 -17.3829 -16.2531 -15.0444 -15.3442 -12.4555 
200220 36.3085 33.9637 34.4236 34.3737 34.5941 28.3647 20.4098 8.80527 -4.11361 -17.1155 -29.4008 -43.2365 -53.4459 -60.3162 -61.8223 -60.7236 -55.7326 -48.8597 -42.554 -37.5146 -32.8894 -29.9632 -26.8112 -21.2276 -19.7472 -15.856 -13.8698 -15.6522 -11.1567 -11.8197 
220220 73.8684 70.8465 65.2592 60.2332 53.051 39.807 25.6077 9.92922 -8.87656 -26.3861 -46.4608 -61.0537 -74.8266 -82.3857 -86.2941 -85.3595 -79.3384 -70.4247 -57.7715 -46.4301 -36.2827 -27.6971 -18.1755 -14.3995 -11.1494 -10.1565 -9.07503 -10.0035 -15.4199 -8.56844 
240220 127.934 121.756 112.307 99.8427 81.0414 60.2349 36.8255 9.52629 -16.7453 -45.3814 -67.2022 -86.688 -102.988 -112.548 -117.76 -115.969 -108.623 -95.6048 -78.7657 -57.9792 -38.9767 -21.087 -10.4584 -3.60903 -0.468984 -2.56515 -5.68875 -7.54033 -9.19311 -9.15991 
260220 176.62 168.743 154.957 136.192 108.868 76.5282 44.0642 6.87083 -29.1237 -61.4017 -88.4584 -111.413 -126.559 -135.099 -138.718 -134.667 -124.999 -110.066 -90.8021 -68.1473 -45.519 -26.048 -11.1208 -2.51487 -1.44997 -2.84021 -3.24616 -3.48943 -3.67982 -3.59689 
280220 187.798 183.639 172.023 149.311 120.139 85.0377 45.5818 9.22898 -24.9529 -57.0681 -85.7371 -108.274 -123.963 -132.789 -136.23 -131.281 -121.671 -104.998 -86.1565 -67.5729 -52.53 -41.9168 -34.1168 -27.0601 -20.8635 -12.6018 -4.06017 0.864377 3.61319 2.37669 
300220 147.314 147.386 141.181 124.219 104.294 82.2595 52.861 25.1316 -4.93965 -33.9246 -58.8034 -79.3886 -94.8514 -106.089 -109.542 -107.825 -101.003 -94.3191 -82.2878 -72.6144 -59.8005 -51.7778 -44.58 -38.7869 -32.1569 -27.0982 -21.9346 -15.9347 -8.41124 -2.15545 
320220 80.8001 84.084 86.7411 83.7381 75.0955 66.9336 54.8798 38.3867 19.569 -1.45084 -23.1971 -42.7267 -56.0795 -67.7158 -75.6329 -80.8695 -83.3631 -82.8724 -77.1094 -70.4516 -62.2546 -53.4195 -44.8608 -40.0218 -36.7045 -35.7412 -34.5532 -32.8462 -27.9707 -20.5526 
340220 36.584 37.9245 40.9937 44.5526 49.7492 47.7044 46.3134 41.2922 29.733 17.2614 4.8871 -11.858 -26.6247 -38.3368 -49.8371 -58.9685 -65.7479 -68.7142 -66.8991 -62.2601 -56.3839 -51.8382 -46.8933 -44.3316 -40.7153 -39.1163 -39.5495 -37.1775 -35.7013 -31.1721 
0240 -32.9724 -34.4702 -33.0026 -28.8005 -21.5493 -9.69555 0.960626 11.8329 18.6891 25.6601 30.1676 30.3736 29.6421 24.1929 14.5433 7.47609 -3.63047 -12.1281 -23.4523 -31.9632 -39.9727 -44.4338 -47.0127 -48.9718 -47.107 -44.2479 -42.1488 -42.3752 -44.5253 -43.7336 
20240 -20.3723 -21.235 -19.7205 -15.0341 -8.59605 -0.456325 7.7031 13.9692 17.8723 23.5265 24.5438 22.4942 24.3001 14.9142 6.91002 -2.75708 -13.7828 -21.619 -31.4968 -39.0592 -44.2454 -46.7183 -48.4846 -47.4831 -45.9655 -41.6701 -40.9169 -41.1971 -41.0083 -40.8405 
40240 21.5198 21.8385 24.1861 25.6771 28.9842 29.9068 28.2876 27.2918 24.0608 16.496 10.1465 1.73629 -11.3857 -20.6654 -30.5659 -38.5673 -44.5754 -49.3005 -50.8171 -52.3501 -52.0961 -51.1715 -47.9538 -46.107 -42.082 -41.9445 -37.9647 -38.5848 -37.1515 -36.399 
60240 95.4439 98.0671 95.4147 92.753 82.7036 71.2687 55.115 36.3288 14.5128 -8.6205 -31.6687 -51.8213 -70.7018 -82.3101 -89.6831 -92.0373 -88.7668 -82.0035 -71.5681 -60.8645 -51.0448 -43.3616 -38.2819 -34.9381 -34.5394 -34.384 -33.6239 -33.1907 -31.3243 -23.3922 
80240 168.504 169.407 160.391 147.13 122.395 92.0499 58.5386 18.8984 -18.9698 -52.7947 -80.5713 -103.731 -120.496 -131.286 -133.825 -132.461 -121.777 -107.051 -86.7319 -66.5091 -49.1353 -34.7667 -23.7791 -18.6582 -19.364 -19.8684 -17.7741 -13.8079 -9.18948 -4.00545 
100240 184.38 172.847 159.48 132.491 100.955 70.3497 37.2905 3.88473 -31.6376 -61.9937 -87.2725 -109.618 -123.119 -130.756 -135.051 -129.2 -121.278 -107.15 -91.6734 -73.5818 -57.9807 -40.7293 -26.2949 -12.7369 -1.97693 6.86016 11.6928 8.04623 2.86443 -0.496011 
120240 109.656 102.125 93.7096 79.1622 61.2763 45.0271 22.7074 1.81735 -20.0787 -40.0308 -58.6174 -71.4734 -84.0897 -92.9224 -97.6334 -97.4507 -93.4343 -86.5926 -74.6819 -62.1568 -45.9722 -33.1219 -22.2894 -15.9069 -10.893 -7.5176 -3.36464 -3.71944 0.975212 3.98037 
140240 22.7606 22.9775 25.7771 27.6573 26.7501 25.4255 17.3765 8.83583 -1.93592 -13.992 -26.321 -37.3042 -45.6374 -50.657 -52.3016 -50.5511 -48.1902 -42.4317 -36.9224 -34.3287 -32.6434 -30.7904 -32.3745 -28.1174 -24.9735 -21.9615 -18.8794 -13.765 -9.69076 -6.98386 
160240 -20.5046 -16.8944 -10.9613 -3.92336 1.58724 7.67064 8.53389 9.41733 7.1535 -0.750378 -5.32169 -13.4125 -18.816 -19.3616 -17.651 -14.0104 -13.6192 -14.9371 -18.8832 -23.138 -28.3653 -31.9031 -32.1459 -31.7475 -28.5791 -25.1025 -27.3675 -19.8378 -17.7267 -16.1071 
180240 -32.9724 -27.1577 -22.2595 -15.1454 -7.53458 -1.06975 4.43848 5.59073 6.92936 3.66993 -1.48245 -3.39194 -5.61433 -5.1486 -3.25017 -2.39918 -3.16033 -8.14378 -14.4714 -21.7326 -26.1883 -31.0125 -31.4173 -31.5293 -27.2947 -25.9869 -26.5847 -21.4594 -20.4432 -16.5567 
200240 -20.3723 -15.598 -11.1821 -4.66076 2.81913 6.61447 10.1421 8.54057 6.11173 0.467631 -5.72347 -9.3235 -11.3219 -12.4754 -11.3524 -11.7196 -11.5548 -12.0177 -18.3493 -25.5812 -29.6697 -31.7768 -33.8289 -30.0818 -26.6814 -23.9965 -20.8392 -19.8909 -16.321 -14.3353 
220240 21.5198 22.7687 24.1962 25.6859 25.4727 26.1165 19.6525 11.6137 1.06984 -11.014 -23.8216 -32.3797 -41.8013 -46.7601 -47.2655 -43.7724 -41.0406 -39.1381 -37.3075 -35.1051 -33.6229 -33.0017 -30.1835 -27.0459 -21.6508 -17.4738 -15.9635 -13.155 -10.3954 -12.7779 
240240 95.4439 91.595 84.6726 75.996 64.4632 47.9004 31.5072 10.6751 -11.6691 -32.9035 -54.425 -72.4705 -84.6823 -94.6408 -98.5401 -98.3653 -91.23 -79.5338 -66.3233 -50.8615 -36.2912 -24.7753 -14.8743 -9.96599 -6.11407 -4.60255 -5.87122 -8.54224 -12.379 -8.59161 
260240 168.504 161.98 149.366 130.296 106.407 75.038 42.1249 6.47149 -28.3867 -58.8015 -86.7035 -109.418 -124.074 -132.935 -137.239 -133.245 -124.47 -108.509 -90.6804 -68.1962 -45.4502 -23.4377 -8.13499 -0.120215 -0.226918 -1.66078 -3.02051 -4.85561 -5.04851 -2.36136 
280240 184.38 181.458 167.215 150.535 118.878 83.8164 47.2577 10.5557 -23.2999 -55.343 -82.8962 -105.717 -121.351 -130.262 -132.407 -130.441 -117.412 -103.492 -84.5001 -67.8458 -54.1955 -44.1521 -36.3584 -29.6963 -23.1549 -14.9263 -4.96909 0.772178 2.57476 1.39461 
300240 109.656 110.058 108.135 99.6581 88.8967 72.2971 53.8737 33.0625 7.66982 -14.4672 -37.9861 -55.7269 -70.8684 -80.8942 -87.6114 -90.4906 -89.495 -86.2357 -81.3236 -73.245 -63.6803 -55.6649 -47.1668 -40.713 -36.495 -33.0709 -29.7242 -26.8198 -20.5398 -12.9693 
320240 22.7606 23.1043 25.1562 28.8258 33.0281 36.7581 38.3411 33.7047 29.4526 22.8102 11.447 3.63872 -9.79866 -23.077 -34.0115 -46.2538 -54.7391 -61.0023 -61.4626 -59.7336 -55.615 -52.3682 -47.963 -47.1513 -43.228 -43.0369 -39.438 -37.8998 -37.6925 -34.4484 
340240 -20.5046 -20.6043 -19.9377 -15.6245 -8.20894 2.81421 12.9068 19.5851 28.1732 28.4291 30.885 28.0372 19.2484 12.6888 1.26587 -10.3397 -20.6687 -29.3403 -34.0672 -40.3857 -44.7764 -47.5647 -48.4387 -48.6517 -47.1118 -44.7434 -41.3615 -41.1297 -41.7323 -41.0089 
0260 -48.9208 -51.1712 -51.7947 -48.3548 -41.8417 -32.4171 -20.9886 -9.28098 -0.08927 12.0273 21.7436 26.8312 32.747 33.7105 31.734 30.9173 21.9172 12.6644 -1.86119 -14.734 -24.6566 -35.3465 -37.5436 -41.3328 -43.7736 -43.6724 -44.1043 -43.3609 -42.9439 -45.2835 
20260 -37.3572 -40.9018 -40.3113 -36.9314 -29.7681 -21.313 -12.0279 -2.79527 5.7168 15.0011 22.5621 29.2513 31.2513 30.6406 28.0622 20.5974 12.7701 0.903317 -13.0185 -24.1694 -32.2014 -38.0526 -41.3182 -43.5005 -44.2068 -42.9231 -43.2975 -41.8157 -42.7357 -42.5004 
40260 -0.883811 -1.52152 -0.53414 1.49535 4.70417 9.37254 14.785 14.1679 17.18 20.1024 16.3031 15.6843 9.90898 2.16545 -7.08065 -15.1309 -25.3171 -32.0815 -38.7654 -45.4451 -49.1274 -48.102 -46.7967 -47.9496 -42.7847 -42.3378 -40.2681 -43.645 -38.9731 -39.6544 
60260 78.8919 79.9481 79.7075 75.9502 68.8026 60.2914 50.1407 33.0085 16.5844 -0.863305 -22.6214 -40.0713 -57.104 -68.749 -76.6001 -79.7401 -79.0971 -75.3862 -67.1366 -59.9662 -52.6079 -47.1058 -40.2523 -39.0287 -36.8664 -36.3278 -35.7807 -36.0751 -32.6908 -29.016 
80260 164.599 166.465 159.594 145.423 122.775 92.5745 58.1004 21.313 -16.0249 -49.6829 -78.3372 -101.192 -118.581 -129.206 -131.85 -130.529 -120.049 -105.074 -86.2191 -66.9304 -49.0148 -34.5363 -23.9943 -20.0055 -20.9179 -22.1385 -19.8194 -15.5097 -10.485 -5.72993 
100260 179.623 168.621 155.36 127.607 97.117 65.7986 35.289 3.06802 -31.2449 -60.9322 -86.6786 -108.09 -120.585 -129.218 -133.403 -127.263 -120.092 -106.327 -91.527 -73.8916 -56.8438 -40.2265 -25.1143 -11.92 -1.5928 7.36031 12.0522 7.87856 2.54672 -0.506624 
120260 88.6396 83.6499 78.5649 67.9052 53.9709 39.6155 22.9958 2.07838 -15.4776 -35.7331 -49.9805 -64.6778 -73.8873 -83.279 -86.6596 -87.6168 -83.0951 -76.7293 -65.557 -54.2676 -43.5674 -33.4065 -25.3688 -20.2302 -17.8389 -11.0172 -7.3568 -2.20976 -0.192162 3.34259 
140260 -0.966858 1.87103 6.1749 14.0227 15.7322 17.1566 18.0837 11.9205 3.32464 -3.22328 -13.5352 -21.4713 -29.7143 -32.3884 -33.3518 -29.5745 -26.801 -28.5204 -30.4592 -30.7508 -32.4876 -35.0661 -33.125 -31.3719 -27.8803 -26.7089 -23.181 -21.6329 -13.623 -10.1305 
160260 -39.3167 -34.3718 -28.0355 -17.7706 -9.40064 0.15933 5.64207 8.53982 10.1965 11.8283 8.47135 9.49263 6.6674 7.51814 7.52535 2.52148 -2.83614 -7.5444 -10.8319 -17.9012 -23.983 -28.2437 -30.6824 -31.327 -29.7649 -27.3343 -27.9259 -24.7851 -22.5295 -19.4094 
180260 -48.9208 -42.4607 -35.7423 -26.5674 -17.6391 -8.18835 -1.43139 5.27833 8.76372 14.1815 17.2773 18.3155 21.2279 21.142 17.5176 13.4222 8.39777 0.416624 -6.99361 -14.0808 -20.2029 -25.6078 -28.3999 -29.9233 -32.659 -29.1594 -28.7458 -25.5103 -23.1164 -21.3284 
200260 -37.3572 -32.7785 -25.2483 -17.2807 -8.32347 -1.76615 3.83626 7.94239 9.07622 9.8326 9.84644 9.42091 10.1047 10.3551 9.01886 8.20574 4.43482 -3.36255 -10.4251 -18.7051 -25.6461 -29.1837 -30.8251 -30.4311 -32.6474 -27.8419 -25.799 -22.5347 -20.4996 -18.0939 
220260 -0.883811 3.54182 6.2196 10.9048 15.3212 18.2631 17.0986 13.5327 4.83947 -1.92 -12.0321 -19.0411 -24.4412 -25.5494 -25.7516 -25.7817 -25.1575 -23.9841 -25.894 -32.1678 -34.7269 -35.4364 -33.3721 -32.7188 -28.1353 -24.8 -17.7784 -16.4208 -14.9038 -10.885 
240260 78.8919 77.0622 71.4814 65.1445 58.0841 44.7084 30.4289 14.4062 -7.66016 -26.2044 -46.967 -63.5414 -75.4863 -83.5217 -87.7927 -87.4075 -81.321 -70.8825 -60.5418 -48.9302 -35.8004 -26.4319 -19.4407 -15.5135 -11.2324 -7.89003 -7.17229 -7.61676 -7.95997 -8.93311 
260260 164.599 158.066 146.627 127.061 104.043 73.5805 41.3358 7.38731 -27.6122 -57.9498 -85.8532 -107.509 -122.577 -131.673 -135.699 -132.033 -123.712 -108.4 -90.1933 -67.7931 -44.5962 -22.8997 -6.83883 0.924293 1.03774 -0.832951 -2.81183 -5.39116 -5.91065 -4.03483 
280260 179.623 179.388 164.296 150.538 118.312 82.928 47.9178 11.6199 -21.0353 -53.5241 -80.9138 -103.487 -119.198 -128.49 -130.009 -128.702 -115.338 -101.997 -84.7735 -68.1968 -55.6198 -45.5656 -37.9124 -31.3587 -25.0918 -17.0897 -6.8437 -0.887481 1.37444 0.213901 
300260 88.6396 89.9053 87.1654 84.9179 75.8229 65.5744 50.8583 33.7823 15.734 -5.22303 -22.9455 -40.468 -54.0299 -64.3219 -72.8352 -78.962 -81.5489 -81.1443 -79.6175 -72.1582 -65.4649 -55.5825 -50.1871 -41.6633 -37.8872 -33.6278 -33.4418 -29.5483 -26.0679 -18.2945 
320260 -0.966858 -1.72782 -0.486427 3.18688 11.0784 14.4289 19.4819 25.8098 24.7322 26.342 24.4647 17.1796 9.16481 -0.289865 -14.4708 -25.5805 -36.4704 -43.9227 -48.2283 -49.3189 -49.3914 -50.3309 -48.872 -48.336 -46.4561 -44.9449 -41.3919 -40.3892 -39.9171 -37.8149 
340260 -39.3167 -41.749 -42.2997 -38.7749 -31.7355 -22.0731 -10.7576 -0.0399215 9.72432 20.914 27.512 29.2447 29.5612 26.6757 21.0293 16.3846 7.28466 -1.57656 -11.9356 -22.9871 -31.3515 -39.1589 -41.7853 -45.6249 -45.3761 -45.6026 -44.1355 -44.1555 -42.9309 -43.1859 
0280 -44.5616 -47.5584 -48.4081 -44.6925 -39.6053 -32.5199 -22.1884 -13.709 -3.54685 7.48757 16.4873 20.9742 28.5677 28.3317 29.7866 27.3425 21.0345 11.9307 -1.58764 -13.7185 -24.5495 -31.6253 -37.4766 -40.0134 -42.4487 -43.3052 -45.4456 -44.1365 -43.9262 -44.6195 
20280 -34.2966 -38.1534 -37.2781 -34.8989 -28.4105 -23.7973 -15.6784 -7.45386 1.14 12.3513 18.2348 24.9664 28.0862 26.2636 25.6292 19.5448 10.8676 0.826742 -13.5602 -23.1187 -31.4517 -37.1884 -40.4835 -42.9065 -43.5592 -42.8862 -46.5462 -42.2078 -42.921 -42.3076 
40280 5.49793 2.67424 2.00378 2.33952 4.94243 9.21257 10.8703 13.1371 14.5501 17.6079 15.967 13.6563 9.1094 0.456091 -9.57659 -17.6128 -26.7809 -32.7982 -39.064 -45.0784 -47.8105 -47.8806 -46.8482 -46.1264 -43.7032 -41.827 -41.1468 -40.2474 -38.6553 -39.0121 
60280 81.1872 82.1116 81.3018 79.9736 70.0699 61.2556 50.1327 32.1569 18.0276 -1.26808 -22.66 -40.4112 -57.0031 -68.5442 -76.3587 -79.1809 -78.7633 -75.4537 -68.1666 -59.4866 -53.495 -46.3189 -41.1786 -38.1316 -37.3425 -36.9821 -35.7507 -36.2169 -32.998 -29.1584 
80280 166.249 167.65 161.285 146.096 124.793 94.1604 58.6057 21.482 -16.5864 -49.524 -77.9857 -101.162 -118.345 -129.482 -132.335 -130.697 -120.695 -105.012 -85.9718 -67.8409 -50.0699 -35.8634 -25.0069 -20.6002 -21.077 -22.2515 -20.1417 -15.3762 -9.80163 -6.33223 
100280 180.059 169.386 156.153 128.802 98.2936 66.7512 35.5556 3.90153 -30.679 -60.7018 -86.4785 -108.007 -120.636 -129.582 -133.607 -128.022 -119.935 -106.582 -91.4346 -73.2853 -56.4214 -39.9571 -24.7096 -11.7347 -1.1349 7.44909 11.8354 8.02152 1.6339 -0.50276 
120280 91.2456 85.7236 80.9672 70.126 56.7153 41.0461 24.4901 3.7761 -14.2326 -34.316 -49.8153 -65.5165 -75.5928 -83.786 -87.4291 -87.7999 -83.47 -76.7431 -65.8275 -55.8044 -45.8166 -35.49 -26.9939 -21.3583 -16.0788 -10.9897 -6.74224 -1.92674 -0.0153433 3.20529 
140280 3.2005 6.52759 12.2805 19.7844 20.5171 21.1978 20.4409 13.6126 5.00105 -4.08545 -14.2341 -22.2506 -29.6069 -31.8802 -32.6088 -30.4698 -29.6452 -32.1743 -34.2491 -34.7689 -35.3586 -35.7375 -35.1889 -31.5307 -28.4514 -28.9467 -25.5952 -19.2083 -13.4622 -9.91109 
160280 -35.3872 -30.6783 -24.709 -11.9277 -3.91947 5.42387 10.4266 12.8548 13.8557 13.1063 11.3252 11.6255 8.90618 8.87146 4.32256 -1.9598 -8.18645 -10.9011 -14.2027 -20.3609 -26.2446 -31.2187 -32.8416 -34.1648 -31.7164 -29.3337 -27.1911 -28.8065 -23.2493 -23.9335 
180280 -44.5616 -38.8976 -31.4537 -21.2186 -10.5976 -2.10212 5.16498 11.8467 13.8342 18.1653 20.1594 21.7982 23.2694 19.6276 14.1417 7.25925 3.26497 -2.24454 -8.61768 -15.8774 -23.1741 -29.1686 -31.8244 -31.8729 -31.5819 -31.9872 -28.8001 -28.8391 -26.8653 -22.6125 
200280 -34.2966 -28.9996 -20.5677 -11.5358 -2.80297 4.20014 10.4907 14.6735 14.1203 13.8544 12.3729 11.5911 12.4332 10.1444 7.88857 4.24883 -0.349473 -5.75458 -12.8426 -22.0805 -28.3156 -31.8175 -35.0814 -32.726 -32.0641 -28.6934 -27.8157 -23.9148 -20.5921 -19.0139 
220280 5.49793 9.19156 11.4134 16.6198 20.5508 23.2425 23.1052 15.5287 7.64213 -1.07249 -10.771 -18.2272 -24.5609 -26.3876 -26.1995 -26.7228 -27.0844 -26.7212 -28.4529 -34.1575 -36.7574 -36.9989 -34.5636 -32.086 -28.5728 -22.9809 -18.4044 -16.3797 -17.0709 -10.984 
240280 81.1872 78.8922 73.6581 66.2124 59.0926 45.5428 31.7863 15.4818 -8.06367 -28.449 -48.1369 -65.8097 -76.2903 -85.7306 -89.6195 -89.5274 -82.896 -73.1307 -61.6754 -49.366 -35.2754 -26.144 -20.5081 -15.9559 -10.7851 -7.72152 -7.0796 -6.13891 -10.7443 -7.82796 
260280 166.249 159.767 146.749 127.263 103.956 74.7123 41.5168 6.96848 -27.9933 -58.6494 -85.6833 -107.137 -123.001 -131.564 -135.527 -132.283 -123.211 -107.803 -89.9062 -67.8906 -45.8287 -23.4483 -7.03841 1.05301 2.07978 0.107844 -2.45508 -5.22995 -5.73606 -3.96746 
280280 180.059 179.583 164.86 150.238 119.186 83.7321 48.472 13.2467 -20.5366 -53.1929 -81.1295 -103.568 -118.947 -128.671 -130.248 -128.319 -115.789 -102.433 -85.2149 -68.182 -55.8565 -45.6365 -38.2845 -31.3339 -25.3272 -17.4006 -7.50852 -1.96289 0.561194 -0.349673 
300280 91.2456 91.1349 88.5095 84.9693 73.1564 63.6717 48.5258 30.7415 12.8513 -8.1951 -25.497 -42.3622 -55.9809 -65.4833 -73.4666 -79.5143 -82.6553 -82.0702 -79.8424 -71.8599 -66.1613 -55.9849 -50.1844 -41.3039 -37.1221 -34.3217 -35.1606 -28.8106 -24.8337 -17.5915 
320280 3.2005 3.03514 3.09625 8.02399 10.9186 13.731 16.2999 20.7561 22.5019 21.614 21.2491 15.1849 7.26586 -2.38611 -13.9655 -25.8409 -36.4546 -44.0887 -49.4126 -49.847 -49.9143 -50.3191 -49.0372 -50.0493 -45.8608 -45.0097 -41.792 -39.7988 -38.9927 -36.0469 
340280 -35.3872 -37.8972 -38.6718 -33.9992 -29.5685 -21.1657 -12.4469 -3.26557 6.71104 16.6647 24.5131 25.2692 24.4696 23.1314 17.9923 14.5652 6.89265 -3.87915 -12.4539 -22.6573 -30.8799 -40.9719 -41.7064 -44.7131 -44.5652 -45.3792 -44.7739 -48.3525 -43.001 -43.9155 
0300 -18.0591 -21.2176 -21.4001 -19.512 -16.2081 -10.6185 -9.49683 -2.2777 4.68037 12.7243 19.8628 20.0163 18.3072 14.9741 9.10646 3.47062 -7.20149 -15.9165 -23.9223 -31.0414 -39.1161 -41.8161 -45.3178 -45.4024 -44.9311 -44.6345 -46.2378 -43.9314 -41.5749 -40.1657 
20300 -7.49998 -9.70949 -11.3726 -9.67057 -7.6451 -3.50014 -3.38611 3.21247 9.22289 12.346 18.7146 16.5134 14.5406 9.74347 0.769843 -8.55152 -16.5375 -24.8593 -31.883 -39.2062 -43.5816 -46.0234 -48.0959 -46.0328 -44.3387 -43.8063 -45.9672 -42.5317 -39.8216 -39.3997 
40300 34.8533 32.7061 29.6153 28.4727 29.1769 25.2029 23.4835 19.2646 17.1266 11.5222 4.86063 -2.16658 -14.4596 -24.2159 -33.5291 -42.3371 -48.9864 -52.8072 -52.4193 -52.428 -52.4554 -51.227 -47.3525 -46.368 -41.5992 -41.5458 -40.1566 -38.8324 -37.3936 -36.0206 
60300 101.915 104.202 104.107 94.8221 84.5351 71.6118 52.8335 33.3365 12.7005 -12.7499 -35.54 -55.1872 -72.6034 -84.6403 -90.3978 -91.5092 -90.497 -83.9729 -73.6219 -62.5568 -51.2631 -42.6217 -37.9289 -35.0104 -34.8892 -36.4181 -36.8185 -34.2816 -30.9207 -25.112 
80300 170.265 170.093 163.656 149.033 125.48 93.9147 57.8066 18.886 -18.9264 -53.0633 -81.2717 -104.47 -120.637 -131.732 -133.836 -131.876 -122.406 -107.376 -87.1617 -68.4729 -49.809 -36.8936 -24.989 -20.2094 -20.0694 -21.1883 -18.441 -14.0286 -8.87565 -6.50283 
100300 182.243 172.681 158.439 132.961 102.212 69.8487 38.7 4.27167 -30.8903 -61.6866 -87.5666 -109.397 -122.806 -132.012 -135.617 -130.81 -121.844 -107.876 -91.7206 -73.7719 -56.1264 -40.1918 -24.8581 -12.2692 -2.2792 5.56933 10.4908 8.26915 1.8038 -0.291505 
120300 115.327 107.448 97.4347 83.7899 64.731 46.8227 25.4296 3.45929 -18.6481 -40.7018 -57.3576 -73.4581 -87.4247 -95.3205 -99.5408 -96.9007 -92.847 -84.9626 -72.2221 -60.1543 -48.8311 -37.5604 -27.2599 -18.5219 -10.8543 -5.8656 -1.73008 1.97912 3.85915 3.49453 
140300 34.1252 36.237 40.1337 41.0836 38.0092 32.9553 23.2903 14.2779 0.98615 -14.2002 -27.2878 -38.8466 -45.9717 -50.1869 -53.1921 -52.2965 -50.0174 -47.2035 -45.5914 -44.8706 -42.2756 -38.5847 -33.2622 -29.3438 -24.4861 -22.6507 -19.7771 -13.0724 -8.14975 -4.94005 
160300 -7.07581 -2.74905 3.85287 10.3262 20.2793 22.4079 23.4142 18.7209 10.9551 4.71859 -1.58134 -9.15255 -13.9464 -16.9843 -16.7668 -17.7336 -23.7735 -28.7225 -32.0379 -33.51 -36.0549 -37.0596 -37.3448 -32.8799 -31.1051 -31.0223 -24.8697 -21.5855 -18.4711 -14.1785 
180300 -18.0591 -13.8442 -6.57406 2.83059 11.5964 18.6327 22.2724 19.1572 16.0554 11.1189 6.65635 3.40207 -1.08284 -2.12876 -3.80794 -10.5792 -15.2435 -20.6158 -24.523 -28.7837 -34.0888 -36.741 -36.7554 -34.6551 -32.5869 -29.8757 -25.8119 -22.4734 -21.2014 -16.7945 
200300 -7.49998 -2.96279 4.03678 11.1155 15.7731 23.0389 25.4044 18.3608 13.3512 6.03193 -1.57377 -7.56546 -12.0358 -13.1182 -14.7301 -16.3286 -19.6841 -24.4881 -29.0472 -32.6386 -38.2006 -38.9468 -36.0191 -36.0187 -30.3938 -27.7022 -23.2408 -19.7915 -20.8328 -14.2051 
220300 34.8533 36.8258 37.5094 38.779 38.4926 36.9345 29.1688 20.4036 5.34029 -9.42218 -22.5922 -35.0891 -45.1562 -49.8916 -50.6943 -50.0558 -49.222 -46.0512 -43.0813 -40.2538 -39.2724 -36.0054 -33.3644 -29.5077 -24.5455 -18.1639 -15.6127 -12.4463 -9.73023 -7.87757 
240300 101.915 96.4206 90.0782 81.2033 68.8509 54.5325 35.8321 12.5478 -11.1048 -33.7345 -57.0583 -73.8478 -88.256 -96.6533 -101.959 -101.425 -94.9125 -83.9135 -68.9021 -53.658 -38.0917 -24.1334 -14.7867 -10.6972 -6.18011 -4.1356 -5.45244 -5.53241 -8.55053 -6.72462 
260300 170.265 162.898 150.287 130.138 105.296 74.1424 41.4957 6.13635 -28.4733 -59.7968 -87.9127 -108.992 -125.18 -132.729 -137.507 -132.784 -124.35 -108.629 -91.4999 -68.4167 -46.111 -23.7492 -8.36803 -0.0174245 1.3109 -0.0591315 -2.68928 -5.12238 -4.98251 -6.69644 
280300 182.243 181.13 166.461 151.287 119.815 84.378 49.2875 11.7975 -21.8461 -54.9364 -82.9822 -105.695 -121.14 -130.722 -133.194 -130.112 -118.268 -102.879 -85.8338 -67.3967 -54.5151 -43.858 -36.2804 -29.4948 -23.856 -15.8667 -6.42922 -1.17023 0.610123 0.0895112 
300300 115.327 113.121 109.782 99.9114 87.0525 71.9131 49.1921 29.1225 6.96936 -17.4536 -35.835 -54.9141 -69.6295 -79.91 -86.789 -88.8619 -88.8512 -86.881 -81.4054 -74.2157 -65.5012 -57.2831 -49.681 -40.2601 -36.192 -30.549 -29.3875 -24.1443 -19.1997 -15.4344 
320300 34.1252 32.715 34.512 33.552 32.3587 30.3379 28.3477 24.6008 19.7723 11.6201 4.65719 -0.924227 -10.9475 -20.5801 -35.2896 -46.3016 -54.7164 -61.0172 -62.7308 -62.0108 -57.6109 -53.0929 -48.0849 -48.1356 -43.8097 -42.7097 -39.2404 -36.8018 -34.4664 -32.3281 
340300 -7.07581 -8.9681 -8.62845 -6.95803 -2.41141 -1.60068 2.54276 6.29131 10.7894 19.1288 18.2793 18.6063 13.4147 4.52448 -0.72711 -11.1523 -21.7669 -30.7916 -36.6405 -39.4498 -43.1555 -47.7372 -46.7616 -46.875 -45.7592 -44.9635 -45.7926 -44.3435 -39.9913 -37.8102 
0320 46.9634 43.547 43.6637 39.0699 34.4086 30.4207 25.5224 22.7607 13.0061 6.90969 0.377717 -9.28033 -16.7474 -28.1134 -40.2288 -49.5863 -57.2612 -62.0623 -62.8577 -60.5208 -54.7064 -49.6779 -47.5543 -45.4209 -45.6093 -41.424 -39.2613 -35.5387 -33.732 -32.2703 
20320 56.8116 54.4787 51.3863 48.5168 42.5462 37.275 31.5281 23.6615 15.1696 5.99117 -5.50933 -15.9849 -27.9055 -39.1857 -50.0342 -56.6303 -62.6322 -65.1225 -63.9541 -59.1038 -54.7249 -49.945 -46.6971 -46.9429 -42.7632 -40.6125 -38.7094 -36.6108 -34.5662 -32.7179 
40320 89.7968 90.5752 87.9094 80.4978 74.233 60.2822 47.2353 30.3922 13.7664 -4.12604 -25.1737 -41.9188 -58.0062 -70.1611 -77.4486 -82.3552 -82.6134 -78.7765 -72.2626 -63.7394 -54.2305 -48.0627 -40.9313 -39.0288 -36.7139 -38.5284 -36.8428 -38.4034 -32.3197 -28.5753 
60320 134.572 141.609 135.269 126.946 110.863 84.4315 60.4009 28.0563 -3.07538 -29.8564 -58.1318 -79.7468 -97.3719 -108.7 -114.016 -112.285 -105.077 -94.2031 -83.0008 -66.1656 -50.6594 -38.0662 -31.1531 -30.2806 -30.5403 -31.9148 -32.2099 -32.7455 -22.9311 -14.3932 
80320 177.939 175.736 165.866 153.04 125.407 93.8726 56.3113 14.6722 -23.4828 -58.0249 -85.4483 -108.556 -124.233 -134.526 -137.249 -134.493 -123.621 -108.973 -88.5429 -68.1255 -50.7686 -37.5417 -25.9524 -18.6871 -16.9296 -16.6344 -14.1528 -10.0437 -5.74477 -2.18155 
100320 186.069 177.402 161.242 138.492 106.432 73.7372 39.3492 4.41514 -31.7917 -63.2964 -89.6362 -111.607 -125.691 -134.29 -136.422 -133.267 -122.477 -109.858 -91.0398 -73.0207 -54.3372 -38.2592 -23.8351 -11.6794 -2.37035 4.42742 8.2354 7.69486 2.46061 0.1416 
120320 147.341 139.651 125.141 104.305 80.7545 54.088 28.5339 1.47769 -25.3203 -50.1377 -73.3431 -93.0505 -105.576 -115.12 -116.976 -114.909 -106.754 -96.3733 -82.7368 -66.9419 -52.2891 -38.2815 -25.4552 -13.5052 -2.83896 2.98223 6.39698 5.61996 6.32112 1.68981 
140320 98.3621 93.4808 85.448 76.8856 62.7353 45.2704 27.2312 7.84558 -14.7855 -34.1832 -52.4556 -67.0373 -80.8259 -88.3093 -91.43 -88.8796 -84.3985 -76.2004 -66.5747 -55.4207 -46.2905 -38.9222 -30.1772 -21.3594 -14.5953 -10.7831 -6.49853 -3.35117 1.49218 3.86188 
160320 58.0103 59.1721 60.1331 56.983 52.2513 42.142 29.8823 15.811 -1.03709 -18.795 -35.6918 -48.114 -58.2503 -64.9306 -66.8867 -66.008 -62.4845 -57.3286 -53.4363 -50.5929 -46.6497 -41.0129 -33.043 -26.529 -22.1189 -19.9113 -15.8642 -10.385 -5.91365 -1.56407 
180320 46.9634 48.8327 50.6187 52.6711 49.0779 41.6033 33.0977 18.3163 4.95561 -12.5688 -29.2978 -42.4923 -50.757 -56.9006 -59.5332 -58.6881 -54.6911 -51.3671 -50.6414 -49.8077 -45.2985 -39.3462 -32.963 -27.5914 -24.4 -23.471 -16.9645 -11.6501 -8.4282 -4.23022 
200320 56.8116 58.8928 58.635 57.3465 53.6515 44.549 34.4029 21.0786 2.49184 -14.5496 -32.095 -47.4593 -58.2259 -65.0984 -68.3557 -67.584 -61.9186 -56.2513 -51.7132 -48.7962 -43.6016 -37.3201 -30.3235 -26.8907 -21.1822 -20.0639 -14.0068 -10.0993 -6.4812 -3.64297 
220320 89.7968 87.7601 82.0206 75.2415 63.3467 52.3768 36.7122 16.2609 -7.66644 -27.4208 -50.421 -66.6169 -81.6321 -90.2437 -94.3453 -92.9895 -86.9157 -75.6582 -62.8646 -49.841 -40.1799 -29.715 -22.1383 -17.837 -11.9948 -10.052 -6.21689 -4.53657 -5.51003 -5.75605 
240320 134.572 126.933 117.499 103.404 86.9486 65.6415 40.0512 10.4178 -19.336 -47.0053 -72.1821 -93.1417 -106.016 -117.259 -120.722 -119.3 -112.578 -100.146 -82.6919 -62.3231 -41.2063 -24.232 -8.73649 0.375678 2.42439 -0.342831 -3.12013 -6.56507 -7.69357 -5.89096 
260320 177.939 170.249 156.961 136.532 109.723 76.5345 44.3263 5.94281 -29.7763 -62.0034 -89.3932 -111.36 -127.219 -135.32 -139.724 -134.705 -125.419 -110.085 -92.2082 -70.2013 -47.7234 -27.3889 -12.2473 -2.32554 -0.224016 -0.907942 -2.26956 -3.45838 -3.77673 -3.92652 
280320 186.069 183.454 172.727 150.996 122.293 86.0742 49.3751 12.7175 -22.9205 -56.2837 -85.848 -108.11 -123.728 -132.5 -136.197 -131.111 -121.423 -105.373 -86.9569 -67.632 -51.7286 -40.6003 -32.8809 -26.1195 -20.3869 -12.4952 -4.98978 -0.655761 1.63685 1.50683 
300320 147.341 149.906 142.049 128.118 108.274 79.7794 54.5368 23.976 -6.10881 -31.6235 -58.1734 -78.5849 -94.7897 -105.34 -109.204 -107.108 -101.953 -93.0306 -84.9864 -72.6483 -63.8101 -54.473 -45.4795 -38.377 -31.0503 -25.1975 -19.3595 -16.4583 -11.5531 -7.58547 
320320 98.3621 95.4893 91.6086 86.2732 75.2617 61.3172 47.9962 28.0391 10.4988 -6.99601 -26.0776 -40.489 -55.6229 -66.3476 -74.0294 -80.3909 -82.1935 -82.967 -79.2484 -73.5051 -65.4375 -57.3932 -47.2288 -42.0813 -36.3389 -34.2916 -31.3878 -28.4378 -25.1634 -23.928 
340320 58.0103 56.3597 54.4939 49.744 45.2457 39.054 32.8799 25.5103 13.9982 5.24827 -6.13376 -13.9262 -24.5315 -35.4096 -47.8106 -57.8698 -64.1084 -67.7921 -68.7136 -66.828 -59.2073 -51.8346 -46.5676 -48.5698 -43.5212 -40.2114 -36.8729 -33.8318 -31.3012 -29.664 
0340 142.439 142.986 138.877 128.618 108.697 84.5232 56.8697 26.9289 -1.14707 -30.1018 -55.8963 -77.6755 -94.1488 -103.911 -109.677 -108.85 -105.015 -94.8382 -85.0515 -73.5571 -62.5832 -50.7272 -39.9505 -31.6458 -28.2407 -28.2857 -26.7342 -25.0936 -23.5939 -16.3497 
20340 144.276 145.552 144.192 135.156 112.599 88.3631 58.2463 26.7563 -1.55973 -32.5982 -58.5945 -81.7141 -97.4005 -108.751 -113.212 -112.654 -106.364 -99.0375 -84.9018 -71.1739 -59.2287 -45.8056 -35.594 -28.662 -28.7461 -30.0195 -29.337 -26.486 -22.6445 -14.6415 
40340 153.915 157.853 154.821 145.218 120.771 94.9389 61.9187 24.7148 -8.57342 -41.037 -68.2004 -91.3053 -107.236 -118.498 -122.831 -120.801 -113.013 -102.339 -86.4397 -69.5529 -54.6628 -40.1289 -31.7588 -27.0387 -27.8307 -28.4349 -28.3263 -24.6019 -20.3273 -9.92788 
60340 169.995 171.709 168.001 153.065 130.02 99.0242 58.6516 20.7274 -18.8353 -52.4904 -79.9816 -103.687 -118.771 -130.189 -132.991 -130.059 -121.483 -106.682 -88.1967 -69.9545 -51.7194 -38.83 -27.5085 -22.7946 -22.3621 -22.942 -21.2977 -15.6767 -9.81427 -2.74252 
80340 185.394 179.7 171.241 152.081 125.367 93.27 53.1381 11.9607 -27.2218 -60.634 -89.0378 -111.095 -127.245 -136.007 -139.978 -135.044 -126.302 -110.13 -89.5544 -69.2662 -51.3552 -38.5464 -27.1073 -17.4788 -12.7368 -10.7036 -8.46366 -5.07315 -0.872797 -0.497873 
100340 186.573 182.138 165.939 142.164 115.589 80.5904 44.9299 6.48316 -29.3245 -62.6231 -90.4715 -111.271 -127.981 -136.472 -138.383 -134.822 -126.135 -110.471 -92.1287 -71.7452 -53.1125 -37.3192 -24.706 -13.6403 -3.62322 0.453071 2.15716 3.77267 3.53013 -1.02113 
120340 177.25 169.475 153.02 129.622 98.7939 67.1437 35.2658 1.75891 -31.9368 -62.3841 -88.1799 -108.092 -122.482 -131.682 -133.709 -130.116 -120.571 -107.186 -89.5139 -71.7268 -54.3228 -37.1867 -21.5771 -9.97292 -1.10597 6.05539 9.99039 8.0744 2.20002 0.490792 
140340 162.002 153.867 140.127 117.589 92.4573 61.4195 32.2385 2.10744 -28.0416 -57.4369 -81.5925 -102.165 -115.535 -123.706 -126.903 -122.597 -115.119 -101.365 -85.8099 -69.8255 -51.4206 -35.632 -20.7751 -9.38505 -2.46753 3.42933 7.59644 8.73853 5.00707 2.38072 
160340 146.473 141.23 129.013 109.507 87.479 62.6878 31.4358 3.74473 -24.2737 -52.0568 -77.0909 -95.1829 -110.108 -118.532 -121.399 -118.257 -109.552 -96.8079 -82.2759 -66.2629 -48.2828 -32.467 -19.1864 -11.6647 -4.95199 0.433517 4.10117 3.99853 1.85409 4.1949 
180340 142.439 136.565 124.449 108.931 87.8118 63.1363 36.31 7.31996 -21.3388 -50.6656 -74.3029 -94.1778 -108.237 -118.278 -120.096 -118.172 -109.44 -97.3802 -82.303 -64.9231 -45.0959 -29.2328 -19.2738 -11.0966 -4.88275 -0.272618 1.35395 -0.818703 1.40641 1.72211 
200340 144.276 137.261 123.61 109.995 89.9624 64.2904 39.368 10.3061 -21.2467 -52.4559 -76.6009 -96.6449 -110.779 -119.469 -123.463 -120.966 -112.614 -99.5538 -84.593 -64.0427 -43.9926 -25.5219 -14.819 -6.34237 -0.606562 1.2047 -0.0187285 -3.80916 -1.56272 -4.07161 
220340 153.915 146.185 131.408 115.488 96.5396 68.9419 40.57 6.81843 -26.5579 -57.2472 -82.7019 -103.609 -117.511 -126.316 -129.736 -126.531 -118.588 -104.607 -88.5692 -67.7763 -45.5252 -24.6426 -9.01377 1.72202 4.83186 2.92875 -1.49818 -3.6155 -3.22007 -3.06691 
240340 169.995 163.938 147.085 128.878 103.696 73.629 41.6953 4.21852 -29.5555 -61.6171 -88.9329 -108.361 -125.343 -133.266 -136.162 -132.763 -123.162 -108.334 -91.8473 -70.1929 -48.2512 -25.0161 -8.38378 2.03442 5.841 3.83978 -1.05652 -4.28779 -4.28546 -2.87293 
260340 185.371 178.719 163.46 143.136 111.515 80.0292 42.5329 4.19586 -31.6351 -63.9957 -91.504 -113.801 -129.544 -138.407 -140.436 -136.313 -124.941 -111.151 -90.2894 -69.849 -47.2023 -30.278 -16.4775 -7.21382 -2.36084 -1.28594 -1.15712 -0.822851 0.157974 0.228881 
280340 186.573 184.379 172.964 147.686 119.446 86.024 46.6429 8.90682 -27.1251 -60.8055 -89.4934 -111.829 -126.438 -136.712 -138.329 -133.64 -123.969 -108.376 -88.377 -68.1468 -49.3424 -36.9109 -27.7978 -21.2403 -14.3744 -7.8561 -4.82104 -1.32282 1.42885 2.33847 
300340 177.25 177.244 168.065 150.591 124.08 88.8966 52.8011 17.5785 -18.6968 -51.2541 -80.3664 -103.102 -118.678 -127.813 -131.622 -127.547 -117.636 -101.949 -85.7421 -71.2278 -56.1991 -45.7687 -36.9686 -30.1565 -24.1045 -17.1074 -8.80942 -4.59595 -2.98117 -2.16448 
320340 162.002 162.546 156.132 144.166 116.689 88.0862 57.7322 21.9438 -8.26829 -40.5659 -68.1424 -90.2201 -106.437 -115.932 -120.222 -117.255 -108.978 -97.8772 -85.6332 -72.9786 -61.6699 -49.9435 -41.489 -33.6741 -26.6962 -20.5624 -16.4237 -16.2597 -10.4467 -8.56043 
340340 146.473 149.001 144.866 129.831 111.099 84.6221 55.7988 27.0802 -4.70289 -32.0277 -59.4254 -80.0247 -96.571 -107.023 -110.639 -109.908 -105.311 -95.3936 -84.8237 -75.6121 -62.794 -52.5407 -41.5968 -33.8781 -26.6347 -24.3029 -22.5086 -19.981 -17.3942 -14.8128 
