3.17306 -3.323
3.15631 -2.74288
3.13956 -0.690204
3.12281 -0.628161
3.10606 -0.584043
3.0893 -0.443942
3.07255 -0.290179
3.0558 -0.17134
3.03905 -0.075822
3.0223 -0.010416
3.00556 0
2.98881 -0.006259
2.97206 -0.053869
2.95531 -0.102068
2.93856 -0.097759
2.9218 -0.044279
2.90505 -0.006285
2.8883 0.003207
2.87155 -0.057812
2.8548 -0.093311
2.83806 -0.081086
2.82131 -0.005562
2.80456 0.024712
2.78781 0.03141
2.77106 -0.013727
2.75431 -0.032175
2.73755 -0.013369
2.7208 0.072662
2.70405 0.131622
2.6873 0.145073
2.67055 0.122702
2.65381 0.103549
2.63706 0.162932
2.62031 0.235954
2.60356 0.301364
2.58681 0.322774
2.57005 0.317632
2.5533 0.335303
2.53655 0.409035
2.5198 0.527184
2.50305 0.59981
2.48631 0.653722
2.46956 0.666015
2.45281 0.722494
2.43606 0.804394
2.41931 0.938983
2.40255 1.03952
2.3858 1.10993
2.36905 1.16022
2.3523 1.23703
2.33555 1.36318
2.3188 1.51927
2.30206 1.6594
2.28531 1.75496
2.26856 1.83203
2.25181 1.94011
2.23506 2.07698
2.2183 2.24137
2.20155 2.35129
2.1848 2.44079
2.16805 2.4826
2.1513 2.5268
2.13456 2.57297
2.11781 2.61389
2.10106 2.62122
2.08431 2.56725
2.06756 2.47364
2.0508 2.33224
2.03405 2.19987
2.0173 2.08598
2.00055 1.93539
1.98381 1.73486
1.96705 1.49883
1.9503 1.24273
1.93355 0.96107
1.91681 0.707534
1.90006 0.436046
1.88331 0.115484
1.86655 -0.215835
1.8498 -0.551136
1.83306 -0.816768
1.81631 -1.02982
1.79956 -1.26089
1.7828 -1.50924
1.76605 -1.80342
1.74931 -2.11148
1.73256 -2.36812
1.71581 -2.5901
1.69905 -2.79834
1.6823 -3.03905
1.66555 -3.31578
1.64881 -3.56786
1.63206 -3.7763
1.6153 -3.93169
1.59855 -4.10497
1.5818 -4.29197
1.56506 -4.52929
1.54831 -4.74744
1.53156 -4.91764
1.51481 -5.02812
1.49806 -5.16094
1.48131 -5.33104
1.46456 -5.50543
1.44781 -5.68209
1.43106 -5.75858
1.41431 -5.81343
1.39756 -5.89439
1.38081 -5.98729
1.36406 -6.12709
1.34731 -6.24473
1.33056 -6.29909
1.31381 -6.34836
1.29706 -6.41526
1.28031 -6.50681
1.26356 -6.63
1.24681 -6.70044
1.23006 -6.68759
1.21331 -6.67737
1.19656 -6.68834
1.17981 -6.73102
1.16306 -6.77029
1.14631 -6.83091
1.12956 -6.79925
1.11281 -6.77623
1.09606 -6.78305
1.07931 -6.81914
1.06256 -6.87966
1.04581 -6.91624
1.02906 -6.89921
1.01231 -6.87616
0.995556 -6.87135
0.978806 -6.91696
0.962056 -6.97257
0.945306 -6.971
0.928556 -6.90896
0.911806 -6.82578
0.895056 -6.80438
0.878306 -6.79225
0.861556 -6.81939
0.844806 -6.82851
0.828056 -6.79814
0.811306 -6.75738
0.794556 -6.75185
0.777806 -6.76219
0.761056 -6.80585
0.744306 -6.82923
0.727556 -6.83505
0.710806 -6.8396
0.694056 -6.89574
0.677306 -6.97061
0.660556 -7.04645
0.643806 -7.09457
0.627056 -7.06458
0.610306 -7.05059
0.593556 -7.066
0.576806 -7.09278
0.560056 -7.17036
0.543306 -7.18934
0.526556 -7.17563
0.509806 -7.18602
0.493056 -7.18981
0.476306 -7.23714
0.459556 -7.30879
0.442806 -7.32616
0.426056 -7.30599
0.409306 -7.30057
0.392556 -7.33723
0.375806 -7.3945
0.359056 -7.47114
0.342306 -7.50865
0.325556 -7.48185
0.308806 -7.45027
0.292056 -7.44493
0.275306 -7.46839
0.258556 -7.50589
0.241806 -7.50783
0.225056 -7.47382
0.208306 -7.44389
0.191556 -7.42907
0.174806 -7.44908
0.158056 -7.4725
0.141306 -7.48371
0.124556 -7.46038
0.107806 -7.44566
0.0910558 -7.46045
0.0743059 -7.53402
0.0575559 -7.57146
0.0408059 -7.56817
0.0240559 -7.51496
0.00730587 -7.47351
-0.00944413 -7.44904
-0.0261941 -7.47779
-0.0429441 -7.52489
-0.0596941 -7.55986
-0.0764441 -7.66004
-0.0931941 -7.77501
-0.109944 -7.87339
-0.126694 -7.9631
-0.143444 -8.27346
-0.160194 -7.20252
