-3.5 5
-3.49 5
-3.48 5
-3.47 5
-3.46 5
-3.45 5
-3.44 5
-3.43 5
-3.42 5
-3.41 5
-3.4 5
-3.39 5
-3.38 5
-3.37 5
-3.36 5
-3.35 5
-3.34 5
-3.33 5
-3.32 5
-3.31 5
-3.3 5
-3.29 5
-3.28 5
-3.27 5
-3.26 5
-3.25 5
-3.24 5
-3.23 5
-3.22 5
-3.21 5
-3.2 5
-3.19 5
-3.18 5
-3.17 5
-3.16 5
-3.15 5
-3.14 5
-3.13 5
-3.12 5
-3.11 5
-3.1 5
-3.09 5
-3.08 5
-3.07 5
-3.06 5
-3.05 5
-3.04 5
-3.03 5
-3.02 5
-3.01 5
-3 5
-2.99 5
-2.98 5
-2.97 5
-2.96 5
-2.95 5
-2.94 5
-2.93 5
-2.92 5
-2.91 5
-2.9 5
-2.89 5
-2.88 5
-2.87 5
-2.86 5
-2.85 5
-2.84 5
-2.83 5
-2.82 5
-2.81 5
-2.8 5
-2.79 5
-2.78 5
-2.77 5
-2.76 5
-2.75 5
-2.74 5
-2.73 5
-2.72 5
-2.71 5
-2.7 5
-2.69 5
-2.68 5
-2.67 5
-2.66 5
-2.65 5
-2.64 5
-2.63 5
-2.62 5
-2.61 5
-2.6 5
-2.59 5
-2.58 5
-2.57 5
-2.56 5
-2.55 5
-2.54 5
-2.53 5
-2.52 5
-2.51 5
-2.5 5
-2.49 5
-2.48 5
-2.47 5
-2.46 5
-2.45 5
-2.44 5
-2.43 5
-2.42 5
-2.41 5
-2.4 5
-2.39 5
-2.38 5
-2.37 5
-2.36 5
-2.35 5
-2.34 5
-2.33 5
-2.32 5
-2.31 5
-2.3 5
-2.29 5
-2.28 5
-2.27 5
-2.26 5
-2.25 5
-2.24 5
-2.23 5
-2.22 5
-2.21 5
-2.2 5
-2.19 5
-2.18 5
-2.17 5
-2.16 5
-2.15 5
-2.14 5
-2.13 5
-2.12 5
-2.11 5
-2.1 5
-2.09 5
-2.08 5
-2.07 5
-2.06 5
-2.05 5
-2.04 5
-2.03 5
-2.02 5
-2.01 5
-2 5
-1.99 5
-1.98 5
-1.97 5
-1.96 5
-1.95 5
-1.94 5
-1.93 5
-1.92 5
-1.91 5
-1.9 5
-1.89 5
-1.88 5
-1.87 5
-1.86 5
-1.85 5
-1.84 5
-1.83 5
-1.82 5
-1.81 5
-1.8 5
-1.79 5
-1.78 5
-1.77 5
-1.76 5
-1.75 5
-1.74 5
-1.73 5
-1.72 5
-1.71 5
-1.7 5
-1.69 5
-1.68 5
-1.67 5
-1.66 5
-1.65 5
-1.64 5
-1.63 5
-1.62 5
-1.61 5
-1.6 5
-1.59 5
-1.58 5
-1.57 5
-1.56 5
-1.55 5
-1.54 5
-1.53 5
-1.52 5
-1.51 5
-1.5 5
-1.49 5
-1.48 5
-1.47 5
-1.46 5
-1.45 5
-1.44 5
-1.43 5
-1.42 5
-1.41 5
-1.4 5
-1.39 5
-1.38 5
-1.37 5
-1.36 5
-1.35 5
-1.34 5
-1.33 5
-1.32 5
-1.31 5
-1.3 5
-1.29 5
-1.28 5
-1.27 5
-1.26 5
-1.25 5
-1.24 5
-1.23 5
-1.22 5
-1.21 5
-1.2 5
-1.19 5
-1.18 5
-1.17 5
-1.16 5
-1.15 5
-1.14 5
-1.13 5
-1.12 5
-1.11 5
-1.1 5
-1.09 5
-1.08 5
-1.07 5
-1.06 5
-1.05 5
-1.04 5
-1.03 5
-1.02 5
-1.01 5
-1 5
-0.99 5
-0.98 5
-0.97 5
-0.96 5
-0.95 5
-0.94 5
-0.93 5
-0.92 5
-0.91 5
-0.9 5
-0.89 5
-0.88 5
-0.87 5
-0.86 5
-0.85 5
-0.84 5
-0.83 5
-0.82 5
-0.81 5
-0.8 5
-0.79 5
-0.78 5
-0.77 5
-0.76 5
-0.75 5
-0.74 5
-0.73 5
-0.72 5
-0.71 5
-0.7 5
-0.69 5
-0.68 5
-0.67 5
-0.66 5
-0.65 5
-0.64 5
-0.63 5
-0.62 5
-0.61 5
-0.6 5
-0.59 5
-0.58 5
-0.57 5
-0.56 5
-0.55 5
-0.54 5
-0.53 5
-0.52 5
-0.51 5
-0.5 5
-0.49 5
-0.48 5
-0.47 5
-0.46 5
-0.45 5
-0.44 5
-0.43 5
-0.42 5
-0.41 5
-0.4 5
-0.39 5
-0.38 5
-0.37 5
-0.36 5
-0.35 5
-0.34 5
-0.33 5
-0.32 5
-0.31 5
-0.3 5
-0.29 5
-0.28 5
-0.27 5
-0.26 5
-0.25 5
-0.24 5
-0.23 5
-0.22 5
-0.21 5
-0.2 5
-0.19 5
-0.18 5
-0.17 5
-0.16 -7.21492
-0.15 -7.85429
-0.14 -8.20965
-0.13 -8.02436
-0.12 -7.92725
-0.11 -7.87369
-0.1 -7.81499
-0.09 -7.75309
-0.08 -7.68445
-0.07 -7.6215
-0.06 -7.56169
-0.05 -7.53962
-0.04 -7.51661
-0.03 -7.48849
-0.02 -7.46716
-0.01 -7.44999
-3.03334e-14 -7.46284
0.01 -7.48018
0.02 -7.50492
0.03 -7.53384
0.04 -7.56561
0.05 -7.56998
0.06 -7.566
0.07 -7.54365
0.08 -7.50901
0.09 -7.46509
0.1 -7.45255
0.11 -7.44759
0.12 -7.45638
0.13 -7.46796
0.14 -7.48189
0.15 -7.47789
0.16 -7.46978
0.17 -7.4558
0.18 -7.44288
0.19 -7.43093
0.2 -7.43654
0.21 -7.44692
0.22 -7.46478
0.23 -7.48386
0.24 -7.50416
0.25 -7.50688
0.26 -7.50266
0.27 -7.48027
0.28 -7.46182
0.29 -7.44781
0.3 -7.44746
0.31 -7.45252
0.32 -7.47137
0.33 -7.48896
0.34 -7.50496
0.35 -7.49142
0.36 -7.46682
0.37 -7.42107
0.38 -7.38016
0.39 -7.34597
0.4 -7.32094
0.41 -7.30079
0.42 -7.30403
0.43 -7.31074
0.44 -7.32278
0.45 -7.3187
0.46 -7.30689
0.47 -7.26412
0.48 -7.2267
0.49 -7.19845
0.5 -7.18824
0.51 -7.1859
0.52 -7.1797
0.53 -7.17845
0.54 -7.18663
0.55 -7.18176
0.56 -7.17042
0.57 -7.12431
0.58 -7.08767
0.59 -7.07169
0.6 -7.06007
0.61 -7.05087
0.62 -7.05869
0.63 -7.06985
0.64 -7.08775
0.65 -7.07678
0.66 -7.04805
0.67 -7.00369
0.68 -6.95857
0.69 -6.91387
0.7 -6.87582
0.71 -6.8423
0.72 -6.8371
0.73 -6.8342
0.74 -6.83073
0.75 -6.82128
0.76 -6.80733
0.77 -6.78254
0.78 -6.76084
0.79 -6.75466
0.8 -6.75365
0.81 -6.75695
0.82 -6.77853
0.83 -6.80166
0.84 -6.81979
0.85 -6.82568
0.86 -6.82024
0.87 -6.80571
0.88 -6.79348
0.89 -6.80072
0.9 -6.81069
0.91 -6.82347
0.92 -6.86646
0.93 -6.9143
0.94 -6.95134
0.95 -6.97144
0.96 -6.97238
0.97 -6.9462
0.98 -6.91371
0.99 -6.88648
1 -6.87263
1.01 -6.8755
1.02 -6.88675
1.03 -6.90017
1.04 -6.91034
1.05 -6.90708
1.06 -6.88525
1.07 -6.85277
1.08 -6.81765
1.09 -6.7961
1.1 -6.78144
1.11 -6.77737
1.12 -6.78611
1.13 -6.80009
1.14 -6.81899
1.15 -6.81755
1.16 -6.78136
1.17 -6.75401
1.18 -6.73053
1.19 -6.70505
1.2 -6.68609
1.21 -6.67954
1.22 -6.68145
1.23 -6.68755
1.24 -6.69522
1.25 -6.68702
1.26 -6.64496
1.27 -6.58262
1.28 -6.50907
1.29 -6.45384
1.3 -6.40351
1.31 -6.36357
1.32 -6.33015
1.33 -6.30073
1.34 -6.26845
1.35 -6.22582
1.36 -6.15559
1.37 -6.0775
1.38 -5.99403
1.39 -5.93631
1.4 -5.88259
1.41 -5.83425
1.42 -5.79479
1.43 -5.76204
1.44 -5.71775
1.45 -5.65897
1.46 -5.5535
1.47 -5.44877
1.48 -5.34466
1.49 -5.24277
1.5 -5.14554
1.51 -5.06625
1.52 -4.99387
1.53 -4.92792
1.54 -4.83186
1.55 -4.7254
1.56 -4.59517
1.57 -4.45927
1.58 -4.31759
1.59 -4.20051
1.6 -4.09005
1.61 -3.9866
1.62 -3.88816
1.63 -3.79539
1.64 -3.67747
1.65 -3.54992
1.66 -3.39943
1.67 -3.2424
1.68 -3.07718
1.69 -2.92851
1.7 -2.78663
1.71 -2.66231
1.72 -2.53455
1.73 -2.40202
1.74 -2.2541
1.75 -2.09876
1.76 -1.91484
1.77 -1.73419
1.78 -1.55856
1.79 -1.40261
1.8 -1.2548
1.81 -1.11685
1.82 -0.982864
1.83 -0.855669
1.84 -0.706684
1.85 -0.547301
1.86 -0.347121
1.87 -0.14776
1.88 0.0500421
1.89 0.243547
1.9 0.434927
1.91 0.59718
1.92 0.755842
1.93 0.907207
1.94 1.06939
1.95 1.23754
1.96 1.39091
1.97 1.54028
1.98 1.68119
1.99 1.80898
2 1.9287
2.01 2.02027
2.02 2.10428
2.03 2.17227
2.04 2.24682
2.05 2.32585
2.06 2.40983
2.07 2.48728
2.08 2.54317
2.09 2.58559
2.1 2.61781
2.11 2.61731
2.12 2.60854
2.13 2.58411
2.14 2.55797
2.15 2.53041
2.16 2.50387
2.17 2.47775
2.18 2.45279
2.19 2.41305
2.2 2.35962
2.21 2.2959
2.22 2.22477
2.23 2.12663
2.24 2.0366
2.25 1.95489
2.26 1.88726
2.27 1.8254
2.28 1.77939
2.29 1.7282
2.3 1.67115
2.31 1.59297
2.32 1.50817
2.33 1.41498
2.34 1.32973
2.35 1.25442
2.36 1.20176
2.37 1.15739
2.38 1.12737
2.39 1.09231
2.4 1.05028
2.41 0.994858
2.42 0.933431
2.43 0.85308
2.44 0.785125
2.45 0.736229
2.46 0.698247
2.47 0.665691
2.48 0.658352
2.49 0.641843
2.5 0.609656
2.51 0.569716
2.52 0.525838
2.53 0.455302
2.54 0.393889
2.55 0.34987
2.56 0.328244
2.57 0.317695
2.58 0.320684
2.59 0.318696
2.6 0.305914
2.61 0.276213
2.62 0.237162
2.63 0.193707
2.64 0.152507
2.65 0.117054
2.66 0.110628
2.67 0.122062
2.68 0.135311
2.69 0.142912
2.7 0.134882
2.71 0.110711
2.72 0.0755113
2.73 0.0254578
2.74 -0.0161091
2.75 -0.0273365
2.76 -0.0259076
2.77 -0.0148939
2.78 0.0103653
2.79 0.0305341
2.8 0.0265353
2.81 0.0148789
2.82 -0.00319507
2.83 -0.0447462
2.84 -0.0825022
2.85 -0.0898007
2.86 -0.0823108
2.87 -0.0611174
2.88 -0.0270644
2.89 0.00224911
2.9 -0.00341775
2.91 -0.0174911
2.92 -0.0401741
2.93 -0.0704293
2.94 -0.0981295
2.95 -0.100702
2.96 -0.0885715
2.97 -0.0597961
2.98 -0.0312998
2.99 -0.00581425
3 -0.00207754
3.01 -0.00276114
3.02 -0.00897964
3.03 -0.0404449
3.04 -0.0811833
3.05 -0.138209
3.06 -0.201068
3.07 -0.272017
3.08 -0.358478
3.09 -0.449714
3.1 -0.533356
3.11 -0.594421
3.12 -0.62076
3.13 -0.654793
3.14 -0.74413
3.15 -1.96961
3.16 -2.87068
3.17 -3.21702
3.18 5
3.19 5
3.2 5
3.21 5
3.22 5
3.23 5
3.24 5
3.25 5
3.26 5
3.27 5
3.28 5
3.29 5
3.3 5
3.31 5
3.32 5
3.33 5
3.34 5
3.35 5
3.36 5
3.37 5
3.38 5
3.39 5
3.4 5
3.41 5
3.42 5
3.43 5
3.44 5
3.45 5
3.46 5
3.47 5
3.48 5
3.49 5
3.5 5
