3.1593 -0.07406
3.14267 -0.139528
3.12604 -0.427724
3.10941 -0.309288
3.09277 -0.223481
3.07614 -0.110847
3.05951 -0.0425233
3.04287 -0.029611
3.02624 -0.0113093
3.00961 -0.0187422
2.99297 0
2.97634 -0.00654577
2.95971 -0.0182259
2.94308 -0.0338793
2.92644 -0.019597
2.90981 -0.0184939
2.89318 -0.0201905
2.87655 -0.0341402
2.85991 -0.0554916
2.84328 -0.0612532
2.82665 -0.0535891
2.81001 -0.0331171
2.79338 -0.0213611
2.77675 -0.0236442
2.76011 -0.035048
2.74348 -0.0462473
2.72685 -0.0528991
2.71022 -0.0224256
2.69358 -0.042195
2.67695 -0.0242817
2.66032 -0.0552243
2.64369 -0.0350435
2.62705 -0.017891
2.61042 0.0441389
2.59379 0.0580461
2.57715 0.0694495
2.56052 0.0963939
2.54389 0.108805
2.52725 0.133165
2.51062 0.169651
2.49399 0.193237
2.47736 0.204689
2.46072 0.219067
2.44409 0.219426
2.42746 0.243233
2.41082 0.234105
2.39419 0.251255
2.37756 0.234692
2.36093 0.213779
2.34429 0.227411
2.32766 0.236824
2.31103 0.245925
2.2944 0.200907
2.27776 0.158278
2.26113 0.107038
2.2445 0.0282113
2.22786 -0.0391728
2.21123 -0.153533
2.1946 -0.260837
2.17796 -0.431117
2.16133 -0.617966
2.1447 -0.807793
2.12807 -0.918098
2.11143 -1.03831
2.0948 -1.20515
2.07817 -1.38359
2.06154 -1.55878
2.0449 -1.75189
2.02827 -1.93663
2.01164 -2.11237
1.995 -2.3258
1.97837 -2.52194
1.96174 -2.75165
1.94511 -2.98298
1.92847 -3.19028
1.91184 -3.40071
1.89521 -3.59906
1.87857 -3.80595
1.86194 -4.01661
1.84531 -4.19873
1.82868 -4.40624
1.81204 -4.58167
1.79541 -4.75352
1.77878 -4.93302
1.76214 -5.10514
1.74551 -5.28072
1.72888 -5.42457
1.71225 -5.57875
1.69561 -5.72821
1.67898 -5.88334
1.66235 -5.99941
1.64571 -6.11247
1.62908 -6.21446
1.61245 -6.30681
1.59581 -6.39808
1.57918 -6.47153
1.56255 -6.58061
1.54592 -6.67387
1.52928 -6.77142
1.51265 -6.86971
1.49602 -6.99536
1.47938 -7.11778
1.46275 -7.23304
1.44612 -7.34176
1.42949 -7.38687
1.41285 -7.46497
1.39622 -7.4902
1.37959 -7.53683
1.36295 -7.59649
1.34632 -7.64481
1.32969 -7.68252
1.31306 -7.73744
1.29642 -7.76512
1.27979 -7.81057
1.26316 -7.81498
1.24653 -7.83422
1.22989 -7.78471
1.21326 -7.74329
1.19663 -7.68348
1.17999 -7.6221
1.16336 -7.55765
1.14673 -7.50132
1.1301 -7.47247
1.11346 -7.44506
1.09683 -7.43334
1.0802 -7.41326
1.06356 -7.41882
1.04693 -7.39435
1.0303 -7.35328
1.01367 -7.30238
0.997032 -7.26274
0.980399 -7.21383
0.963767 -7.16926
0.947134 -7.13126
0.930501 -7.04479
0.913868 -6.96885
0.897235 -6.91207
0.880602 -6.85229
0.863969 -6.8061
0.847337 -6.77731
0.830704 -6.74444
0.814071 -6.75863
0.797438 -6.7676
0.780805 -6.78071
0.764172 -6.78843
0.74754 -6.77618
0.730907 -6.75626
0.714274 -6.75899
0.697641 -6.74677
0.681008 -6.74501
0.664375 -6.78281
0.647742 -6.80514
0.63111 -6.8397
0.614477 -6.87596
0.597844 -6.90464
0.581211 -6.96824
0.564578 -7.02882
0.547945 -7.07415
0.531312 -7.09025
0.51468 -7.14059
0.498047 -7.1812
0.481414 -7.24987
0.464781 -7.31784
0.448148 -7.37089
0.431515 -7.39234
0.414882 -7.41362
0.39825 -7.42938
0.381617 -7.47563
0.364984 -7.49583
0.348351 -7.52432
0.331718 -7.57125
0.315085 -7.61706
0.298453 -7.67928
0.28182 -7.73242
0.265187 -7.772
0.248554 -7.79849
0.231921 -7.8414
0.215288 -7.83549
0.198655 -7.89841
0.182023 -7.90037
0.16539 -7.955
0.148757 -7.9812
0.132124 -8.00327
0.115491 -7.98596
0.0988582 -7.99429
0.0822254 -8.01062
0.0655925 -8.0193
0.0489596 -8.01509
0.0323268 -8.03359
0.0156939 -8.01465
-0.000938922 -8.01431
-0.0175718 -8.0043
-0.0342046 -8.01734
-0.0508375 -8.02874
-0.0674703 -8.02175
-0.0841032 -8.02101
-0.100736 -7.97545
-0.117369 -8.06752
-0.134002 -8.18476
-0.150635 -8.53893
