3.14976 -1.52313
3.13309 -0.970168
3.11642 -0.661821
3.09974 -0.440827
3.08307 -0.373553
3.0664 -0.193562
3.04973 -0.097795
3.03305 -0.035828
3.01638 -0.000543
2.99971 0
2.98303 -0.033504
2.96636 -0.094201
2.94969 -0.139163
2.93301 -0.112258
2.91634 -0.065931
2.89967 -0.070095
2.883 -0.114783
2.86632 -0.188734
2.84965 -0.243505
2.83298 -0.21828
2.8163 -0.178964
2.79963 -0.163327
2.78296 -0.212329
2.76628 -0.277429
2.74961 -0.332856
2.73294 -0.340281
2.71626 -0.295657
2.69959 -0.284346
2.68292 -0.306855
2.66624 -0.361671
2.64957 -0.409304
2.6329 -0.384354
2.61623 -0.32468
2.59955 -0.291706
2.58288 -0.276686
2.56621 -0.294432
2.54953 -0.31198
2.53286 -0.208926
2.51619 -0.143357
2.49952 -0.071455
2.48284 -0.051659
2.46617 -0.05203
2.4495 -0.036275
2.43282 0.036809
2.41615 0.090083
2.39948 0.137368
2.3828 0.129564
2.36613 0.086626
2.34946 0.093661
2.33278 0.141439
2.31611 0.247819
2.29944 0.296022
2.28277 0.338615
2.26609 0.3712
2.24942 0.396543
2.23275 0.448456
2.21607 0.50236
2.1994 0.520229
2.18273 0.49245
2.16605 0.430787
2.14938 0.354029
2.13271 0.305906
2.11604 0.234841
2.09936 0.123428
2.08269 -0.054154
2.06602 -0.318614
2.04934 -0.598384
2.03267 -0.85998
2.016 -1.1267
1.99932 -1.41697
1.98265 -1.74152
1.96598 -2.12329
1.94931 -2.51885
1.93263 -2.87138
1.91596 -3.19137
1.89929 -3.49841
1.88261 -3.82742
1.86594 -4.1977
1.84927 -4.55096
1.83259 -4.8593
1.81592 -5.0971
1.79925 -5.33606
1.78258 -5.62979
1.7659 -5.9277
1.74923 -6.25313
1.73256 -6.5082
1.71588 -6.75272
1.69921 -6.99628
1.68254 -7.26496
1.66586 -7.54151
1.64919 -7.81118
1.63252 -8.02613
1.61584 -8.17993
1.59917 -8.37631
1.5825 -8.56624
1.56583 -8.80936
1.54915 -9.03312
1.53248 -9.24441
1.51581 -9.41401
1.49913 -9.61536
1.48246 -9.83277
1.46579 -10.0616
1.44911 -10.2822
1.43244 -10.4077
1.41577 -10.4312
1.39909 -10.5024
1.38242 -10.5901
1.36575 -10.6934
1.34908 -10.7924
1.3324 -10.8613
1.31573 -10.8962
1.29906 -10.9472
1.28238 -11.0264
1.26571 -11.1252
1.24904 -11.1755
1.23236 -11.1379
1.21569 -11.0474
1.19902 -11.0104
1.18234 -10.9904
1.16567 -10.9911
1.149 -10.9766
1.13233 -10.9167
1.11565 -10.8348
1.09898 -10.77
1.08231 -10.7486
1.06563 -10.7427
1.04896 -10.6965
1.03229 -10.5922
1.01561 -10.4666
0.998942 -10.3496
0.982269 -10.2796
0.965596 -10.2363
0.948923 -10.1301
0.93225 -9.98117
0.915577 -9.84518
0.898904 -9.7167
0.882231 -9.63806
0.865558 -9.60022
0.848885 -9.52295
0.832212 -9.38623
0.815539 -9.25223
0.798866 -9.14277
0.782192 -9.04682
0.765519 -9.01931
0.748846 -8.95576
0.732173 -8.88076
0.7155 -8.81161
0.698827 -8.77497
0.682154 -8.80126
0.665481 -8.81774
0.648808 -8.8299
0.632135 -8.75888
0.615462 -8.67459
0.598789 -8.60847
0.582116 -8.58544
0.565443 -8.60143
0.54877 -8.57885
0.532097 -8.55371
0.515424 -8.47454
0.498751 -8.4508
0.482078 -8.46049
0.465405 -8.49271
0.448732 -8.50815
0.432059 -8.45597
0.415386 -8.38758
0.398713 -8.36721
0.38204 -8.35238
0.365367 -8.38284
0.348694 -8.39669
0.332021 -8.39521
0.315348 -8.35817
0.298675 -8.36391
0.282002 -8.41443
0.265328 -8.46619
0.248655 -8.49554
0.231982 -8.46552
0.215309 -8.42979
0.198636 -8.39328
0.181963 -8.41447
0.16529 -8.45456
0.148617 -8.47452
0.131944 -8.42478
0.115271 -8.36402
0.0985981 -8.33085
0.081925 -8.33659
0.065252 -8.36076
0.048579 -8.38445
0.0319059 -8.35381
0.0152329 -8.32585
-0.00144013 -8.30583
-0.0181132 -8.31383
-0.0347862 -8.34903
-0.0514592 -8.40215
-0.0681323 -8.50505
-0.0848053 -8.5637
-0.101478 -8.7565
-0.118151 -8.75893
-0.134824 -9.05853
-0.151497 -8.44801
-0.168171 -8.95644
