3.166 -2.21133
3.14936 -1.44383
3.13272 -0.52559
3.11608 -0.542395
3.09944 -0.389219
3.08279 -0.261738
3.06615 -0.173152
3.04951 -0.082434
3.03287 -0.019746
3.01623 0.007735
2.99959 0
2.98295 -0.048815
2.96631 -0.102912
2.94966 -0.13945
2.93302 -0.110209
2.91638 -0.062174
2.89974 -0.046801
2.8831 -0.06271
2.86646 -0.130641
2.84982 -0.15033
2.83318 -0.137602
2.81654 -0.06962
2.79989 -0.03809
2.78325 -0.05726
2.76661 -0.109626
2.74997 -0.115527
2.73333 -0.06113
2.71669 0.016878
2.70005 0.061209
2.68341 0.085983
2.66676 0.063135
2.65012 0.077215
2.63348 0.146035
2.61684 0.246438
2.6002 0.312592
2.58356 0.342487
2.56692 0.369172
2.55028 0.437383
2.53363 0.5645
2.51699 0.709194
2.50035 0.840001
2.48371 0.94581
2.46707 1.02029
2.45043 1.11878
2.43379 1.28999
2.41715 1.46976
2.40051 1.6427
2.38387 1.78223
2.36722 1.91248
2.35058 2.05159
2.33394 2.24746
2.3173 2.46009
2.30066 2.66195
2.28402 2.82572
2.26738 3.00118
2.25074 3.20035
2.23409 3.48516
2.21745 3.7996
2.20081 4.09288
2.18417 4.35488
2.16753 4.61873
2.15089 4.86376
2.13425 5.10392
2.11761 5.32412
2.10096 5.50547
2.08432 5.66254
2.06768 5.80152
2.05104 6.00088
2.0344 6.28925
2.01776 6.59476
2.00112 6.87882
1.98448 7.11914
1.96784 7.33161
1.9512 7.54172
1.93455 7.73176
1.91791 7.93288
1.90127 8.09672
1.88463 8.22593
1.86799 8.35253
1.85135 8.55147
1.83471 8.83524
1.81807 9.14369
1.80142 9.43371
1.78478 9.67509
1.76814 9.91031
1.7515 10.2204
1.73486 10.605
1.71822 10.9915
1.70158 11.3623
1.68494 11.6949
1.6683 12.0212
1.65165 12.3734
1.63501 12.7408
1.61837 13.1321
1.60173 13.4853
1.58509 13.8335
1.56845 14.1703
1.55181 14.5269
1.53517 14.922
1.51852 15.2963
1.50188 15.6348
1.48524 15.9603
1.4686 16.2952
1.45196 16.7134
1.43532 17.243
1.41868 17.7628
1.40204 18.2723
1.38539 18.7445
1.36875 19.2284
1.35211 19.7333
1.33547 20.2911
1.31883 20.8245
1.30219 21.3423
1.28555 21.8471
1.26891 22.3639
1.25227 22.9567
1.23562 23.5619
1.21898 24.1553
1.20234 24.721
1.1857 25.2601
1.16906 25.8095
1.15242 26.4236
1.13578 27.0777
1.11914 27.7133
1.1025 28.3161
1.08585 28.9022
1.06921 29.5044
1.05257 30.1782
1.03593 30.8758
1.01929 31.555
1.00265 32.2156
0.986007 32.8596
0.969366 33.5413
0.952725 34.2945
0.936084 35.0594
0.919443 35.8182
0.902802 36.541
0.88616 37.2694
0.869519 37.9971
0.852878 38.8066
0.836237 39.6017
0.819596 40.3898
0.802955 41.1383
0.786313 41.8751
0.769672 42.6595
0.753031 43.5012
0.73639 44.3381
0.719749 45.1704
0.703108 45.9681
0.686466 46.7474
0.669825 47.5677
0.653184 48.39
0.636543 49.2352
0.619902 50.0614
0.603261 50.8781
0.58662 51.6838
0.569978 52.5406
0.553337 53.4638
0.536696 54.3814
0.520055 55.2812
0.503414 56.1572
0.486773 57.0139
0.470131 57.9099
0.45349 58.8598
0.436849 59.8068
0.420208 60.7248
0.403567 61.6101
0.386926 62.4968
0.370285 63.4639
0.353643 64.4732
0.337002 65.5058
0.320361 66.4868
0.30372 67.4617
0.287079 68.4182
0.270437 69.4171
0.253796 70.447
0.237155 71.4873
0.220514 72.4993
0.203873 73.4897
0.187232 74.4918
0.170591 75.523
0.153949 76.6092
0.137308 77.6815
0.120667 78.7073
0.104026 79.7304
0.0873848 80.7572
0.0707436 81.8167
0.0541024 82.913
0.0374613 83.9916
0.0208201 85.0689
0.00417895 86.1069
-0.0124622 87.131
-0.0291034 88.1142
-0.0457445 89.1047
-0.0623857 90.0239
-0.0790268 90.9832
-0.095668 91.7518
-0.112309 92.7069
-0.12895 94.1085
-0.145592 93.5275
