3.16045 15.0573
3.1438 17.1874
3.12715 16.6403
3.11049 16.5681
3.09384 16.5252
3.07718 16.5977
3.06053 16.6528
3.04388 16.6821
3.02722 16.699
3.01057 16.7079
2.99391 16.7
2.97726 16.6909
2.96061 16.6824
2.94395 16.6586
2.9273 16.6621
2.91065 16.689
2.89399 16.6882
2.87734 16.6651
2.86069 16.6442
2.84403 16.6253
2.82738 16.6265
2.81072 16.6749
2.79407 16.6918
2.77742 16.6888
2.76076 16.6497
2.74411 16.6497
2.72745 16.6672
2.7108 16.6768
2.69415 16.7058
2.67749 16.7038
2.66084 16.7156
2.64419 16.7256
2.62753 16.7798
2.61088 16.8018
2.59422 16.8204
2.57757 16.8278
2.56092 16.8383
2.54426 16.848
2.52761 16.868
2.51096 16.9032
2.4943 16.9418
2.47765 16.9712
2.46099 16.9729
2.44434 17.0151
2.42769 17.0697
2.41103 17.1249
2.39438 17.1929
2.37772 17.246
2.36107 17.3067
2.34442 17.3824
2.32776 17.4275
2.31111 17.4782
2.29446 17.5019
2.2778 17.5327
2.26115 17.5351
2.2445 17.5537
2.22784 17.6196
2.21119 17.6476
2.19453 17.6272
2.17788 17.6043
2.16123 17.569
2.14457 17.5144
2.12792 17.4423
2.11126 17.34
2.09461 17.2481
2.07796 17.1227
2.0613 16.9702
2.04465 16.8377
2.028 16.7259
2.01134 16.6025
1.99469 16.4895
1.97803 16.3816
1.96138 16.2551
1.94473 16.1706
1.92807 16.073
1.91142 15.9471
1.89477 15.8326
1.87811 15.7155
1.86146 15.5827
1.8448 15.4864
1.82815 15.4561
1.8115 15.3906
1.79484 15.3623
1.77819 15.3227
1.76154 15.2603
1.74488 15.2245
1.72823 15.1832
1.71157 15.1769
1.69492 15.175
1.67827 15.2012
1.66161 15.182
1.64496 15.197
1.6283 15.1921
1.61165 15.1213
1.595 15.0603
1.57834 15.0272
1.56169 14.964
1.54504 14.9186
1.52838 14.9299
1.51173 14.9573
1.49507 14.9864
1.47842 15.0457
1.46177 15.0795
1.44511 15.1332
1.42846 15.1898
1.41181 15.2442
1.39515 15.2891
1.3785 15.3483
1.36184 15.4143
1.34519 15.5162
1.32854 15.6738
1.31188 15.8628
1.29523 16.0409
1.27858 16.2138
1.26192 16.4031
1.24527 16.5685
1.22861 16.732
1.21196 16.9057
1.19531 17.0791
1.17865 17.2341
1.162 17.4176
1.14535 17.6198
1.12869 17.861
1.11204 18.0803
1.09538 18.2721
1.07873 18.4813
1.06208 18.6865
1.04542 18.9143
1.02877 19.1592
1.01212 19.4215
0.995461 19.6909
0.978807 19.9776
0.962153 20.2333
0.9455 20.4571
0.928846 20.6559
0.912192 20.8489
0.895538 21.0486
0.878885 21.255
0.862231 21.4707
0.845577 21.7274
0.828923 22.0134
0.812269 22.331
0.795616 22.6238
0.778962 22.9053
0.762308 23.1854
0.745654 23.4671
0.729001 23.8239
0.712347 24.1335
0.695693 24.4857
0.679039 24.8223
0.662385 25.1392
0.645732 25.4436
0.629078 25.6867
0.612424 25.9339
0.59577 26.2002
0.579116 26.4301
0.562463 26.6822
0.545809 26.932
0.529155 27.1954
0.512501 27.4489
0.495847 27.7033
0.479194 27.9216
0.46254 28.1283
0.445886 28.2917
0.429232 28.3508
0.412579 28.3715
0.395925 28.3885
0.379271 28.3718
0.362617 28.3458
0.345963 28.3282
0.32931 28.3583
0.312656 28.4016
0.296002 28.435
0.279348 28.4092
0.262694 28.3695
0.246041 28.3457
0.229387 28.3469
0.212733 28.3016
0.196079 28.2803
0.179426 28.2821
0.162772 28.2412
0.146118 28.1985
0.129464 28.1734
0.11281 28.1743
0.0961566 28.1443
0.0795028 28.1287
0.0628491 28.0985
0.0461953 28.1055
0.0295415 28.0987
0.0128877 28.0921
-0.00376609 28.1251
-0.0204199 28.1273
-0.0370737 28.1333
-0.0537275 28.1464
-0.0703812 28.1172
-0.087035 28.1537
-0.103689 27.9802
-0.120343 27.9577
-0.136996 27.4952
-0.15365 27.5766
