0 0 -330.965
20 0 0.065245
40 0 -326.507
60 0 5.67652
80 0 -321.092
100 0 4.56042
120 0 -323.303
140 0 -2.58086
160 0 -326.063
180 0 54.7482
0 20 -277.735
20 20 21.1254
40 20 -319.905
60 20 -1.12931
80 20 -320.517
100 20 26.2646
120 20 -280.275
140 20 59.1713
160 20 -265.002
180 20 106.71
0 40 -146.725
20 40 61.2553
40 40 -260.213
60 40 -23.0824
80 40 -294.684
100 40 55.8563
120 40 -201.836
140 40 151.577
160 40 -158.524
180 40 217.151
0 60 -114.853
20 60 140.923
40 60 -239.12
60 60 -40.2429
80 60 -287.942
100 60 36.6275
120 60 -133.309
140 60 149.982
160 60 -76.4727
180 60 71.8206
0 80 -14.7409
20 80 37.5508
40 80 -151.472
60 80 -98.823
80 80 -251.498
100 80 68.4226
120 80 -111.285
140 80 225.155
160 80 -84.2639
180 80 221.182
0 100 -98.3879
20 100 124.734
40 100 -202.564
60 100 -106.191
80 100 -246.981
100 100 -44.8787
120 100 -60.946
140 100 57.1964
160 100 -3.50466
180 100 -14.9133
0 120 4.67664
20 120 -54.6298
40 120 -129.338
60 120 -159.482
80 120 -220.816
100 120 7.74139
120 120 -132.304
140 120 191.88
160 120 -111.141
180 120 121.541
0 140 -190.471
20 140 -2.91824
40 140 -239.379
60 140 -164.549
80 140 -216.506
100 140 -154.945
120 140 -92.5539
140 140 -89.784
160 140 -39.4874
180 140 -191.36
0 160 -133.05
20 160 -201.319
40 160 -174.728
60 160 -187.54
80 160 -214.969
100 160 -81.355
120 160 -241.532
140 160 35.3468
160 160 -269.702
180 160 -26.6436
0 180 -320.477
20 180 -107.865
40 180 -265.581
60 180 -185.242
80 180 -202.498
100 180 -227.759
120 180 -172.446
140 180 -242.03
160 180 -160.325
180 180 -44.5616
