3.17062 0.335205
3.15403 -0.46103
3.13745 -0.574567
3.12086 -0.216405
3.10428 -0.120344
3.08769 -0.127337
3.07111 -0.104428
3.05452 -0.0595107
3.03794 -0.0359924
3.02135 -0.0005863
3.00477 0
2.98818 -0.004555
2.9716 -0.0025966
2.95501 -0.0352276
2.93843 -0.0302604
2.92184 -0.0393707
2.90526 -0.0247861
2.88867 -0.0345691
2.87209 -0.0275665
2.8555 -0.0650961
2.83892 -0.0774452
2.82233 -0.0873371
2.80575 -0.115042
2.78916 -0.149176
2.77258 -0.206864
2.75599 -0.272008
2.73941 -0.319091
2.72282 -0.365252
2.70624 -0.38291
2.68966 -0.417651
2.67307 -0.458849
2.65648 -0.49585
2.6399 -0.489311
2.62331 -0.445004
2.60673 -0.397697
2.59015 -0.365752
2.57356 -0.369701
2.55697 -0.397206
2.54039 -0.374241
2.5238 -0.298075
2.50722 -0.199497
2.49064 -0.081105
2.47405 -0.0009349
2.45747 0.0762121
2.44088 0.0853182
2.4243 0.130176
2.40771 0.211393
2.39113 0.313746
2.37454 0.429919
2.35796 0.583442
2.34137 0.702897
2.32479 0.841171
2.3082 0.947348
2.29162 1.05508
2.27503 1.13846
2.25845 1.24032
2.24186 1.40315
2.22528 1.64897
2.20869 1.89083
2.19211 2.14812
2.17552 2.34758
2.15894 2.6291
2.14235 2.95811
2.12577 3.328
2.10918 3.73045
2.0926 4.15628
2.07601 4.57827
2.05943 4.90129
2.04284 5.07276
2.02626 5.15466
2.00967 5.25587
1.99309 5.35135
1.9765 5.46424
1.95992 5.57272
1.94333 5.73331
1.92675 5.91949
1.91016 6.14889
1.89358 6.37221
1.87699 6.59792
1.86041 6.84295
1.84382 7.08763
1.82724 7.3489
1.81065 7.5801
1.79407 7.81432
1.77748 8.03228
1.7609 8.24232
1.74431 8.45934
1.72773 8.691
1.71114 8.96219
1.69456 9.18452
1.67797 9.46017
1.66139 9.71854
1.6448 9.98083
1.62822 10.2431
1.61163 10.5087
1.59505 10.792
1.57846 11.0763
1.56188 11.3401
1.54529 11.6684
1.52871 12.0063
1.51212 12.3757
1.49554 12.7484
1.47896 13.1637
1.46237 13.5701
1.44579 14.0211
1.4292 14.488
1.41261 14.9577
1.39603 15.4307
1.37945 15.9319
1.36286 16.4442
1.34628 16.9692
1.32969 17.4731
1.3131 17.9841
1.29652 18.4935
1.27994 18.9884
1.26335 19.4912
1.24677 20.0573
1.23018 20.6623
1.2136 21.2768
1.19701 21.901
1.18043 22.5208
1.16384 23.099
1.14726 23.5988
1.13067 24.1467
1.11409 24.7491
1.0975 25.4059
1.08092 26.0745
1.06433 26.719
1.04775 27.3016
1.03116 27.8859
1.01458 28.4908
0.997992 29.0982
0.981407 29.7655
0.964822 30.4706
0.948237 31.211
0.931652 31.9699
0.915067 32.7306
0.898482 33.4992
0.881897 34.2667
0.865312 34.9835
0.848727 35.7262
0.832142 36.4739
0.815557 37.1997
0.798972 37.9221
0.782388 38.5978
0.765803 39.2964
0.749218 40.0695
0.732633 40.8824
0.716048 41.726
0.699463 42.5953
0.682878 43.4818
0.666293 44.4128
0.649708 45.3506
0.633123 46.3379
0.616538 47.3156
0.599953 48.3256
0.583368 49.2946
0.566783 50.2257
0.550199 51.1677
0.533614 52.0897
0.517029 53.0493
0.500444 53.9994
0.483859 54.9188
0.467274 55.8112
0.450689 56.6615
0.434104 57.5383
0.417519 58.3899
0.400934 59.2916
0.384349 60.1872
0.367764 61.12
0.351179 62.0675
0.334594 63.0003
0.31801 63.9524
0.301425 64.8773
0.28484 65.8079
0.268255 66.647
0.25167 67.445
0.235085 68.2648
0.2185 69.1213
0.201915 70.0108
0.18533 70.9245
0.168745 71.9044
0.15216 72.8827
0.135575 73.8901
0.11899 74.8958
0.102405 75.9041
0.0858205 76.9628
0.0692356 77.9845
0.0526506 78.996
0.0360657 79.9941
0.0194808 80.9999
0.00289584 81.966
-0.0136891 82.9206
-0.030274 83.9417
-0.046859 84.9013
-0.0634439 85.8545
-0.0800288 86.9219
-0.0966137 87.7255
-0.113199 88.7253
-0.129784 89.711
