3.14742 -1.86024
3.13079 -0.344701
3.11417 -0.405586
3.09755 -0.242075
3.08092 -0.170844
3.0643 -0.14408
3.04767 -0.060064
3.03105 -0.055069
3.01442 -0.01701
2.9978 0
2.98118 -0.005301
2.96455 0.0106
2.94793 -0.022434
2.9313 -0.021077
2.91468 -0.010517
2.89805 -0.014036
2.88143 -0.034528
2.86481 -0.065384
2.84818 -0.073629
2.83156 -0.042362
2.81493 -0.021687
2.79831 -0.014609
2.78169 -0.01452
2.76506 -0.037708
2.74844 -0.018454
2.73181 0.002879
2.71519 0.038009
2.69856 0.082432
2.68194 0.102312
2.66532 0.125663
2.64869 0.149575
2.63207 0.190396
2.61544 0.228998
2.59882 0.26193
2.5822 0.302941
2.56557 0.305056
2.54895 0.331353
2.53232 0.380075
2.5157 0.437107
2.49907 0.471587
2.48245 0.52224
2.46583 0.535739
2.4492 0.54136
2.43258 0.592602
2.41595 0.628956
2.39933 0.679318
2.38271 0.699055
2.36608 0.718456
2.34946 0.721512
2.33283 0.744545
2.31621 0.76629
2.29958 0.758486
2.28296 0.757891
2.26634 0.747614
2.24971 0.687682
2.23309 0.518534
2.21646 0.31869
2.19984 0.117206
2.18322 -0.10361
2.16659 -0.316408
2.14997 -0.522474
2.13334 -0.716612
2.11672 -0.874863
2.1001 -1.02519
2.08347 -1.19103
2.06685 -1.35793
2.05022 -1.51481
2.0336 -1.69983
2.01697 -1.88218
2.00035 -2.05363
1.98372 -2.24493
1.9671 -2.42943
1.95048 -2.62218
1.93385 -2.77926
1.91723 -2.89675
1.9006 -3.04782
1.88398 -3.18265
1.86736 -3.3005
1.85073 -3.46069
1.83411 -3.60706
1.81748 -3.74916
1.80086 -3.88194
1.78424 -4.04336
1.76761 -4.21568
1.75099 -4.37171
1.73436 -4.49304
1.71774 -4.58408
1.70111 -4.65747
1.68449 -4.76425
1.66787 -4.88194
1.65124 -4.98496
1.63462 -5.07737
1.61799 -5.14078
1.60137 -5.1784
1.58475 -5.2305
1.56812 -5.28598
1.5515 -5.31433
1.53487 -5.35113
1.51825 -5.36815
1.50162 -5.38559
1.485 -5.44164
1.46838 -5.49352
1.45175 -5.54679
1.43513 -5.50389
1.4185 -5.4147
1.40188 -5.31668
1.38525 -5.21543
1.36863 -5.1167
1.35201 -5.06049
1.33538 -5.01364
1.31876 -4.93807
1.30213 -4.83949
1.28551 -4.72019
1.26889 -4.54595
1.25226 -4.42889
1.23564 -4.31747
1.21901 -4.19019
1.20239 -4.08782
1.18576 -3.95577
1.16914 -3.83742
1.15252 -3.713
1.13589 -3.57116
1.11927 -3.3901
1.10264 -3.21726
1.08602 -3.02069
1.0694 -2.83347
1.05277 -2.64105
1.03615 -2.47384
1.01952 -2.3022
1.0029 -2.11134
0.986275 -1.9011
0.96965 -1.68341
0.953026 -1.45386
0.936402 -1.18453
0.919778 -0.909641
0.903154 -0.599291
0.886529 -0.300578
0.869905 0.001403
0.853281 0.299649
0.836657 0.587825
0.820033 0.861912
0.803408 1.17045
0.786784 1.49515
0.77016 1.82058
0.753536 2.10981
0.736912 2.46191
0.720288 2.78498
0.703663 3.15554
0.687039 3.49452
0.670415 3.8618
0.653791 4.22303
0.637167 4.56468
0.620542 4.90936
0.603918 5.19679
0.587294 5.48384
0.57067 5.76855
0.554046 6.05887
0.537422 6.37861
0.520798 6.68436
0.504173 6.9555
0.487549 7.22872
0.470925 7.46343
0.454301 7.62694
0.437677 7.73929
0.421052 7.78291
0.404428 7.79901
0.387804 7.81732
0.37118 7.80868
0.354556 7.84831
0.337931 7.91397
0.321307 8.04463
0.304683 8.12326
0.288059 8.18216
0.271435 8.20153
0.254811 8.20113
0.238186 8.2342
0.221562 8.25042
0.204938 8.27799
0.188314 8.30091
0.17169 8.32963
0.155065 8.35252
0.138441 8.37889
0.121817 8.38676
0.105193 8.40833
0.0885688 8.41814
0.0719446 8.40076
0.0553204 8.43338
0.0386962 8.43492
0.0220721 8.45689
0.00544788 8.46146
-0.0111763 8.49245
-0.0278005 8.47334
-0.0444247 8.47007
-0.0610488 8.48422
-0.077673 8.46211
-0.0942972 8.36136
-0.110921 8.40884
-0.127546 8.36692
-0.14417 8.05812
-0.160794 8.50434
