3.17045 17.2453
3.15368 16.8923
3.13692 17.3646
3.12016 17.1745
3.1034 17.4327
3.08663 17.5893
3.06987 17.6985
3.05311 17.7923
3.03634 17.8935
3.01958 17.9268
3.00282 17.95
2.98605 17.9347
2.96929 17.8927
2.95253 17.8583
2.93577 17.9103
2.919 17.9794
2.90224 18.014
2.88548 18.0152
2.86871 17.9781
2.85195 17.9605
2.83519 18.0282
2.81842 18.1249
2.80166 18.1956
2.7849 18.2305
2.76814 18.2347
2.75137 18.249
2.73461 18.3282
2.71785 18.4252
2.70108 18.4905
2.68432 18.5288
2.66756 18.537
2.65079 18.5854
2.63403 18.6843
2.61727 18.7921
2.6005 18.8833
2.58374 18.9263
2.56698 18.9574
2.55022 18.9977
2.53345 19.1079
2.51669 19.232
2.49993 19.3171
2.48316 19.3777
2.4664 19.4218
2.44964 19.4671
2.43287 19.5703
2.41611 19.6586
2.39935 19.7141
2.38259 19.7316
2.36582 19.6963
2.34906 19.6954
2.33229 19.7579
2.31553 19.8345
2.29877 19.8872
2.28201 19.8657
2.26524 19.7999
2.24848 19.6918
2.23172 19.5509
2.21495 19.3846
2.19819 19.1612
2.18143 18.8604
2.16466 18.4862
2.1479 18.0826
2.13114 17.7553
2.11438 17.5322
2.09761 17.2983
2.08085 16.998
2.06409 16.6715
2.04732 16.329
2.03056 16.0313
2.0138 15.7598
1.99703 15.4599
1.98027 15.1499
1.96351 14.8026
1.94674 14.4419
1.92998 14.1161
1.91322 13.8066
1.89646 13.4864
1.87969 13.1324
1.86293 12.7695
1.84617 12.4069
1.8294 12.1266
1.81264 11.896
1.79588 11.6606
1.77911 11.3828
1.76235 11.0722
1.74559 10.7751
1.72883 10.5384
1.71206 10.3045
1.6953 10.0714
1.67854 9.80748
1.66177 9.51569
1.64501 9.2426
1.62825 9.06426
1.61148 8.92299
1.59472 8.77624
1.57796 8.59885
1.5612 8.41778
1.54443 8.24614
1.52767 8.16643
1.5109 8.12645
1.49414 8.074
1.47738 7.97938
1.46062 7.8982
1.44385 7.8332
1.42709 7.8463
1.41033 7.8586
1.39356 7.8594
1.3768 7.8293
1.36004 7.7832
1.34327 7.7703
1.32651 7.7764
1.30975 7.7808
1.29299 7.753
1.27622 7.7107
1.25946 7.6482
1.2427 7.6525
1.22593 7.7294
1.20917 7.8107
1.19241 7.8556
1.17564 7.8734
1.15888 7.8824
1.14212 7.97233
1.12536 8.11605
1.10859 8.2509
1.09183 8.35208
1.07507 8.4258
1.0583 8.49569
1.04154 8.68671
1.02478 8.92037
1.00801 9.14381
0.991251 9.34827
0.974487 9.51155
0.957724 9.68538
0.940961 9.87228
0.924198 10.0678
0.907435 10.2382
0.890672 10.4025
0.873909 10.5412
0.857146 10.7095
0.840383 10.9516
0.82362 11.2245
0.806857 11.4731
0.790094 11.7099
0.773331 11.9168
0.756568 12.1635
0.739805 12.5134
0.723042 12.9047
0.706279 13.2675
0.689515 13.6105
0.672752 13.9323
0.655989 14.3264
0.639226 14.7624
0.622463 15.2233
0.6057 15.6605
0.588937 16.0601
0.572174 16.4565
0.555411 16.8887
0.538648 17.3463
0.521885 17.8042
0.505122 18.2395
0.488359 18.6409
0.471596 19.0524
0.454833 19.4998
0.43807 20.003
0.421306 20.5162
0.404544 20.9995
0.38778 21.4626
0.371017 21.8988
0.354254 22.3712
0.337491 22.8543
0.320728 23.308
0.303965 23.7221
0.287202 24.1075
0.270439 24.4653
0.253676 24.8046
0.236913 25.1759
0.22015 25.5101
0.203387 25.8117
0.186624 26.064
0.169861 26.2605
0.153098 26.5092
0.136334 26.7834
0.119571 27.0465
0.102808 27.2497
0.0860453 27.3972
0.0692823 27.4902
0.0525192 27.5688
0.0357561 27.6438
0.0189931 27.7198
0.00223002 27.7712
-0.014533 27.8115
-0.0312961 27.8044
-0.0480592 27.776
-0.0648222 27.7349
-0.0815853 27.6662
-0.0983483 27.5729
-0.115111 27.4388
-0.131875 27.2685
-0.148638 27.4365
-0.165401 27.5037
