0 -55.2042
0.1 -55.158
0.2 -55.0334
0.3 -54.9404
0.4 -54.9641
0.5 -55.0907
0.6 -55.3174
0.7 -55.6788
0.8 -56.1643
0.9 -56.7027
1 -56.9882
1.1 -56.8192
1.2 -55.968
1.3 -54.1979
1.4 -51.2979
1.5 -47.3927
1.6 -42.5838
1.7 -36.8936
1.8 -30.5092
1.9 -26.2915
2 -24.1576
2.1 -22.1735
2.2 -20.1736
2.3 -18.2052
2.4 -16.1496
2.5 -14.1579
2.6 -12.1538
2.7 -10.1494
2.8 -8.24205
2.9 -6.38571
3 -4.63462
3.1 -3.10174
3.2 -1.78735
3.3 -0.795882
3.4 -0.360689
3.5 -0.106406
3.6 -0.0486586
3.7 -0.0268421
3.8 -0.0148188
3.9 0
