0 -50.815
0.1 -50.7604
0.2 -50.5212
0.3 -50.2688
0.4 -49.9977
0.5 -49.7319
0.6 -49.4465
0.7 -49.1779
0.8 -48.9119
0.9 -48.6483
1 -48.3239
1.1 -47.7714
1.2 -46.7795
1.3 -45.181
1.4 -43.0053
1.5 -40.2294
1.6 -36.8164
1.7 -32.7715
1.8 -28.1805
1.9 -23.3295
2 -20.9596
2.1 -19.154
2.2 -17.4124
2.3 -15.7103
2.4 -13.9598
2.5 -12.2331
2.6 -10.5498
2.7 -8.8867
2.8 -7.28956
2.9 -5.76509
3 -4.31827
3.1 -2.99362
3.2 -1.82667
3.3 -0.862915
3.4 -0.282203
3.5 -0.0426518
3.6 0.00795923
3.7 0.0142383
3.8 0.00710077
3.9 0
