0 20.2274
0.1 19.4673
0.2 18.0492
0.3 7.52155
0.4 5.28093
0.5 3.59765
0.6 2.23455
0.7 1.29085
0.8 0.69025
0.9 0.355653
1 0.178228
1.1 0.0806847
1.2 0.0266612
1.3 -0.0132978
1.4 -0.0451459
1.5 -0.0680975
1.6 -0.0778116
1.7 -0.076319
1.8 -0.0680259
1.9 -0.0577151
2 -0.0493985
2.1 -0.0425667
2.2 -0.0422855
2.3 -0.043038
2.4 -0.0469383
2.5 -0.044504
2.6 -0.0314987
2.7 -0.0078723
2.8 0.0220519
2.9 0.0502333
3 0.063579
3.1 0.0601614
3.2 0.0537757
3.3 0.0438706
3.4 0.0316552
3.5 0.0225624
3.6 0.0140989
3.7 0.00818102
3.8 0.00252614
3.9 0
