3.15721 -1.64184
3.14056 -0.361409
3.12391 -0.313439
3.10725 -0.169144
3.0906 -0.124088
3.07395 -0.062835
3.0573 -0.078181
3.04064 -0.036612
3.02399 0.011872
3.00734 0
2.99069 0.003234
2.97403 0.040452
2.95738 0.026102
2.94073 0.050384
2.92407 0.085821
2.90742 0.106415
2.89077 0.134999
2.87412 0.154043
2.85746 0.154223
2.84081 0.167164
2.82416 0.208953
2.8075 0.258536
2.79085 0.306329
2.7742 0.325857
2.75754 0.368004
2.74089 0.397156
2.72424 0.444679
2.70759 0.502906
2.69093 0.538776
2.67428 0.565485
2.65763 0.596663
2.64097 0.625482
2.62432 0.69022
2.60767 0.764705
2.59102 0.83815
2.57436 0.886745
2.55771 0.913097
2.54106 0.968326
2.5244 1.06113
2.50775 1.12648
2.4911 1.18746
2.47444 1.2512
2.45779 1.31028
2.44114 1.33392
2.42449 1.35017
2.40783 1.33369
2.39118 1.27729
2.37453 1.1616
2.35787 0.999594
2.34122 0.901109
2.32457 0.794148
2.30792 0.688771
2.29126 0.531241
2.27461 0.330402
2.25796 0.106492
2.24131 -0.164092
2.22465 -0.455089
2.208 -0.716037
2.19135 -1.02152
2.17469 -1.33571
2.15804 -1.72457
2.14139 -2.07266
2.12473 -2.46823
2.10808 -2.84816
2.09143 -3.20518
2.07478 -3.60351
2.05812 -3.98412
2.04147 -4.37226
2.02482 -4.73161
2.00816 -5.05357
1.99151 -5.35762
1.97486 -5.70475
1.95821 -6.02879
1.94155 -6.3584
1.9249 -6.6643
1.90825 -6.98494
1.89159 -7.30371
1.87494 -7.63338
1.85829 -7.95886
1.84164 -8.28913
1.82498 -8.57284
1.80833 -8.8754
1.79168 -9.15441
1.77503 -9.41516
1.75837 -9.70367
1.74172 -9.97195
1.72507 -10.2454
1.70841 -10.5097
1.69176 -10.745
1.67511 -10.9655
1.65845 -11.2284
1.6418 -11.4562
1.62515 -11.6985
1.6085 -11.9208
1.59184 -12.1739
1.57519 -12.4359
1.55854 -12.6817
1.54188 -12.8798
1.52523 -12.9958
1.50858 -13.1112
1.49193 -13.226
1.47527 -13.3272
1.45862 -13.439
1.44197 -13.5918
1.42531 -13.8049
1.40866 -14.0178
1.39201 -14.2473
1.37536 -14.4514
1.3587 -14.6638
1.34205 -14.8314
1.3254 -14.9233
1.30874 -14.9923
1.29209 -15.077
1.27544 -15.1384
1.25879 -15.2391
1.24213 -15.2895
1.22548 -15.3582
1.20883 -15.444
1.19217 -15.5191
1.17552 -15.5588
1.15887 -15.6261
1.14221 -15.6537
1.12556 -15.6334
1.10891 -15.6222
1.09226 -15.6011
1.0756 -15.5483
1.05895 -15.5459
1.0423 -15.5058
1.02564 -15.5215
1.00899 -15.532
0.992339 -15.5377
0.975686 -15.5371
0.959033 -15.545
0.94238 -15.5241
0.925728 -15.5157
0.909075 -15.5025
0.892422 -15.5094
0.875769 -15.4995
0.859116 -15.5079
0.842463 -15.5001
0.82581 -15.5081
0.809157 -15.5357
0.792505 -15.5608
0.775852 -15.6059
0.759199 -15.6361
0.742546 -15.7029
0.725893 -15.7756
0.70924 -15.8752
0.692587 -15.954
0.675934 -16.0354
0.659282 -16.1267
0.642629 -16.2031
0.625976 -16.2783
0.609323 -16.3361
0.59267 -16.3877
0.576017 -16.4296
0.559364 -16.5083
0.542711 -16.5526
0.526058 -16.6316
0.509406 -16.7032
0.492753 -16.7673
0.4761 -16.8337
0.459447 -16.9212
0.442794 -16.9671
0.426141 -17.0212
0.409488 -17.09
0.392836 -17.1688
0.376183 -17.2298
0.35953 -17.297
0.342877 -17.3507
0.326224 -17.3831
0.309571 -17.4244
0.292918 -17.4492
0.276265 -17.4868
0.259613 -17.5406
0.24296 -17.5902
0.226307 -17.61
0.209654 -17.6614
0.193001 -17.7054
0.176348 -17.725
0.159695 -17.7772
0.143042 -17.8017
0.126389 -17.7796
0.109737 -17.7852
0.0930837 -17.7725
0.0764308 -17.7968
0.0597779 -17.8102
0.043125 -17.8436
0.0264721 -17.8605
0.00981927 -17.9092
-0.00683361 -17.8895
-0.0234865 -17.9179
-0.0401394 -17.909
-0.0567922 -17.9207
-0.0734451 -17.9644
-0.090098 -17.8908
-0.106751 -18.1904
-0.123404 -18.3188
-0.140057 -18.0087
-0.15671 -15.8044
