3.17566 -1.52432
3.15887 -1.61376
3.14208 -0.598456
3.1253 -0.758943
3.10851 -0.625198
3.09172 -0.401726
3.07493 -0.258844
3.05815 -0.145096
3.04136 -0.079159
3.02457 -0.013246
3.00779 0
2.991 -0.027919
2.97421 -0.105002
2.95743 -0.181504
2.94064 -0.180186
2.92385 -0.130956
2.90706 -0.064564
2.89028 -0.060996
2.87349 -0.095384
2.8567 -0.123364
2.83992 -0.139176
2.82313 -0.099277
2.80634 -0.071436
2.78956 -0.058315
2.77277 -0.098543
2.75598 -0.141246
2.73919 -0.116745
2.72241 -0.02224
2.70562 0.060857
2.68883 0.102579
2.67205 0.10699
2.65526 0.125089
2.63847 0.190078
2.62168 0.259237
2.6049 0.355067
2.58811 0.40807
2.57132 0.423381
2.55454 0.460122
2.53775 0.563882
2.52096 0.713885
2.50418 0.852749
2.48739 0.970814
2.4706 1.06574
2.45382 1.15167
2.43703 1.27899
2.42024 1.43034
2.40345 1.56393
2.38667 1.67215
2.36988 1.76457
2.35309 1.86718
2.33631 2.0071
2.31952 2.16843
2.30273 2.29739
2.28594 2.38395
2.26916 2.42008
2.25237 2.39563
2.23558 2.27029
2.2188 2.06158
2.20201 1.78584
2.18522 1.46411
2.16844 1.11193
2.15165 0.684878
2.13486 0.210634
2.11807 -0.280863
2.10129 -0.810658
2.0845 -1.39485
2.06771 -1.95407
2.05093 -2.53043
2.03414 -3.11485
2.01735 -3.5961
2.00056 -4.04849
1.98378 -4.52631
1.96699 -5.04289
1.9502 -5.56763
1.93342 -6.06237
1.91663 -6.46573
1.89984 -6.84872
1.88306 -7.26279
1.86627 -7.73412
1.84948 -8.19571
1.83269 -8.63363
1.81591 -9.01614
1.79912 -9.37554
1.78233 -9.78065
1.76555 -10.2138
1.74876 -10.6502
1.73197 -11.0177
1.71519 -11.2727
1.6984 -11.5074
1.68161 -11.7869
1.66482 -12.0856
1.64804 -12.3853
1.63125 -12.6388
1.61446 -12.8583
1.59768 -13.0873
1.58089 -13.3626
1.5641 -13.6488
1.54732 -13.9277
1.53053 -14.1265
1.51374 -14.2733
1.49696 -14.4521
1.48017 -14.6591
1.46338 -14.9178
1.44659 -15.1698
1.42981 -15.327
1.41302 -15.4765
1.39623 -15.6242
1.37945 -15.7819
1.36266 -15.9833
1.34587 -16.1476
1.32908 -16.2299
1.3123 -16.291
1.29551 -16.3759
1.27872 -16.488
1.26194 -16.6026
1.24515 -16.71
1.22836 -16.7647
1.21158 -16.7994
1.19479 -16.865
1.178 -16.9716
1.16121 -17.0558
1.14443 -17.1306
1.12764 -17.1208
1.11085 -17.0945
1.09407 -17.0982
1.07728 -17.1372
1.06049 -17.2283
1.04371 -17.2919
1.02692 -17.3422
1.01013 -17.3715
0.993344 -17.4387
0.976557 -17.5367
0.95977 -17.6411
0.942983 -17.6958
0.926196 -17.703
0.909409 -17.7139
0.892622 -17.7731
0.875835 -17.8579
0.859048 -17.9513
0.842261 -17.9896
0.825474 -17.9758
0.808687 -17.941
0.7919 -17.9695
0.775113 -18.0311
0.758326 -18.1051
0.741539 -18.1564
0.724752 -18.1666
0.707965 -18.1991
0.691178 -18.2604
0.674391 -18.3753
0.657604 -18.4925
0.640817 -18.561
0.62403 -18.5199
0.607243 -18.4773
0.590456 -18.4567
0.573669 -18.4893
0.556882 -18.5248
0.540094 -18.5891
0.523307 -18.6447
0.50652 -18.6944
0.489733 -18.7979
0.472946 -18.9115
0.456159 -19.0333
0.439372 -19.0802
0.422585 -19.0634
0.405798 -19.0436
0.389011 -19.0584
0.372224 -19.124
0.355437 -19.1822
0.33865 -19.2026
0.321863 -19.1774
0.305076 -19.1818
0.288289 -19.2223
0.271502 -19.277
0.254715 -19.3467
0.237928 -19.3521
0.221141 -19.3477
0.204354 -19.346
0.187567 -19.3732
0.17078 -19.4336
0.153993 -19.4885
0.137206 -19.4961
0.120419 -19.4899
0.103632 -19.4916
0.0868449 -19.5261
0.0700579 -19.6059
0.0532709 -19.6471
0.0364838 -19.6434
0.0196968 -19.5834
0.0029098 -19.532
-0.0138772 -19.4899
-0.0306642 -19.471
-0.0474513 -19.488
-0.0642383 -19.5298
-0.0810253 -19.6073
-0.0978123 -19.6847
-0.114599 -19.8597
-0.131386 -19.8496
-0.148173 -20.1675
-0.16496 -17.3515
