3.17533 -1.40395
3.15865 -1.27719
3.14197 -1.16163
3.12529 -0.999296
3.10861 -0.725272
3.09193 -0.495096
3.07525 -0.362359
3.05857 -0.217285
3.04189 -0.133924
3.02521 -0.045283
3.00853 -0.018012
2.99185 0
2.97517 -0.012524
2.95849 -0.055634
2.94181 -0.042788
2.92513 0.038371
2.90845 0.089931
2.89177 0.114371
2.87509 0.103242
2.85841 0.080685
2.84173 0.095603
2.82505 0.169441
2.80837 0.23468
2.79169 0.266566
2.77501 0.26461
2.75833 0.258862
2.74165 0.267208
2.72497 0.341975
2.70828 0.389512
2.6916 0.420276
2.67492 0.39853
2.65824 0.365697
2.64156 0.386088
2.62488 0.476031
2.6082 0.548727
2.59152 0.608253
2.57484 0.589033
2.55816 0.572677
2.54148 0.61501
2.5248 0.679527
2.50812 0.742261
2.49144 0.759827
2.47476 0.752469
2.45808 0.706113
2.4414 0.687243
2.42472 0.74291
2.40804 0.777917
2.39136 0.767729
2.37468 0.712121
2.358 0.650479
2.34132 0.627713
2.32464 0.636135
2.30796 0.681749
2.29128 0.669274
2.2746 0.617508
2.25792 0.561134
2.24124 0.540561
2.22456 0.553275
2.20788 0.572984
2.1912 0.528076
2.17452 0.442228
2.15784 0.323048
2.14116 0.241635
2.12448 0.214244
2.1078 0.192695
2.09112 0.094031
2.07444 -0.052795
2.05776 -0.269311
2.04108 -0.488706
2.0244 -0.648883
2.00772 -0.815465
1.99104 -1.02769
1.97436 -1.28526
1.95768 -1.59544
1.941 -1.85694
1.92431 -2.0489
1.90763 -2.21843
1.89095 -2.42783
1.87427 -2.6741
1.8576 -2.93098
1.84091 -3.14633
1.82423 -3.2806
1.80755 -3.42893
1.79087 -3.6181
1.77419 -3.84379
1.75751 -4.10548
1.74083 -4.28896
1.72415 -4.38964
1.70747 -4.46862
1.69079 -4.58246
1.67411 -4.74137
1.65743 -4.91516
1.64075 -5.05235
1.62407 -5.10958
1.60739 -5.13253
1.59071 -5.1902
1.57403 -5.28859
1.55735 -5.36073
1.54067 -5.40021
1.52399 -5.41096
1.50731 -5.42716
1.49063 -5.46762
1.47395 -5.51369
1.45727 -5.55011
1.44059 -5.52641
1.42391 -5.47535
1.40723 -5.41552
1.39055 -5.39691
1.37387 -5.38951
1.35719 -5.34303
1.34051 -5.16623
1.32383 -4.89877
1.30715 -4.61162
1.29047 -4.38936
1.27379 -4.19023
1.25711 -3.97379
1.24043 -3.76242
1.22375 -3.542
1.20707 -3.29042
1.19039 -3.07336
1.17371 -2.83964
1.15703 -2.59508
1.14035 -2.27757
1.12367 -1.96354
1.10699 -1.65511
1.09031 -1.34489
1.07363 -1.0631
1.05695 -0.740645
1.04026 -0.324537
1.02358 0.090435
1.0069 0.514385
0.990224 0.933191
0.973544 1.34963
0.956864 1.84807
0.940184 2.42378
0.923504 3.02477
0.906823 3.58886
0.890143 4.14363
0.873463 4.67282
0.856783 5.22762
0.840103 5.82217
0.823422 6.39804
0.806742 6.95981
0.790062 7.49177
0.773382 8.03215
0.756702 8.64931
0.740021 9.35924
0.723341 10.0599
0.706661 10.7666
0.689981 11.4454
0.673301 12.1014
0.656621 12.7723
0.63994 13.4324
0.62326 14.1041
0.60658 14.7523
0.5899 15.4126
0.573219 16.0949
0.556539 16.8589
0.539859 17.6456
0.523179 18.4374
0.506499 19.2154
0.489818 19.9388
0.473138 20.7203
0.456458 21.5945
0.439778 22.4759
0.423098 23.3704
0.406417 24.2113
0.389737 25.0571
0.373057 25.9038
0.356377 26.8092
0.339697 27.7926
0.323016 28.7549
0.306336 29.6794
0.289656 30.6021
0.272976 31.5866
0.256296 32.66
0.239616 33.7057
0.222935 34.7404
0.206255 35.7767
0.189575 36.7731
0.172895 37.7944
0.156215 38.829
0.139534 39.8329
0.122854 40.7988
0.106174 41.7412
0.0894938 42.6712
0.0728136 43.6546
0.0561334 44.7181
0.0394532 45.8146
0.022773 46.8865
0.00609283 47.9339
-0.0105874 48.9308
-0.0272676 49.9618
-0.0439478 50.9248
-0.0606279 51.8033
-0.0773081 52.763
-0.0939883 53.3583
-0.110669 54.3769
-0.127349 55.3151
-0.144029 55.9407
