3.15882 -0.780392
3.14213 0.0952831
3.12544 0.341001
3.10874 -0.122762
3.09205 -0.107728
3.07536 -0.0206995
3.05866 -0.0136791
3.04197 0.0145633
3.02528 -0.0087624
3.00858 0.0001564
2.99189 0
2.97519 -0.0627871
2.9585 -0.0553904
2.94181 -0.0688579
2.92511 -0.0273294
2.90842 -0.0187497
2.89173 -0.005304
2.87503 -0.0138016
2.85834 0.0014339
2.84165 -0.0011515
2.82495 0.0195054
2.80826 0.0311854
2.79156 0.0444357
2.77487 0.0394302
2.75818 0.0359859
2.74148 0.0112256
2.72479 0.062365
2.7081 0.122428
2.6914 0.144444
2.67471 0.1877
2.65802 0.241547
2.64132 0.274516
2.62463 0.323186
2.60794 0.335673
2.59124 0.370483
2.57455 0.413677
2.55785 0.461562
2.54116 0.518985
2.52447 0.617435
2.50778 0.694846
2.49108 0.797397
2.47439 0.845995
2.45769 0.913683
2.441 0.977054
2.42431 1.03482
2.40761 1.06886
2.39092 1.1131
2.37423 1.12766
2.35753 1.12814
2.34084 1.13024
2.32415 1.09171
2.30745 1.04173
2.29076 0.96388
2.27406 0.866743
2.25737 0.728006
2.24068 0.58549
2.22398 0.481402
2.20729 0.360171
2.1906 0.190233
2.1739 0.0270381
2.15721 -0.19514
2.14052 -0.412635
2.12382 -0.620679
2.10713 -0.855521
2.09044 -1.09358
2.07374 -1.32315
2.05705 -1.58414
2.04035 -1.82443
2.02366 -2.011
2.00697 -2.19222
1.99028 -2.41055
1.97358 -2.59646
1.95689 -2.8172
1.94019 -3.04348
1.9235 -3.23815
1.90681 -3.42117
1.89011 -3.6056
1.87342 -3.78888
1.85673 -3.97321
1.84003 -4.1646
1.82334 -4.32262
1.80665 -4.46147
1.78995 -4.61599
1.77326 -4.79225
1.75656 -4.91269
1.73987 -5.01917
1.72318 -5.08152
1.70648 -5.12578
1.68979 -5.18062
1.6731 -5.23361
1.6564 -5.29774
1.63971 -5.39326
1.62302 -5.47297
1.60632 -5.54359
1.58963 -5.61209
1.57294 -5.67908
1.55624 -5.73172
1.53955 -5.7894
1.52286 -5.82785
1.50616 -5.83594
1.48947 -5.86432
1.47277 -5.90287
1.45608 -5.90559
1.43939 -5.89003
1.42269 -5.86552
1.406 -5.83172
1.38931 -5.76652
1.37261 -5.72448
1.35592 -5.67418
1.33923 -5.61306
1.32253 -5.52257
1.30584 -5.43854
1.28915 -5.34297
1.27245 -5.24478
1.25576 -5.12178
1.23907 -4.98921
1.22237 -4.81218
1.20568 -4.64073
1.18898 -4.48256
1.17229 -4.29064
1.1556 -4.12277
1.1389 -3.92421
1.12221 -3.77356
1.10552 -3.59381
1.08882 -3.44805
1.07213 -3.30721
1.05544 -3.144
1.03874 -2.93009
1.02205 -2.71811
1.00535 -2.4766
0.988662 -2.26638
0.971968 -2.02281
0.955275 -1.81753
0.938581 -1.61941
0.921887 -1.43738
0.905194 -1.2598
0.8885 -1.0659
0.871807 -0.880151
0.855113 -0.686955
0.83842 -0.528175
0.821726 -0.401374
0.805033 -0.315173
0.788339 -0.231035
0.771646 -0.134155
0.754952 -0.0838644
0.738259 0.027674
0.721565 0.113495
0.704871 0.159654
0.688178 0.207934
0.671484 0.223286
0.654791 0.21951
0.638097 0.207025
0.621404 0.209614
0.60471 0.196171
0.588017 0.173574
0.571323 0.157033
0.554629 0.087091
0.537936 0.0467382
0.521242 0.0073521
0.504549 -0.0198129
0.487855 -0.0637307
0.471162 -0.09677
0.454468 -0.141924
0.437775 -0.16115
0.421081 -0.198035
0.404388 -0.233716
0.387694 -0.29333
0.371 -0.340351
0.354307 -0.412209
0.337613 -0.429759
0.32092 -0.444493
0.304226 -0.464289
0.287533 -0.512992
0.270839 -0.557478
0.254146 -0.598864
0.237452 -0.629536
0.220758 -0.662347
0.204065 -0.692633
0.187371 -0.718052
0.170678 -0.745392
0.153984 -0.775806
0.137291 -0.769631
0.120597 -0.757518
0.103904 -0.72643
0.08721 -0.731583
0.0705165 -0.704689
0.0538229 -0.682435
0.0371294 -0.662159
0.0204358 -0.670528
0.00374226 -0.663863
-0.0129513 -0.654755
-0.0296448 -0.650145
-0.0463384 -0.6657
-0.0630319 -0.651823
-0.0797255 -0.619167
-0.0964191 -0.66028
-0.113113 -0.765134
-0.129806 -0.124449
-0.1465 -0.941709
-0.163193 -2.43322
