3.16324 16.5488
3.14643 17.6384
3.12962 17.9873
3.11282 18.0497
3.09601 18.2995
3.0792 18.4057
3.0624 18.5399
3.04559 18.618
3.02879 18.6737
3.01198 18.7071
2.99517 18.7
2.97837 18.663
2.96156 18.5999
2.94475 18.5777
2.92795 18.6204
2.91114 18.6614
2.89434 18.6628
2.87753 18.6304
2.86072 18.584
2.84392 18.5742
2.82711 18.6404
2.81031 18.6973
2.7935 18.7206
2.77669 18.7215
2.75989 18.6979
2.74308 18.7097
2.72627 18.79
2.70947 18.8629
2.69266 18.9042
2.67585 18.9216
2.65905 18.9249
2.64224 18.9882
2.62544 19.0985
2.60863 19.1928
2.59182 19.2661
2.57502 19.3002
2.55821 19.3296
2.5414 19.4354
2.5246 19.5751
2.50779 19.7147
2.49098 19.8084
2.47418 19.8714
2.45737 19.9345
2.44057 20.0612
2.42376 20.2503
2.40695 20.4176
2.39015 20.57
2.37334 20.6896
2.35654 20.8036
2.33973 20.9515
2.32292 21.087
2.30612 21.1927
2.28931 21.2426
2.2725 21.2461
2.2557 21.2305
2.23889 21.2977
2.22208 21.4035
2.20528 21.4899
2.18847 21.5196
2.17167 21.4888
2.15486 21.4079
2.13805 21.2961
2.12125 21.1447
2.10444 20.9576
2.08764 20.7126
2.07083 20.4377
2.05402 20.0965
2.03722 19.769
2.02041 19.4863
2.0036 19.204
1.9868 18.8947
1.96999 18.5476
1.95318 18.2042
1.93638 17.9263
1.91957 17.7425
1.90277 17.5528
1.88596 17.3206
1.86915 17.0524
1.85235 16.7538
1.83554 16.49
1.81873 16.2795
1.80193 16.0694
1.78512 15.8253
1.76832 15.5617
1.75151 15.3024
1.7347 15.1149
1.7179 14.9841
1.70109 14.8538
1.68428 14.6918
1.66748 14.5088
1.65067 14.3256
1.63386 14.2081
1.61706 14.1121
1.60025 14.0065
1.58345 13.8711
1.56664 13.7159
1.54983 13.5749
1.53303 13.5122
1.51622 13.4881
1.49941 13.4473
1.48261 13.3797
1.4658 13.2906
1.449 13.2252
1.43219 13.2378
1.41538 13.2857
1.39858 13.31
1.38177 13.3033
1.36496 13.2797
1.34816 13.2865
1.33135 13.3373
1.31455 13.3998
1.29774 13.4266
1.28093 13.4264
1.26413 13.4171
1.24732 13.4572
1.23051 13.5949
1.21371 13.7343
1.1969 13.8644
1.18009 13.9704
1.16329 14.06
1.14648 14.1909
1.12968 14.3762
1.11287 14.5577
1.09606 14.7184
1.07926 14.841
1.06245 14.9668
1.04564 15.1408
1.02884 15.3543
1.01203 15.5658
0.995226 15.7367
0.97842 15.8916
0.961614 16.0312
0.944807 16.2032
0.928001 16.4163
0.911195 16.6034
0.894388 16.7947
0.877582 16.9403
0.860776 17.0861
0.84397 17.2685
0.827163 17.4547
0.810357 17.62
0.793551 17.7468
0.776744 17.8405
0.759938 17.9263
0.743132 18.0177
0.726326 18.1099
0.709519 18.173
0.692713 18.2048
0.675907 18.1735
0.6591 18.1615
0.642294 18.2387
0.625488 18.4099
0.608682 18.5632
0.591875 18.6868
0.575069 18.7435
0.558263 18.7903
0.541456 18.8819
0.52465 18.9908
0.507844 19.068
0.491038 19.1042
0.474231 19.0834
0.457425 19.0573
0.440619 19.0488
0.423812 19.0781
0.407006 19.1079
0.3902 19.0905
0.373394 19.0415
0.356587 18.9878
0.339781 18.9766
0.322975 19.0258
0.306169 19.0626
0.289362 19.0741
0.272556 19.0351
0.25575 18.9938
0.238943 18.9882
0.222137 19.0157
0.205331 19.0377
0.188525 19.0384
0.171718 18.9966
0.154912 18.9521
0.138106 18.9559
0.121299 18.9953
0.104493 19.0248
0.0876868 19.0213
0.0708805 18.9956
0.0540742 18.9549
0.0372679 18.965
0.0204616 19.0132
0.00365535 19.0381
-0.0131509 19.0283
-0.0299572 19.0074
-0.0467635 18.9472
-0.0635698 18.9233
-0.0803761 18.8313
-0.0971824 18.77
-0.113989 18.5572
-0.130795 18.5439
-0.147601 18.0435
-0.164408 19.3679
-0.181214 18.5923
