3.15554 -1.33064
3.13885 -0.270493
3.12215 -0.01663
3.10546 -0.104476
3.08876 -0.109162
3.07207 -0.102805
3.05537 -0.042383
3.03868 -0.014256
3.02198 -0.01643
3.00529 0
2.9886 -0.002425
2.9719 0.020191
2.95521 -0.012698
2.93851 0.013694
2.92182 0.061442
2.90512 0.07912
2.88843 0.116401
2.87173 0.113718
2.85504 0.11622
2.83834 0.13693
2.82165 0.179763
2.80495 0.194545
2.78826 0.219151
2.77156 0.240371
2.75487 0.243386
2.73818 0.284991
2.72148 0.329715
2.70479 0.394088
2.68809 0.429038
2.6714 0.452005
2.6547 0.545176
2.63801 0.624911
2.62131 0.729086
2.60462 0.780324
2.58792 0.830159
2.57123 0.872085
2.55453 0.923927
2.53784 0.998706
2.52114 1.09971
2.50445 1.16419
2.48775 1.20837
2.47106 1.25958
2.45437 1.27533
2.43767 1.35999
2.42098 1.43776
2.40428 1.48957
2.38759 1.53076
2.37089 1.49417
2.3542 1.40809
2.3375 1.239
2.32081 1.02652
2.30411 0.807962
2.28742 0.541137
2.27072 0.261858
2.25403 -0.049404
2.23733 -0.351747
2.22064 -0.58532
2.20395 -0.846196
2.18725 -1.17602
2.17055 -1.50163
2.15386 -1.87371
2.13717 -2.29967
2.12047 -2.74096
2.10378 -3.21485
2.08708 -3.6474
2.07039 -4.09223
2.05369 -4.52755
2.037 -4.9239
2.0203 -5.2972
2.00361 -5.64479
1.98691 -5.98609
1.97022 -6.33356
1.95352 -6.67235
1.93683 -6.99382
1.92013 -7.30685
1.90344 -7.59123
1.88674 -7.9181
1.87005 -8.20144
1.85336 -8.52923
1.83666 -8.77684
1.81997 -9.02234
1.80327 -9.27801
1.78658 -9.52152
1.76988 -9.78065
1.75319 -10.0268
1.73649 -10.2776
1.7198 -10.4902
1.7031 -10.7417
1.68641 -10.9761
1.66971 -11.2384
1.65302 -11.4826
1.63633 -11.7323
1.61963 -11.9401
1.60293 -12.0945
1.58624 -12.2661
1.56955 -12.4367
1.55285 -12.623
1.53616 -12.7981
1.51946 -12.9965
1.50277 -13.2124
1.48607 -13.4216
1.46938 -13.6125
1.45268 -13.8219
1.43599 -14.0076
1.41929 -14.1265
1.4026 -14.2663
1.3859 -14.4337
1.36921 -14.5689
1.35251 -14.7266
1.33582 -14.8904
1.31913 -15.017
1.30243 -15.1509
1.28574 -15.2937
1.26904 -15.4417
1.25235 -15.5846
1.23565 -15.6606
1.21896 -15.6926
1.20226 -15.7489
1.18557 -15.801
1.16887 -15.8372
1.15218 -15.8848
1.13548 -15.9052
1.11879 -15.899
1.10209 -15.9101
1.0854 -15.9124
1.06871 -15.8949
1.05201 -15.8965
1.03532 -15.9242
1.01862 -15.9521
1.00193 -16.009
0.985232 -16.0583
0.968537 -16.1235
0.951842 -16.1737
0.935148 -16.1651
0.918453 -16.1765
0.901758 -16.1386
0.885063 -16.1272
0.868369 -16.1193
0.851674 -16.109
0.834979 -16.1398
0.818285 -16.2008
0.80159 -16.2204
0.784895 -16.3006
0.7682 -16.3631
0.751506 -16.4202
0.734811 -16.5083
0.718116 -16.5867
0.701422 -16.6708
0.684727 -16.7477
0.668032 -16.8398
0.651338 -16.945
0.634643 -17.0051
0.617948 -17.082
0.601253 -17.1546
0.584559 -17.2595
0.567864 -17.3793
0.551169 -17.4516
0.534475 -17.55
0.51778 -17.6445
0.501085 -17.7352
0.484391 -17.7918
0.467696 -17.8998
0.451001 -17.9788
0.434306 -18.0301
0.417612 -18.106
0.400917 -18.1495
0.384222 -18.2297
0.367528 -18.3112
0.350833 -18.4118
0.334138 -18.4731
0.317444 -18.5043
0.300749 -18.5625
0.284054 -18.6217
0.26736 -18.6786
0.250665 -18.7084
0.23397 -18.7412
0.217275 -18.7648
0.200581 -18.7957
0.183886 -18.8075
0.167191 -18.8455
0.150497 -18.8687
0.133802 -18.9056
0.117107 -18.9428
0.100413 -18.9571
0.0837178 -19.0033
0.0670231 -19.0275
0.0503284 -19.0312
0.0336337 -19.0301
0.016939 -18.9797
0.000244325 -18.9384
-0.0164504 -18.9188
-0.0331451 -18.8984
-0.0498398 -18.8948
-0.0665345 -18.8645
-0.0832292 -18.853
-0.0999239 -18.904
-0.116619 -18.8175
-0.133313 -18.3021
-0.150008 -19.1198
-0.166703 -17.2609
