3.16216 -0.380864
3.14538 -1.21427
3.12859 -0.624148
3.11179 -0.619181
3.09501 -0.350403
3.07822 -0.289732
3.06143 -0.157298
3.04464 -0.0917992
3.02785 -0.0163899
3.01106 -0.0102791
2.99427 0
2.97748 -0.0588989
2.96069 -0.121911
2.9439 -0.106803
2.92711 -0.052363
2.91032 0.0205228
2.89353 0.0452441
2.87674 0.0096735
2.85995 -0.0307553
2.84316 -0.0097292
2.82637 0.0567156
2.80958 0.110318
2.79279 0.135042
2.776 0.106996
2.75921 0.0657638
2.74242 0.0803285
2.72563 0.187604
2.70884 0.266537
2.69205 0.331412
2.67526 0.32565
2.65847 0.348277
2.64168 0.391114
2.62489 0.492596
2.6081 0.573798
2.59131 0.618775
2.57452 0.646945
2.55773 0.65984
2.54094 0.755414
2.52415 0.895129
2.50736 1.03417
2.49057 1.12852
2.47378 1.20271
2.45699 1.26559
2.4402 1.42006
2.42341 1.60106
2.40662 1.77128
2.38983 1.9342
2.37304 2.04315
2.35625 2.14806
2.33946 2.30018
2.32267 2.451
2.30588 2.58223
2.28909 2.68513
2.2723 2.76227
2.25551 2.78129
2.23872 2.65462
2.22193 2.36285
2.20514 1.98779
2.18835 1.56586
2.17156 1.10379
2.15477 0.601173
2.13798 0.107921
2.12119 -0.32479
2.1044 -0.760226
2.08761 -1.23534
2.07082 -1.76838
2.05403 -2.32595
2.03724 -2.86272
2.02045 -3.32483
2.00366 -3.71576
1.98687 -4.12979
1.97008 -4.54189
1.95329 -5.03395
1.9365 -5.46587
1.91971 -5.87771
1.90292 -6.24683
1.88613 -6.63879
1.86934 -7.07586
1.85255 -7.52107
1.83576 -7.95858
1.81897 -8.3164
1.80218 -8.67717
1.78539 -9.04338
1.7686 -9.42725
1.75181 -9.82836
1.73502 -10.1846
1.71823 -10.5055
1.70144 -10.8027
1.68465 -11.1328
1.66786 -11.4999
1.65107 -11.8705
1.63428 -12.2008
1.61749 -12.4515
1.6007 -12.6986
1.58391 -12.9774
1.56712 -13.271
1.55033 -13.5992
1.53354 -13.8855
1.51675 -14.1041
1.49996 -14.3464
1.48317 -14.6515
1.46639 -14.9512
1.44959 -15.2534
1.43281 -15.4651
1.41602 -15.6444
1.39922 -15.8098
1.38244 -16.0238
1.36564 -16.2768
1.34885 -16.4982
1.33207 -16.6145
1.31527 -16.6686
1.29848 -16.7356
1.2817 -16.8214
1.26491 -16.9119
1.24812 -17.0331
1.23133 -17.1227
1.21454 -17.2284
1.19775 -17.3407
1.18096 -17.5005
1.16417 -17.6747
1.14738 -17.8241
1.13059 -17.8714
1.1138 -17.9104
1.09701 -17.9516
1.08022 -18.0416
1.06343 -18.1703
1.04664 -18.2651
1.02985 -18.2827
1.01306 -18.2512
0.996267 -18.2556
0.979477 -18.2689
0.962687 -18.3249
0.945897 -18.3261
0.929108 -18.2579
0.912318 -18.1861
0.895528 -18.1486
0.878738 -18.1412
0.861948 -18.1628
0.845158 -18.1763
0.828368 -18.1711
0.811578 -18.171
0.794788 -18.2087
0.777998 -18.2643
0.761208 -18.3268
0.744419 -18.3505
0.727629 -18.3137
0.710839 -18.2779
0.694049 -18.2762
0.677259 -18.2837
0.660469 -18.3428
0.643679 -18.3321
0.626889 -18.2898
0.610099 -18.2606
0.59331 -18.2915
0.57652 -18.347
0.55973 -18.4209
0.54294 -18.503
0.52615 -18.5463
0.50936 -18.5839
0.49257 -18.6395
0.47578 -18.7212
0.45899 -18.8197
0.4422 -18.8761
0.42541 -18.8821
0.40862 -18.8934
0.391831 -18.9417
0.375041 -19.0025
0.358251 -19.0714
0.341461 -19.0832
0.324671 -19.0245
0.307881 -19.0149
0.291091 -19.0132
0.274301 -19.0433
0.257511 -19.107
0.240722 -19.0949
0.223932 -19.0639
0.207142 -19.0546
0.190352 -19.0617
0.173562 -19.1018
0.156772 -19.152
0.139982 -19.1947
0.123192 -19.1686
0.106402 -19.1398
0.0896123 -19.1742
0.0728224 -19.2222
0.0560325 -19.2603
0.0392426 -19.2506
0.0224527 -19.2471
0.00566282 -19.2291
-0.0111271 -19.2505
-0.027917 -19.2563
-0.0447069 -19.3135
-0.0614968 -19.3668
-0.0782867 -19.4891
-0.0950766 -19.5438
-0.111866 -19.7377
-0.128656 -19.8827
-0.145446 -19.3541
-0.162236 -20.6163
-0.179026 -24.6287
