3.15319 -0.181486
3.13651 -0.262026
3.11983 -0.196232
3.10315 -0.141734
3.08646 -0.062362
3.06978 -0.094765
3.0531 -0.023535
3.03642 -0.032843
3.01974 -0.0082838
3.00306 0
2.98637 -0.0005202
2.96969 -0.0036825
2.95301 -0.0105588
2.93633 -0.0197972
2.91965 -0.0058877
2.90297 -0.008639
2.88628 -0.0195252
2.8696 -0.016229
2.85292 -0.0401541
2.83624 -0.0402393
2.81956 -0.0096769
2.80288 -0.0138567
2.7862 0.0250718
2.76952 0.022018
2.75283 0.0193387
2.73615 0.0578872
2.71947 0.109007
2.70279 0.15572
2.68611 0.194475
2.66943 0.241021
2.65274 0.316886
2.63606 0.338477
2.61938 0.36358
2.6027 0.365909
2.58602 0.387646
2.56934 0.387724
2.55266 0.414503
2.53597 0.471125
2.51929 0.528455
2.50261 0.598407
2.48593 0.633239
2.46925 0.643546
2.45257 0.636318
2.43588 0.57784
2.4192 0.546162
2.40252 0.487232
2.38584 0.398803
2.36916 0.223565
2.35248 0.12227
2.3358 -0.0006843
2.31912 -0.0536967
2.30243 -0.141514
2.28575 -0.272123
2.26907 -0.467326
2.25239 -0.671767
2.23571 -1.01594
2.21903 -1.38924
2.20234 -1.82585
2.18566 -2.23365
2.16898 -2.66283
2.1523 -3.06332
2.13562 -3.43673
2.11894 -3.77249
2.10225 -4.11697
2.08557 -4.46477
2.06889 -4.83087
2.05221 -5.19992
2.03553 -5.55128
2.01885 -5.86053
2.00217 -6.19294
1.98548 -6.51909
1.9688 -6.85393
1.95212 -7.16521
1.93544 -7.50235
1.91876 -7.77982
1.90208 -8.05945
1.8854 -8.39037
1.86871 -8.70736
1.85203 -9.02339
1.83535 -9.33359
1.81867 -9.63747
1.80199 -9.91744
1.78531 -10.1983
1.76862 -10.4634
1.75194 -10.7508
1.73526 -11.0173
1.71858 -11.2594
1.7019 -11.5129
1.68522 -11.7597
1.66854 -12.0127
1.65186 -12.2599
1.63517 -12.4928
1.61849 -12.6796
1.60181 -12.8524
1.58513 -13.0357
1.56845 -13.2374
1.55177 -13.3997
1.53508 -13.5917
1.5184 -13.7519
1.50172 -13.9019
1.48504 -14.0642
1.46836 -14.2243
1.45168 -14.3993
1.435 -14.5419
1.41831 -14.6444
1.40163 -14.7677
1.38495 -14.8833
1.36827 -15.0067
1.35159 -15.1296
1.33491 -15.1793
1.31822 -15.2044
1.30154 -15.2262
1.28486 -15.2386
1.26818 -15.2742
1.2515 -15.2957
1.23482 -15.3284
1.21814 -15.403
1.20145 -15.4528
1.18477 -15.5357
1.16809 -15.6167
1.15141 -15.6727
1.13473 -15.7015
1.11805 -15.7006
1.10136 -15.7523
1.08468 -15.7818
1.068 -15.8081
1.05132 -15.817
1.03464 -15.8134
1.01796 -15.7966
1.00128 -15.7488
0.984595 -15.7264
0.967913 -15.7099
0.951232 -15.6878
0.93455 -15.6719
0.917869 -15.649
0.901188 -15.6184
0.884506 -15.5913
0.867824 -15.5649
0.851143 -15.5878
0.834461 -15.5574
0.81778 -15.5651
0.801099 -15.5675
0.784417 -15.6009
0.767736 -15.6403
0.751054 -15.6982
0.734372 -15.7383
0.717691 -15.749
0.701009 -15.8077
0.684328 -15.8623
0.667647 -15.937
0.650965 -15.9832
0.634284 -16.0353
0.617602 -16.081
0.600921 -16.1273
0.584239 -16.1805
0.567558 -16.2581
0.550876 -16.3406
0.534195 -16.3835
0.517513 -16.4474
0.500832 -16.5226
0.48415 -16.6073
0.467469 -16.6723
0.450787 -16.7721
0.434106 -16.8208
0.417424 -16.9007
0.400743 -16.9422
0.384061 -17.0127
0.36738 -17.0778
0.350698 -17.1207
0.334017 -17.1594
0.317335 -17.1812
0.300654 -17.2079
0.283972 -17.2338
0.267291 -17.241
0.250609 -17.2913
0.233928 -17.3069
0.217246 -17.3112
0.200565 -17.355
0.183883 -17.3933
0.167202 -17.4014
0.15052 -17.4517
0.133839 -17.45
0.117157 -17.4324
0.100476 -17.4586
0.0837942 -17.4511
0.0671127 -17.4591
0.0504312 -17.4712
0.0337498 -17.452
0.0170683 -17.4827
0.00038677 -17.4619
-0.0162947 -17.4775
-0.0329762 -17.497
-0.0496577 -17.5032
-0.0663392 -17.5263
-0.0830207 -17.5311
-0.0997022 -17.5388
-0.116384 -17.6237
-0.133065 -17.8675
-0.149747 -18.6148
-0.166428 -15.6977
