3.17821 -2.26999
3.16139 -0.127827
3.14456 -0.084979
3.12773 -0.46685
3.1109 -0.088033
3.09407 -0.134754
3.07724 -0.101153
3.06041 -0.04525
3.04358 -0.040573
3.02675 -0.009049
3.00992 0.009212
2.99309 0
2.97626 -0.00359
2.95943 -0.013217
2.9426 -0.017345
2.92577 0.010551
2.90894 0.008307
2.89211 0.033225
2.87528 0.036736
2.85846 -0.000887
2.84163 0.010476
2.8248 0.044322
2.80797 0.059315
2.79114 0.067528
2.77431 0.061058
2.75748 0.038459
2.74065 0.090971
2.72382 0.099047
2.70699 0.114052
2.69016 0.125813
2.67333 0.148077
2.6565 0.172514
2.63967 0.213966
2.62284 0.259953
2.60601 0.303899
2.58918 0.351212
2.57235 0.376912
2.55552 0.394387
2.5387 0.457072
2.52187 0.532877
2.50504 0.566542
2.48821 0.635725
2.47138 0.663243
2.45455 0.71405
2.43772 0.792279
2.42089 0.892382
2.40406 0.985196
2.38723 1.02821
2.3704 1.08132
2.35357 1.18411
2.33674 1.28444
2.31991 1.37479
2.30308 1.47945
2.28625 1.57663
2.26942 1.66835
2.25259 1.7358
2.23576 1.83556
2.21894 1.93465
2.2021 2.0143
2.18528 2.07177
2.16845 2.11607
2.15162 2.16348
2.13479 2.19247
2.11796 2.26265
2.10113 2.26291
2.0843 2.29029
2.06747 2.28155
2.05064 2.26816
2.03381 2.28607
2.01698 2.29993
2.00015 2.32009
1.98332 2.31945
1.96649 2.31469
1.94966 2.33688
1.93283 2.36513
1.916 2.38456
1.89918 2.40079
1.88234 2.42043
1.86552 2.41806
1.84869 2.44546
1.83186 2.52073
1.81503 2.61225
1.7982 2.70732
1.78137 2.73785
1.76454 2.79461
1.74771 2.82051
1.73088 2.8522
1.71405 2.89807
1.69722 2.96134
1.68039 2.9865
1.66356 3.10075
1.64673 3.20186
1.6299 3.34978
1.61307 3.52336
1.59624 3.69245
1.57942 3.85403
1.56258 4.01842
1.54576 4.17661
1.52893 4.29831
1.5121 4.42835
1.49527 4.55277
1.47844 4.69842
1.46161 4.84458
1.44478 5.01656
1.42795 5.21598
1.41112 5.40281
1.39429 5.61194
1.37746 5.82189
1.36063 6.01986
1.3438 6.30267
1.32697 6.5855
1.31014 6.8655
1.29331 7.14828
1.27648 7.42461
1.25965 7.70934
1.24283 7.98856
1.226 8.29336
1.20917 8.58442
1.19234 8.87312
1.17551 9.20093
1.15868 9.51693
1.14185 9.85037
1.12502 10.2475
1.10819 10.6126
1.09136 10.9954
1.07453 11.3817
1.0577 11.74
1.04087 12.1359
1.02404 12.5666
1.00721 12.9901
0.990383 13.4008
0.973553 13.8646
0.956724 14.2692
0.939894 14.6731
0.923065 15.0512
0.906235 15.4548
0.889406 15.8352
0.872576 16.2353
0.855747 16.6392
0.838918 17.0241
0.822088 17.44
0.805259 17.8572
0.788429 18.2425
0.7716 18.6359
0.75477 19.0571
0.737941 19.4649
0.721111 19.8933
0.704282 20.2878
0.687452 20.6694
0.670623 21.0447
0.653793 21.3789
0.636964 21.7188
0.620134 22.0217
0.603305 22.343
0.586475 22.6043
0.569646 22.8518
0.552816 23.0937
0.535987 23.4215
0.519157 23.7273
0.502328 23.9919
0.485498 24.2593
0.468669 24.4908
0.45184 24.6968
0.43501 24.859
0.418181 25.0333
0.401351 25.1713
0.384522 25.2823
0.367692 25.3719
0.350863 25.4395
0.334033 25.4142
0.317204 25.3886
0.300374 25.364
0.283545 25.3193
0.266715 25.3003
0.249886 25.3391
0.233056 25.4284
0.216227 25.5129
0.199397 25.5981
0.182568 25.6983
0.165738 25.7507
0.148909 25.7819
0.132079 25.8023
0.11525 25.7978
0.0984204 25.8022
0.081591 25.8265
0.0647615 25.8297
0.047932 25.8506
0.0311025 25.8624
0.014273 25.8792
-0.00255644 25.8706
-0.0193859 25.9021
-0.0362154 25.8849
-0.0530449 25.9007
-0.0698744 25.9051
-0.0867038 25.9103
-0.103533 25.8597
-0.120363 25.677
-0.137192 25.7577
-0.154022 25.2507
-0.170851 -0.094642
