3.15994 -0.231887
3.14326 -1.64205
3.12658 -0.657026
3.10991 -0.641644
3.09323 -0.474616
3.07655 -0.330806
3.05987 -0.20025
3.04319 -0.113603
3.02652 -0.0383667
3.00984 0.004186
2.99316 0
2.97648 -0.035961
2.9598 -0.0905526
2.94313 -0.0766669
2.92645 -0.0228095
2.90977 0.0549401
2.89309 0.0972859
2.87642 0.100972
2.85974 0.0651994
2.84306 0.0895841
2.82638 0.145934
2.8097 0.222484
2.79303 0.238978
2.77635 0.233945
2.75967 0.215317
2.74299 0.228034
2.72631 0.30261
2.70964 0.372128
2.69296 0.400387
2.67628 0.422199
2.6596 0.388581
2.64292 0.428262
2.62624 0.52834
2.60957 0.597236
2.59289 0.644249
2.57621 0.655216
2.55953 0.650498
2.54285 0.696214
2.52618 0.813183
2.5095 0.902171
2.49282 0.985758
2.47614 1.02318
2.45947 1.05648
2.44279 1.14023
2.42611 1.27395
2.40943 1.37509
2.39275 1.46318
2.37608 1.49708
2.3594 1.51703
2.34272 1.59994
2.32604 1.71169
2.30936 1.84505
2.29269 1.92061
2.27601 1.96413
2.25933 1.99044
2.24265 2.00007
2.22597 2.05146
2.2093 2.08506
2.19262 2.09014
2.17594 2.06382
2.15926 2.0339
2.14258 2.02583
2.12591 2.0662
2.10923 2.07869
2.09255 2.0385
2.07587 1.94077
2.05919 1.79131
2.04252 1.64457
2.02584 1.52638
2.00916 1.39374
1.99248 1.19985
1.9758 0.985093
1.95913 0.746538
1.94245 0.507476
1.92577 0.321006
1.90909 0.176804
1.89241 0.0068326
1.87574 -0.197151
1.85906 -0.421357
1.84238 -0.604778
1.8257 -0.703511
1.80902 -0.786167
1.79235 -0.900661
1.77567 -1.06337
1.75899 -1.23094
1.74231 -1.38332
1.72563 -1.48481
1.70896 -1.5605
1.69228 -1.68666
1.6756 -1.81843
1.65892 -1.95886
1.64224 -2.05082
1.62557 -2.05634
1.60889 -2.04498
1.59221 -2.0469
1.57553 -2.10513
1.55885 -2.13543
1.54218 -2.16169
1.5255 -2.09549
1.50882 -2.07028
1.49214 -2.03874
1.47547 -2.04563
1.45879 -2.05481
1.44211 -1.9927
1.42543 -1.88395
1.40875 -1.78686
1.39207 -1.70593
1.3754 -1.64126
1.35872 -1.58496
1.34204 -1.46199
1.32536 -1.30388
1.30869 -1.17004
1.29201 -1.05406
1.27533 -0.95557
1.25865 -0.823034
1.24197 -0.666317
1.2253 -0.457614
1.20862 -0.238516
1.19194 -0.0638557
1.17526 0.135199
1.15858 0.338669
1.1419 0.61467
1.12523 0.935239
1.10855 1.25423
1.09187 1.54991
1.07519 1.82208
1.05852 2.1311
1.04184 2.53231
1.02516 2.95606
1.00848 3.37102
0.991803 3.72701
0.975125 4.05501
0.958447 4.4336
0.941769 4.8729
0.925091 5.33436
0.908413 5.77862
0.891735 6.21272
0.875057 6.63516
0.858379 7.1002
0.841701 7.65796
0.825023 8.20547
0.808345 8.73143
0.791667 9.22854
0.774989 9.70221
0.758311 10.2181
0.741633 10.8037
0.724955 11.4165
0.708277 12.0081
0.691599 12.5754
0.674921 13.1344
0.658243 13.7363
0.641565 14.3498
0.624887 14.9533
0.608209 15.5219
0.591531 16.103
0.574853 16.6533
0.558175 17.2028
0.541497 17.771
0.524819 18.3218
0.508141 18.8298
0.491463 19.2875
0.474786 19.7391
0.458108 20.1118
0.441429 20.4239
0.424752 20.6798
0.408073 20.8779
0.391396 21.0244
0.374718 21.1269
0.35804 21.2562
0.341362 21.511
0.324684 21.8099
0.308006 22.0764
0.291328 22.2865
0.27465 22.4583
0.257972 22.6132
0.241294 22.8187
0.224616 23.0378
0.207938 23.2181
0.19126 23.3335
0.174582 23.4181
0.157904 23.5105
0.141226 23.5932
0.124548 23.6768
0.10787 23.7777
0.0911918 23.8074
0.0745139 23.8248
0.0578359 23.8259
0.0411579 23.8874
0.0244799 23.955
0.00780192 24.0288
-0.00887607 24.0557
-0.025554 24.0708
-0.042232 24.0759
-0.05891 23.9889
-0.075588 23.9545
-0.092266 23.9298
-0.108944 23.8428
-0.125622 23.5416
-0.1423 23.7068
-0.158978 21.7587
