30 1 2 3 4 5 6 7 8 9 10 11 12 13 14 15 16 17 18 19 20 21 22 23 24 25 26 27 28 29 30
0000 191.243 190.803 177.086 159.439 130.324 92.9954 52.6306 10.7354 -28.2987 -63.683 -92.738 -114.352 -129.54 -139.05 -140.35 -137.856 -125.754 -111.08 -91.1117 -73.258 -56.3127 -42.9368 -29.5026 -19.6173 -12.8241 -7.67677 -1.97887 2.94779 3.63374 -2.1242 
20000 193.109 190.034 180.18 158.004 130.889 91.7238 51.1448 8.76912 -30.1212 -63.7066 -93.2827 -114.134 -129.684 -138.829 -141.493 -136.105 -126.975 -109.419 -92.0881 -73.3722 -58.4895 -43.4123 -30.0942 -19.1823 -11.8565 -4.74863 0.733898 3.98152 3.7869 -2.4793 
40000 193.043 189.479 179.146 158.639 128.798 91.738 52.1278 10.0182 -29.2608 -62.8377 -91.2845 -113.318 -128.454 -137.877 -140.712 -136.734 -126.954 -110.416 -92.0894 -73.2474 -58.9931 -44.5547 -31.0516 -20.0558 -11.9199 -4.82971 1.15168 4.05855 3.3713 -3.20177 
60000 190.402 187.399 175.467 154.981 124.872 91.0051 51.4391 9.4136 -29.9302 -63.0822 -90.6403 -113.257 -128.015 -137.82 -140.225 -136.546 -126.29 -111.575 -90.9659 -72.9179 -56.6555 -42.4433 -29.8354 -18.6621 -10.4516 -4.18937 -0.315233 2.23494 2.38366 -2.00062 
80000 187.367 183.995 172.274 148.275 121.704 88.0519 49.0166 9.0325 -29.5236 -63.1129 -90.6282 -112.6 -127.817 -137.214 -139.974 -134.82 -126.803 -110.72 -90.8796 -70.7423 -53.0304 -38.5293 -27.6404 -16.8534 -7.83053 -3.46339 -2.32454 0.150971 2.51507 -1.89808 
100000 184.358 182.019 167.058 145.343 119.629 85.602 47.3142 7.96504 -29.3742 -62.2451 -90.6059 -111.99 -127.976 -137.708 -139.914 -135.68 -127.274 -110.647 -91.7393 -70.1567 -51.4329 -36.3769 -24.4621 -13.6334 -5.78151 -3.93757 -4.48697 -1.57336 1.9199 -0.56124 
120000 185.841 181.27 165.855 144.764 118.637 83.7716 45.3147 7.45846 -29.866 -63.0249 -91.8116 -112.617 -128.718 -137.845 -140.304 -136.114 -126.523 -111.279 -91.9847 -69.4205 -50.4075 -34.429 -22.4473 -11.4142 -4.29446 -2.96531 -3.15371 -0.803067 1.94856 0.249535 
140000 186.756 181.771 165.85 145.121 115.658 82.314 43.1913 6.41504 -30.3703 -63.5238 -91.7734 -113.928 -129.181 -138.463 -139.972 -136.339 -125.586 -112.016 -91.4173 -70.6523 -51.0941 -34.6976 -21.6 -9.91952 -3.36889 -2.11986 -1.71531 0.116907 1.65969 -0.0495952 
160000 189.948 183.326 168.714 145.522 114.911 81.5531 42.2258 4.29222 -33.0673 -65.6146 -93.4373 -115.528 -130.651 -138.941 -141.243 -136.138 -126.265 -111.53 -91.3447 -71.6345 -52.3351 -35.0232 -21.1898 -10.1318 -3.37654 0.200596 1.5102 2.23986 2.8408 0.142734 
0020 129.61 121.78 108.284 93.6981 75.1812 53.995 30.4577 6.03505 -20.4611 -43.109 -66.4529 -83.2417 -97.7996 -106.272 -111.195 -110.141 -105.232 -94.7872 -80.7109 -62.7229 -45.4555 -26.9684 -14.1808 -7.23481 -5.57999 -5.45007 -5.98111 -5.11104 -3.06927 -1.24351 
20020 142.055 131.005 117.698 99.9543 78.1118 54.7775 28.3503 2.21191 -23.4665 -47.5478 -69.7445 -88.3858 -100.543 -109.418 -113.631 -112.899 -107.812 -99.3866 -84.6037 -67.8079 -50.566 -32.748 -17.4768 -7.10968 -3.33054 -3.56207 -1.84945 -1.79514 0.394219 1.78013 
40020 164.716 152.535 135.034 111.893 88.6921 59.503 29.3802 1.51169 -26.8724 -53.6221 -76.2214 -95.0879 -110.818 -117.986 -122.034 -118.064 -113.702 -102.682 -89.6567 -72.7978 -56.3493 -39.7991 -24.2017 -8.26026 1.48184 3.95052 4.2627 5.53525 2.60555 -1.82898 
60020 183.791 171.832 157.084 130.546 100.197 69.0738 35.4015 1.95373 -28.9131 -59.2278 -85.2017 -106.278 -121.449 -128.649 -133.189 -127.967 -120.23 -106.049 -92.1734 -75.7284 -59.1286 -42.4211 -27.5124 -13.9403 -0.140888 8.90223 12.4642 7.35629 3.26489 -7.57097 
80020 187.886 185.175 167.024 144.654 114.575 81.3362 45.3509 5.34257 -30.9098 -64.1141 -90.511 -112.159 -127.142 -137.253 -137.626 -135.624 -124.118 -110.372 -91.2162 -72.8618 -55.7391 -40.2388 -27.4524 -15.1124 -4.20883 2.27508 4.35336 5.1601 2.81769 -1.97042 
100020 184.178 175.946 168.39 148.82 120.648 91.1608 50.9675 12.0841 -26.3751 -59.9548 -88.4477 -110.684 -126.874 -136.213 -140.24 -135.358 -125.169 -111.591 -89.8266 -68.6308 -50.1608 -35.6255 -24.4376 -15.1494 -10.4903 -9.36137 -8.95576 -6.8718 -1.99272 0.504781 
120020 163.683 166.074 152.524 140.918 116.932 86.5586 56.5163 20.4093 -15.7769 -49.2487 -77.4217 -101.717 -118.209 -129.139 -132.079 -129.464 -119.865 -104.502 -87.7602 -66.1667 -49.3582 -33.8038 -22.2263 -17.7116 -18.9663 -19.4839 -17.922 -14.9131 -10.6712 -4.17359 
140020 144.137 144.965 139.948 124.237 109.704 83.4546 55.261 28.5594 -3.25772 -35.8875 -64.3302 -87.5437 -105.723 -116.272 -120.975 -119.438 -112.727 -99.4884 -82.8967 -66.3846 -48.5856 -36.3564 -25.8304 -23.5078 -24.1968 -25.6284 -24.2118 -19.4616 -14.2098 -10.1355 
160020 132.071 130.558 129.208 116.138 101.088 81.9107 55.9637 30.1811 2.31164 -26.9739 -54.2786 -77.1175 -95.158 -106.066 -112.266 -111.789 -106.434 -96.2909 -80.6388 -66.5211 -51.4562 -39.4961 -31.4317 -28.6741 -28.8582 -29.1977 -26.4991 -22.6435 -16.5825 -9.9318 
0040 22.8998 21.995 22.5101 25.4502 27.4319 22.5579 17.4766 7.25115 -3.96393 -13.858 -26.447 -38.0217 -46.9229 -52.707 -54.7715 -54.0575 -48.7684 -42.8255 -36.2619 -31.7185 -29.5329 -30.6295 -27.9834 -26.3532 -22.4099 -17.3829 -16.2531 -15.0444 -15.3442 -12.4555 
20040 36.584 35.5235 34.0835 36.382 32.6492 27.9264 19.5432 6.19164 -5.34398 -19.6827 -33.3587 -44.661 -53.6556 -60.1727 -63.7759 -62.8328 -59.656 -53.5797 -44.0504 -34.1892 -29.4956 -27.7744 -28.0466 -26.261 -21.4843 -17.6578 -15.2871 -13.5677 -10.5847 -7.16809 
40040 80.8001 77.7476 71.0745 64.0379 52.9649 37.4327 22.1722 3.28461 -14.7385 -34.2026 -50.2615 -63.3144 -73.1419 -79.2742 -85.9883 -86.8987 -84.3876 -76.962 -68.3624 -53.3879 -37.6997 -25.3555 -20.7881 -19.3919 -16.179 -12.6807 -10.6034 -8.17398 -2.41657 1.277 
60040 147.314 136.732 121.076 100.202 78.7402 52.3385 25.1766 0.29392 -25.3021 -49.8191 -70.6635 -87.6696 -103.997 -110.175 -114.511 -112.169 -108.09 -97.622 -86.6206 -70.8886 -54.2268 -36.9491 -22.2268 -10.2855 -1.57811 1.02256 3.41813 3.91898 4.94172 2.0579 
80040 187.798 178.529 161.579 139.092 105.685 74.2346 40.6709 4.22738 -31.8755 -63.3433 -89.1722 -111.073 -126.278 -133.971 -136.456 -133.185 -122.461 -109.599 -91.097 -74.1156 -56.8833 -40.7002 -26.6315 -13.5142 -2.42032 5.09349 9.22485 7.65451 2.26469 -1.01714 
100040 176.62 173.098 164.531 148.071 123.062 91.0416 55.8379 14.3858 -23.1559 -56.8276 -85.0746 -107.87 -123.957 -133.649 -137.893 -133.775 -123.831 -108.81 -88.7501 -67.834 -50.257 -35.3749 -24.2402 -16.6376 -15.5734 -14.9198 -13.4036 -10.667 -6.26974 -1.84579 
120040 127.934 128.367 125.355 117.481 102.162 83.3881 58.2521 31.9959 4.82595 -26.062 -53.3532 -76.6451 -94.6404 -106.688 -112.242 -111.319 -104.795 -94.0345 -78.6113 -63.3106 -49.1859 -37.8518 -30.5048 -27.9724 -28.2467 -30.1227 -30.044 -25.9802 -20.566 -18.5739 
140040 73.8684 75.0788 75.5828 73.3401 70.8107 62.5038 49.9851 38.3013 18.2778 1.35238 -17.9852 -36.3363 -53.4781 -68.0689 -77.5578 -80.7316 -79.8586 -74.1054 -68.3615 -60.6396 -51.476 -46.4744 -41.7452 -39.778 -36.3403 -35.8516 -34.4855 -34.7388 -31.5277 -28.5173 
160040 36.3085 38.3821 40.177 44.5582 44.1091 46.1047 43.231 36.1342 27.201 16.4539 3.33376 -10.3372 -24.0545 -38.1292 -48.2778 -55.4481 -60.1142 -61.8059 -61.1793 -56.3746 -52.5886 -50.3428 -47.5596 -43.1382 -40.6787 -37.9259 -38.2844 -36.819 -35.5751 -33.322 
0060 -32.9724 -27.1577 -22.2595 -15.1454 -7.53458 -1.06975 4.43848 5.59073 6.92936 3.66993 -1.48245 -3.39194 -5.61433 -5.1486 -3.25017 -2.39918 -3.16033 -8.14378 -14.4714 -21.7326 -26.1883 -31.0125 -31.4173 -31.5293 -27.2947 -25.9869 -26.5847 -21.4594 -20.4432 -16.5567 
20060 -20.5046 -16.8944 -10.9613 -3.92336 1.58724 7.67064 8.53389 9.41733 7.1535 -0.750378 -5.32169 -13.4125 -18.816 -19.3616 -17.651 -14.0104 -13.6192 -14.9371 -18.8832 -23.138 -28.3653 -31.9031 -32.1459 -31.7475 -28.5791 -25.1025 -27.3675 -19.8378 -17.7267 -16.1071 
40060 22.7606 22.9775 25.7771 27.6573 26.7501 25.4255 17.3765 8.83583 -1.93592 -13.992 -26.321 -37.3042 -45.6374 -50.657 -52.3016 -50.5511 -48.1902 -42.4317 -36.9224 -34.3287 -32.6434 -30.7904 -32.3745 -28.1174 -24.9735 -21.9615 -18.8794 -13.765 -9.69076 -6.98386 
60060 109.656 102.125 93.7096 79.1622 61.2763 45.0271 22.7074 1.81735 -20.0787 -40.0308 -58.6174 -71.4734 -84.0897 -92.9224 -97.6334 -97.4507 -93.4343 -86.5926 -74.6819 -62.1568 -45.9722 -33.1219 -22.2894 -15.9069 -10.893 -7.5176 -3.36464 -3.71944 0.975212 3.98037 
80060 184.38 172.847 159.48 132.491 100.955 70.3497 37.2905 3.88473 -31.6376 -61.9937 -87.2725 -109.618 -123.119 -130.756 -135.051 -129.2 -121.278 -107.15 -91.6734 -73.5818 -57.9807 -40.7293 -26.2949 -12.7369 -1.97693 6.86016 11.6928 8.04623 2.86443 -0.496011 
100060 168.504 169.407 160.391 147.13 122.395 92.0499 58.5386 18.8984 -18.9698 -52.7947 -80.5713 -103.731 -120.496 -131.286 -133.825 -132.461 -121.777 -107.051 -86.7319 -66.5091 -49.1353 -34.7667 -23.7791 -18.6582 -19.364 -19.8684 -17.7741 -13.8079 -9.18948 -4.00545 
120060 95.4439 98.0671 95.4147 92.753 82.7036 71.2687 55.115 36.3288 14.5128 -8.6205 -31.6687 -51.8213 -70.7018 -82.3101 -89.6831 -92.0373 -88.7668 -82.0035 -71.5681 -60.8645 -51.0448 -43.3616 -38.2819 -34.9381 -34.5394 -34.384 -33.6239 -33.1907 -31.3243 -23.3922 
140060 21.5198 21.8385 24.1861 25.6771 28.9842 29.9068 28.2876 27.2918 24.0608 16.496 10.1465 1.73629 -11.3857 -20.6654 -30.5659 -38.5673 -44.5754 -49.3005 -50.8171 -52.3501 -52.0961 -51.1715 -47.9538 -46.107 -42.082 -41.9445 -37.9647 -38.5848 -37.1515 -36.399 
160060 -20.3723 -21.235 -19.7205 -15.0341 -8.59605 -0.456325 7.7031 13.9692 17.8723 23.5265 24.5438 22.4942 24.3001 14.9142 6.91002 -2.75708 -13.7828 -21.619 -31.4968 -39.0592 -44.2454 -46.7183 -48.4846 -47.4831 -45.9655 -41.6701 -40.9169 -41.1971 -41.0083 -40.8405 
0080 -48.9208 -42.4607 -35.7423 -26.5674 -17.6391 -8.18835 -1.43139 5.27833 8.76372 14.1815 17.2773 18.3155 21.2279 21.142 17.5176 13.4222 8.39777 0.416624 -6.99361 -14.0808 -20.2029 -25.6078 -28.3999 -29.9233 -32.659 -29.1594 -28.7458 -25.5103 -23.1164 -21.3284 
20080 -39.3167 -34.3718 -28.0355 -17.7706 -9.40064 0.15933 5.64207 8.53982 10.1965 11.8283 8.47135 9.49263 6.6674 7.51814 7.52535 2.52148 -2.83614 -7.5444 -10.8319 -17.9012 -23.983 -28.2437 -30.6824 -31.327 -29.7649 -27.3343 -27.9259 -24.7851 -22.5295 -19.4094 
40080 -0.966858 1.87103 6.1749 14.0227 15.7322 17.1566 18.0837 11.9205 3.32464 -3.22328 -13.5352 -21.4713 -29.7143 -32.3884 -33.3518 -29.5745 -26.801 -28.5204 -30.4592 -30.7508 -32.4876 -35.0661 -33.125 -31.3719 -27.8803 -26.7089 -23.181 -21.6329 -13.623 -10.1305 
60080 88.6396 83.6499 78.5649 67.9052 53.9709 39.6155 22.9958 2.07838 -15.4776 -35.7331 -49.9805 -64.6778 -73.8873 -83.279 -86.6596 -87.6168 -83.0951 -76.7293 -65.557 -54.2676 -43.5674 -33.4065 -25.3688 -20.2302 -17.8389 -11.0172 -7.3568 -2.20976 -0.192162 3.34259 
80080 179.623 168.621 155.36 127.607 97.117 65.7986 35.289 3.06802 -31.2449 -60.9322 -86.6786 -108.09 -120.585 -129.218 -133.403 -127.263 -120.092 -106.327 -91.527 -73.8916 -56.8438 -40.2265 -25.1143 -11.92 -1.5928 7.36031 12.0522 7.87856 2.54672 -0.506624 
100080 164.599 166.465 159.594 145.423 122.775 92.5745 58.1004 21.313 -16.0249 -49.6829 -78.3372 -101.192 -118.581 -129.206 -131.85 -130.529 -120.049 -105.074 -86.2191 -66.9304 -49.0148 -34.5363 -23.9943 -20.0055 -20.9179 -22.1385 -19.8194 -15.5097 -10.485 -5.72993 
120080 78.8919 79.9481 79.7075 75.9502 68.8026 60.2914 50.1407 33.0085 16.5844 -0.863305 -22.6214 -40.0713 -57.104 -68.749 -76.6001 -79.7401 -79.0971 -75.3862 -67.1366 -59.9662 -52.6079 -47.1058 -40.2523 -39.0287 -36.8664 -36.3278 -35.7807 -36.0751 -32.6908 -29.016 
140080 -0.883811 -1.52152 -0.53414 1.49535 4.70417 9.37254 14.785 14.1679 17.18 20.1024 16.3031 15.6843 9.90898 2.16545 -7.08065 -15.1309 -25.3171 -32.0815 -38.7654 -45.4451 -49.1274 -48.102 -46.7967 -47.9496 -42.7847 -42.3378 -40.2681 -43.645 -38.9731 -39.6544 
160080 -37.3572 -40.9018 -40.3113 -36.9314 -29.7681 -21.313 -12.0279 -2.79527 5.7168 15.0011 22.5621 29.2513 31.2513 30.6406 28.0622 20.5974 12.7701 0.903317 -13.0185 -24.1694 -32.2014 -38.0526 -41.3182 -43.5005 -44.2068 -42.9231 -43.2975 -41.8157 -42.7357 -42.5004 
0100 -44.5616 -38.8976 -31.4537 -21.2186 -10.5976 -2.10212 5.16498 11.8467 13.8342 18.1653 20.1594 21.7982 23.2694 19.6276 14.1417 7.25925 3.26497 -2.24454 -8.61768 -15.8774 -23.1741 -29.1686 -31.8244 -31.8729 -31.5819 -31.9872 -28.8001 -28.8391 -26.8653 -22.6125 
20100 -35.3872 -30.6783 -24.709 -11.9277 -3.91947 5.42387 10.4266 12.8548 13.8557 13.1063 11.3252 11.6255 8.90618 8.87146 4.32256 -1.9598 -8.30396 -10.9011 -14.2027 -20.3609 -26.2446 -31.2187 -32.8416 -34.1648 -31.7164 -29.3337 -27.1911 -28.8065 -23.2493 -23.9335 
40100 3.2005 6.52759 12.2805 19.7844 20.5171 21.1978 20.4409 13.6126 5.00105 -4.08545 -14.2341 -22.2506 -29.6069 -31.8802 -32.6088 -30.4698 -29.6452 -32.1743 -34.2491 -34.7689 -35.3586 -35.7375 -35.1889 -31.5307 -28.4514 -28.9467 -25.5952 -19.2083 -13.4622 -9.91109 
60100 91.2456 85.7236 80.9672 70.126 56.7153 41.0461 24.4901 3.7761 -14.2326 -34.316 -49.8153 -65.5165 -75.5928 -83.786 -87.4291 -87.7999 -83.47 -76.7431 -65.8275 -55.8044 -45.8166 -35.49 -26.9939 -21.3583 -16.0788 -10.9897 -6.74224 -1.92674 -0.0153433 3.20529 
80100 180.059 169.386 156.153 128.802 98.2936 66.7512 35.5556 3.90153 -30.679 -60.7018 -86.4785 -108.007 -120.636 -129.582 -133.607 -128.022 -119.935 -106.582 -91.4346 -73.2853 -56.4214 -39.9571 -24.7096 -11.7347 -1.1349 7.44909 11.8354 8.02152 1.6339 -0.50276 
100100 166.249 167.65 161.285 146.096 124.793 94.1604 58.6057 21.482 -16.5864 -49.524 -77.9857 -101.162 -118.345 -129.482 -132.335 -130.697 -120.695 -105.012 -85.9718 -67.8409 -50.0699 -35.8634 -25.0069 -20.6002 -21.077 -22.2515 -20.1417 -15.3762 -9.80163 -6.33223 
120100 81.1872 82.1116 81.3018 79.9736 70.0699 61.2556 50.1327 32.1569 18.0276 -1.26808 -22.66 -40.4112 -57.0031 -68.5442 -76.3587 -79.1809 -78.7633 -75.4537 -68.1666 -59.4866 -53.495 -46.3189 -41.1786 -38.1316 -37.3425 -36.9821 -35.7507 -36.2169 -32.998 -29.1584 
140100 5.49793 2.67424 2.00378 2.33952 4.94243 9.21257 10.8703 13.1371 14.5501 17.6079 15.967 13.6563 9.1094 0.456091 -9.57659 -17.6128 -26.7809 -32.7982 -39.064 -45.0784 -47.8105 -47.8806 -46.8482 -46.1264 -43.7032 -41.827 -41.1468 -40.2474 -38.6553 -39.0121 
160100 -34.2966 -38.1534 -37.2781 -34.8989 -28.4105 -23.7973 -15.6784 -7.45386 1.14 12.3513 18.2348 24.9664 28.0862 26.2636 25.6292 19.5448 10.8676 0.826742 -13.5602 -23.1187 -31.4517 -37.1884 -40.4835 -42.9065 -43.5592 -42.8862 -46.5462 -42.2078 -42.921 -42.3076 
0120 -18.0591 -13.8442 -6.57406 2.83059 11.5964 18.6327 22.2724 19.1572 16.0554 11.1189 6.65635 3.40207 -1.08284 -2.12876 -3.80794 -10.5792 -15.2435 -20.6158 -24.523 -28.7837 -34.0888 -36.741 -36.7554 -34.6551 -32.5869 -29.8757 -25.8119 -22.4734 -21.2014 -16.7945 
20120 -7.07581 -2.74905 3.85287 10.3262 20.2793 22.4079 23.4142 18.7209 10.9551 4.71859 -1.58134 -9.15255 -13.9464 -16.9843 -16.7668 -17.7336 -23.7735 -28.7225 -32.0379 -33.51 -36.0549 -37.0596 -37.3448 -32.8799 -31.1051 -31.0223 -24.8697 -21.5855 -18.4711 -14.1785 
40120 34.1252 36.237 40.1337 41.0836 38.0092 32.9553 23.2903 14.2779 0.98615 -14.2002 -27.2878 -38.8466 -45.9717 -50.1869 -53.1921 -52.2965 -50.0174 -47.2035 -45.5914 -44.8706 -42.2756 -38.5847 -33.2622 -29.3438 -24.4861 -22.6507 -19.7771 -13.0724 -8.14975 -4.94005 
60120 115.327 107.448 97.4347 83.7899 64.731 46.8227 25.4296 3.45929 -18.6481 -40.7018 -57.3576 -73.4581 -87.4247 -95.3205 -99.5408 -96.9007 -92.847 -84.9626 -72.2221 -60.1543 -48.8311 -37.5604 -27.2599 -18.5219 -10.8543 -5.8656 -1.73008 1.97912 3.85915 3.49453 
80120 182.243 172.681 158.439 132.961 102.212 69.8487 38.7 4.27167 -30.8903 -61.6866 -87.5666 -109.397 -122.806 -132.012 -135.617 -130.81 -121.844 -107.876 -91.7206 -73.7719 -56.1264 -40.1918 -24.8581 -12.2692 -2.2792 5.56933 10.4908 8.26915 1.8038 -0.291505 
100120 170.265 170.093 163.656 149.033 125.48 93.9147 57.8066 18.886 -18.9264 -53.0633 -81.2717 -104.47 -120.637 -131.732 -133.836 -131.876 -122.406 -107.376 -87.1617 -68.4729 -49.809 -36.8936 -24.989 -20.2094 -20.0694 -21.1883 -18.441 -14.0286 -8.87565 -6.50283 
120120 101.915 104.202 104.107 94.8221 84.5351 71.6118 52.8335 33.3365 12.7005 -12.7499 -35.54 -55.1872 -72.6034 -84.6403 -90.3978 -91.5092 -90.497 -83.9729 -73.6219 -62.5568 -51.2631 -42.6217 -37.9289 -35.0104 -34.8892 -36.4181 -36.8185 -34.2816 -30.9207 -25.112 
140120 34.8533 32.7061 29.6153 28.4727 29.1769 25.2029 23.4835 19.2646 17.1266 11.5222 4.86063 -2.16658 -14.4596 -24.2159 -33.5291 -42.3371 -48.9864 -52.8072 -52.4193 -52.428 -52.4554 -51.227 -47.3525 -46.368 -41.5992 -41.5458 -40.1566 -38.8324 -37.3936 -36.0206 
160120 -7.49998 -9.70949 -11.3726 -9.67057 -7.6451 -3.50014 -3.38611 3.21247 9.22289 12.346 18.7146 16.5134 14.5406 9.74347 0.769843 -8.55152 -16.5375 -24.8593 -31.883 -39.2062 -43.5816 -46.0234 -48.0959 -46.0328 -44.3387 -43.8063 -45.9672 -42.5317 -39.8216 -39.3997 
0140 46.9634 48.8327 50.6187 52.6711 49.0779 41.6033 33.0977 18.3163 4.95561 -12.5688 -29.2978 -42.4923 -50.757 -56.9006 -59.5332 -58.6881 -54.6911 -51.3671 -50.6414 -49.8077 -45.2985 -39.3462 -32.963 -27.5914 -24.4 -23.471 -16.9645 -11.6501 -8.4282 -4.23022 
20140 58.0103 59.1721 60.1331 56.983 52.2513 42.142 29.8823 15.811 -1.03709 -18.795 -35.6918 -48.114 -58.2503 -64.9306 -66.8867 -66.008 -62.4845 -57.3286 -53.4363 -50.5929 -46.6497 -41.0129 -33.043 -26.529 -22.1189 -19.9113 -15.8642 -10.385 -5.91365 -1.56407 
40140 98.3621 93.4808 85.448 76.8856 62.7353 45.2704 27.2312 7.84558 -14.7855 -34.1832 -52.4556 -67.0373 -80.8259 -88.3093 -91.43 -88.8796 -84.3985 -76.2004 -66.5747 -55.4207 -46.2905 -38.9222 -30.1772 -21.3594 -14.5953 -10.7831 -6.49853 -3.35117 1.49218 3.86188 
60140 147.341 139.651 125.141 104.305 80.7545 54.088 28.5339 1.47769 -25.3203 -50.1377 -73.3431 -93.0505 -105.576 -115.12 -116.976 -114.909 -106.754 -96.3733 -82.7368 -66.9419 -52.2891 -38.2815 -25.4552 -13.5052 -2.83896 2.98223 6.39698 5.61996 6.32112 1.68981 
80140 186.069 177.402 161.242 138.492 106.432 73.7372 39.3492 4.41514 -31.7917 -63.2964 -89.6362 -111.607 -125.691 -134.29 -136.422 -133.267 -122.477 -109.858 -91.0398 -73.0207 -54.3372 -38.2592 -23.8351 -11.6794 -2.37035 4.42742 8.2354 7.69486 2.46061 0.1416 
100140 177.939 175.736 165.866 153.04 125.407 93.8726 56.3113 14.6722 -23.4828 -58.0249 -85.4483 -108.556 -124.233 -134.526 -137.249 -134.493 -123.621 -108.973 -88.5429 -68.1255 -50.7686 -37.5417 -25.9524 -18.6871 -16.9296 -16.6344 -14.1528 -10.0437 -5.74477 -2.18155 
120140 134.572 141.609 135.269 126.946 110.863 84.4315 60.4009 28.0563 -3.07538 -29.8564 -58.1318 -79.7468 -97.3719 -108.7 -114.016 -112.285 -105.077 -94.2031 -83.0008 -66.1656 -50.6594 -38.0662 -31.1531 -30.2806 -30.5403 -31.9148 -32.2099 -32.7455 -22.9311 -14.3932 
140140 89.7968 90.5752 87.9094 80.4978 74.233 60.2822 47.2353 30.3922 13.7664 -4.12604 -25.1737 -41.9188 -58.0062 -70.1611 -77.4486 -82.3552 -82.6134 -78.7765 -72.2626 -63.7394 -54.2305 -48.0627 -40.9313 -39.0288 -36.7139 -38.5284 -36.8428 -38.4034 -32.3197 -28.5753 
160140 56.8116 54.4787 51.3863 48.5168 42.5462 37.275 31.5281 23.6615 15.1696 5.99117 -5.50933 -15.9849 -27.9055 -39.1857 -50.0342 -56.6303 -62.6322 -65.1225 -63.9541 -59.1038 -54.7249 -49.945 -46.6971 -46.9429 -42.7632 -40.6125 -38.7094 -36.6108 -34.5662 -32.7179 
0160 142.439 136.565 124.449 108.931 87.8118 63.1363 36.31 7.31996 -21.3388 -50.6656 -74.3029 -94.1778 -108.237 -118.278 -120.096 -118.172 -109.44 -97.3802 -82.303 -64.9231 -45.0959 -29.2328 -19.2738 -11.0966 -4.88275 -0.272618 1.35395 -0.818703 1.40641 1.72211 
20160 146.473 141.23 129.013 109.507 87.479 62.6878 31.4358 3.74473 -24.2737 -52.0568 -77.0909 -95.1829 -110.108 -118.532 -121.399 -118.257 -109.552 -96.8079 -82.2759 -66.2629 -48.2828 -32.467 -19.1864 -11.6647 -4.95199 0.433517 4.10117 3.99853 1.85409 4.1949 
40160 162.002 153.867 140.127 117.589 92.4573 61.4195 32.2385 2.10744 -28.0416 -57.4369 -81.5925 -102.165 -115.535 -123.706 -126.903 -122.597 -115.119 -101.365 -85.8099 -69.8255 -51.4206 -35.632 -20.7751 -9.38505 -2.46753 3.42933 7.59644 8.73853 5.00707 2.38072 
60160 177.25 169.475 153.02 129.622 98.7939 67.1437 35.2658 1.75891 -31.9368 -62.3841 -88.1799 -108.092 -122.482 -131.682 -133.709 -130.116 -120.571 -107.186 -89.5139 -71.7268 -54.3228 -37.1867 -21.5771 -9.97292 -1.10597 6.05539 9.99039 8.0744 2.20002 0.490792 
80160 186.573 182.138 165.939 142.164 115.589 80.5904 44.9299 6.48316 -29.3245 -62.6231 -90.4715 -111.271 -127.981 -136.472 -138.383 -134.822 -126.135 -110.471 -92.1287 -71.7452 -53.1125 -37.3192 -24.706 -13.6403 -3.62322 0.453071 2.15716 3.77267 3.53013 -1.02113 
100160 185.394 179.7 171.241 152.081 125.367 93.27 53.1381 11.9607 -27.2218 -60.634 -89.0378 -111.095 -127.245 -136.007 -139.978 -135.044 -126.302 -110.13 -89.5544 -69.2662 -51.3552 -38.5464 -27.1073 -17.4788 -12.7368 -10.7036 -8.46366 -5.07315 -0.872797 -0.497873 
120160 169.995 171.709 168.001 153.065 130.02 99.0242 58.6516 20.7274 -18.8353 -52.4904 -79.9816 -103.687 -118.771 -130.189 -132.991 -130.059 -121.483 -106.682 -88.1967 -69.9545 -51.7194 -38.83 -27.5085 -22.7946 -22.3621 -22.942 -21.2977 -15.6767 -9.81427 -2.74252 
140160 153.915 157.853 154.821 145.218 120.771 94.9389 61.9187 24.7148 -8.57342 -41.037 -68.2004 -91.3053 -107.236 -118.498 -122.831 -120.801 -113.013 -102.339 -86.4397 -69.5529 -54.6628 -40.1289 -31.7588 -27.0387 -27.8307 -28.4349 -28.3263 -24.6019 -20.3273 -9.92788 
160160 144.276 145.552 144.192 135.156 112.599 88.3631 58.2463 26.7563 -1.55973 -32.5982 -58.5945 -81.7141 -97.4005 -108.751 -113.212 -112.654 -106.364 -99.0375 -84.9018 -71.1739 -59.2287 -45.8056 -35.594 -28.662 -28.7461 -30.0195 -29.337 -26.486 -22.6445 -14.6415 
