3.16577 -0.847395
3.14904 -1.04386
3.1323 -0.544969
3.11557 -0.383038
3.09883 -0.195219
3.08209 -0.123893
3.06536 -0.102958
3.04862 -0.0564672
3.03189 -0.0312063
3.01515 -0.016343
2.99842 0
2.98168 0.0005951
2.96495 -0.0288339
2.94821 -0.0157753
2.93148 -0.0088827
2.91474 -0.0016643
2.898 0.0111805
2.88127 -0.0165082
2.86453 -0.006679
2.8478 -0.0380161
2.83106 -0.0331592
2.81433 -0.0104596
2.79759 -0.0198269
2.78086 -0.012947
2.76412 -0.0553095
2.74739 -0.0483425
2.73065 -0.006266
2.71392 0.0214028
2.69718 0.0577142
2.68044 0.0788943
2.66371 0.10982
2.64697 0.114627
2.63024 0.147517
2.6135 0.204627
2.59677 0.247968
2.58003 0.291567
2.5633 0.330965
2.54656 0.373208
2.52983 0.409814
2.51309 0.467912
2.49635 0.524524
2.47962 0.56423
2.46288 0.606357
2.44615 0.655577
2.42941 0.73023
2.41268 0.829175
2.39594 0.892237
2.37921 0.93759
2.36247 0.991637
2.34573 1.03378
2.329 1.06801
2.31226 1.09985
2.29553 1.13716
2.27879 1.1193
2.26206 1.12666
2.24532 1.14253
2.22859 1.20066
2.21185 1.22198
2.19512 1.26392
2.17838 1.25312
2.16165 1.22171
2.14491 1.2037
2.12817 1.20027
2.11144 1.20404
2.0947 1.18108
2.07797 1.18375
2.06123 1.14841
2.0445 1.09365
2.02776 1.04358
2.01103 0.968602
1.99429 0.899357
1.97755 0.82736
1.96082 0.715584
1.94408 0.640259
1.92735 0.528222
1.91061 0.433713
1.89388 0.342475
1.87714 0.265057
1.86041 0.152008
1.84367 0.129252
1.82693 0.118064
1.8102 0.119355
1.79347 0.121973
1.77673 0.0853526
1.75999 0.0640284
1.74326 0.0255126
1.72652 -0.0091454
1.70979 -0.0328637
1.69305 -0.0377913
1.67632 -0.0469116
1.65958 -0.0507159
1.64285 -0.0261818
1.62611 0.0103121
1.60938 0.0625645
1.59264 0.118566
1.5759 0.144065
1.55917 0.178762
1.54243 0.243923
1.5257 0.361283
1.50896 0.460945
1.49223 0.574363
1.47549 0.688794
1.45876 0.783354
1.44202 0.908141
1.42528 1.06368
1.40855 1.25491
1.39181 1.43602
1.37508 1.65531
1.35834 1.84605
1.34161 2.03188
1.32487 2.16549
1.30814 2.31679
1.2914 2.4786
1.27466 2.6631
1.25793 2.86585
1.24119 3.14078
1.22446 3.42888
1.20772 3.74944
1.19099 4.0296
1.17425 4.334
1.15752 4.64911
1.14078 5.02131
1.12405 5.39034
1.10731 5.76988
1.09058 6.16581
1.07384 6.56571
1.0571 6.93763
1.04037 7.3196
1.02363 7.69137
1.0069 8.06771
0.990162 8.43075
0.973427 8.79296
0.956692 9.16154
0.939956 9.55336
0.923221 9.93116
0.906485 10.3025
0.88975 10.6798
0.873014 11.053
0.856279 11.44
0.839543 11.8353
0.822808 12.248
0.806072 12.6932
0.789337 13.102
0.772602 13.5292
0.755866 13.9384
0.739131 14.3674
0.722395 14.7801
0.70566 15.1848
0.688924 15.5927
0.672189 15.9804
0.655453 16.4076
0.638718 16.8315
0.621982 17.1732
0.605247 17.485
0.588511 17.7285
0.571776 17.9132
0.555041 18.0502
0.538305 18.1618
0.52157 18.2622
0.504834 18.3617
0.488099 18.4388
0.471363 18.4757
0.454628 18.4924
0.437892 18.5239
0.421157 18.5137
0.404421 18.4893
0.387686 18.4747
0.370951 18.4472
0.354215 18.4166
0.33748 18.4114
0.320744 18.4217
0.304009 18.45
0.287273 18.4452
0.270538 18.426
0.253802 18.4559
0.237067 18.4645
0.220331 18.5234
0.203596 18.5794
0.18686 18.5981
0.170125 18.6144
0.15339 18.6091
0.136654 18.6037
0.119919 18.6064
0.103183 18.569
0.0864477 18.5309
0.0697122 18.501
0.0529768 18.464
0.0362413 18.4585
0.0195059 18.4607
0.00277039 18.4781
-0.0139651 18.4783
-0.0307005 18.4757
-0.047436 18.5236
-0.0641715 18.4784
-0.0809069 18.5168
-0.0976424 18.4827
-0.114378 18.4774
-0.131113 18.9043
-0.147849 18.0238
-0.164584 18.0452
