3.16511 -2.38746
3.1483 -0.871961
3.1315 -0.96983
3.11469 -0.647227
3.09788 -0.429831
3.08108 -0.335878
3.06427 -0.174536
3.04747 -0.097121
3.03066 -0.036192
3.01385 0.005446
2.99705 0
2.98024 -0.036452
2.96344 -0.093078
2.94663 -0.113996
2.92983 -0.082873
2.91302 -0.037664
2.89622 -0.029241
2.87941 -0.071689
2.8626 -0.117238
2.8458 -0.129961
2.82899 -0.080674
2.81219 -0.023151
2.79538 -0.004915
2.77858 -0.02327
2.76177 -0.061812
2.74496 -0.063466
2.72816 -0.008891
2.71135 0.053067
2.69455 0.077032
2.67774 0.068129
2.66093 0.018231
2.64413 0.047801
2.62732 0.135966
2.61052 0.248529
2.59371 0.335812
2.57691 0.378343
2.5601 0.40635
2.54329 0.463736
2.52649 0.556008
2.50968 0.642356
2.49288 0.680053
2.47607 0.707207
2.45926 0.735752
2.44246 0.830497
2.42565 1.0105
2.40885 1.19972
2.39204 1.34044
2.37524 1.4795
2.35843 1.56603
2.34163 1.70111
2.32482 1.85597
2.30801 2.02376
2.29121 2.1145
2.2744 2.19126
2.2576 2.23522
2.24079 2.27631
2.22398 2.34713
2.20718 2.3792
2.19037 2.38616
2.17357 2.34265
2.15676 2.24823
2.13996 2.10661
2.12315 1.88847
2.10635 1.62101
2.08954 1.3328
2.07273 0.992499
2.05593 0.645837
2.03912 0.350224
2.02232 0.171013
2.00551 0.017552
1.9887 -0.177517
1.9719 -0.413356
1.95509 -0.683268
1.93829 -0.923062
1.92148 -1.13236
1.90468 -1.31404
1.88787 -1.54081
1.87106 -1.79979
1.85426 -2.06117
1.83745 -2.2707
1.82065 -2.40866
1.80384 -2.54455
1.78703 -2.69827
1.77023 -2.88516
1.75342 -3.06272
1.73662 -3.2133
1.71981 -3.2952
1.70301 -3.39982
1.6862 -3.53665
1.66939 -3.69552
1.65259 -3.85589
1.63578 -3.97064
1.61898 -4.02924
1.60217 -4.11184
1.58537 -4.21117
1.56856 -4.32281
1.55175 -4.4213
1.53495 -4.44526
1.51814 -4.4215
1.50134 -4.38427
1.48453 -4.39944
1.46773 -4.40003
1.45092 -4.37323
1.43411 -4.29497
1.41731 -4.20246
1.4005 -4.14265
1.3837 -4.1159
1.36689 -4.11963
1.35009 -4.06696
1.33328 -3.92848
1.31647 -3.74354
1.29967 -3.59037
1.28286 -3.46393
1.26606 -3.36213
1.24925 -3.22686
1.23245 -3.03265
1.21564 -2.82146
1.19883 -2.62771
1.18203 -2.4623
1.16522 -2.27059
1.14842 -2.02785
1.13161 -1.7267
1.11481 -1.4135
1.098 -1.13286
1.08119 -0.851264
1.06439 -0.588689
1.04758 -0.242156
1.03078 0.138626
1.01397 0.498703
0.997165 0.843157
0.980359 1.16617
0.963553 1.48179
0.946748 1.82784
0.929942 2.1894
0.913136 2.53585
0.89633 2.85428
0.879525 3.17507
0.862719 3.54557
0.845913 4.0076
0.829107 4.52454
0.812302 5.02753
0.795496 5.52967
0.77869 5.99485
0.761884 6.44743
0.745078 6.90445
0.728273 7.34879
0.711467 7.77182
0.694661 8.16512
0.677856 8.57187
0.66105 8.96937
0.644244 9.45357
0.627438 9.95518
0.610633 10.4484
0.593827 10.9124
0.577021 11.3766
0.560215 11.8275
0.543409 12.31
0.526604 12.7515
0.509798 13.1753
0.492992 13.5759
0.476186 13.9115
0.459381 14.2713
0.442575 14.6322
0.425769 14.9932
0.408963 15.3186
0.392158 15.5881
0.375352 15.8258
0.358546 16.0624
0.34174 16.3365
0.324935 16.5858
0.308129 16.756
0.291323 16.8959
0.274517 16.9716
0.257712 17.0242
0.240906 17.0816
0.2241 17.1675
0.207294 17.221
0.190489 17.2646
0.173683 17.2582
0.156877 17.2635
0.140071 17.3264
0.123266 17.4145
0.10646 17.4774
0.089654 17.5184
0.0728483 17.5155
0.0560425 17.5113
0.0392368 17.5499
0.022431 17.6297
0.00562528 17.6823
-0.0111805 17.7003
-0.0279862 17.7076
-0.044792 17.6837
-0.0615977 17.6351
-0.0784035 17.5697
-0.0952092 17.5086
-0.112015 17.3945
-0.128821 17.1415
-0.145626 17.6624
-0.162432 18.6932
-0.179238 14.6686
