3.16222 0.339347
3.14547 -0.608219
3.12872 -0.115204
3.11197 0.122885
3.09522 0.0256816
3.07847 0.10797
3.06171 0.0569258
3.04496 0.051108
3.02821 0.0437191
3.01146 0.0351056
2.99471 0
2.97796 -0.0373403
2.96121 -0.0845621
2.94446 -0.0942361
2.92771 -0.122924
2.91096 -0.160997
2.89421 -0.228219
2.87746 -0.310993
2.86071 -0.415392
2.84396 -0.511119
2.82721 -0.582115
2.81046 -0.674296
2.79371 -0.75541
2.77696 -0.891757
2.76021 -0.998661
2.74346 -1.08125
2.72671 -1.19548
2.70996 -1.3067
2.69321 -1.42478
2.67646 -1.52905
2.65971 -1.6664
2.64296 -1.73793
2.62621 -1.87017
2.60946 -1.94864
2.59271 -2.04984
2.57596 -2.1623
2.55921 -2.2643
2.54246 -2.40923
2.52571 -2.47372
2.50896 -2.54718
2.49221 -2.65279
2.47546 -2.73636
2.45871 -2.82408
2.44196 -2.94322
2.42521 -3.03601
2.40846 -3.0831
2.39171 -3.12146
2.37496 -3.14551
2.35821 -3.20719
2.34146 -3.26829
2.32471 -3.38732
2.30796 -3.5059
2.29121 -3.63914
2.27446 -3.74794
2.25771 -3.84719
2.24096 -3.9434
2.22421 -3.96989
2.20746 -3.95013
2.19071 -3.9363
2.17396 -3.92614
2.15721 -3.89562
2.14046 -3.89135
2.12371 -3.96146
2.10696 -4.05538
2.09021 -4.16642
2.07346 -4.27582
2.05671 -4.42562
2.03996 -4.48932
2.02321 -4.44847
2.00646 -4.35688
1.98971 -4.27467
1.97296 -4.21024
1.95621 -4.15873
1.93946 -4.08563
1.92271 -3.98148
1.90596 -3.86109
1.88921 -3.77313
1.87246 -3.67686
1.85571 -3.61131
1.83896 -3.5405
1.82221 -3.49366
1.80546 -3.45837
1.78871 -3.42873
1.77196 -3.35456
1.75521 -3.27488
1.73846 -3.1052
1.72171 -2.92978
1.70496 -2.74366
1.68821 -2.55281
1.67146 -2.35892
1.65471 -2.1964
1.63796 -2.04153
1.62121 -1.89054
1.60446 -1.72655
1.58771 -1.55038
1.57096 -1.39454
1.55421 -1.16185
1.53746 -0.855925
1.52071 -0.458164
1.50396 -0.0364124
1.48721 0.411733
1.47046 0.843695
1.45371 1.24005
1.43696 1.54722
1.42021 1.85934
1.40346 2.18935
1.38671 2.56028
1.36996 2.92138
1.35321 3.3855
1.33646 3.94075
1.31971 4.5457
1.30296 5.16856
1.28621 5.7636
1.26946 6.31444
1.25271 6.82021
1.23596 7.2921
1.21921 7.7934
1.20246 8.28318
1.18571 8.84981
1.16896 9.349
1.15221 9.81657
1.13546 10.2563
1.11871 10.6785
1.10196 11.0971
1.08521 11.5131
1.06846 12.038
1.05171 12.6514
1.03496 13.3538
1.01821 14.0424
1.00146 14.7502
0.984706 15.4239
0.967956 16.0582
0.951206 16.6431
0.934456 17.2232
0.917706 17.7989
0.900956 18.4058
0.884206 18.9804
0.867456 19.6336
0.850706 20.2634
0.833956 20.9553
0.817206 21.644
0.800456 22.33
0.783706 23.0455
0.766956 23.7834
0.750205 24.5587
0.733456 25.3491
0.716705 26.1513
0.699955 26.9762
0.683205 27.7692
0.666455 28.5276
0.649705 29.2861
0.632955 30.0724
0.616205 30.8571
0.599455 31.6452
0.582705 32.4194
0.565955 33.1591
0.549205 33.9193
0.532455 34.7007
0.515705 35.5053
0.498955 36.3378
0.482204 37.1718
0.465454 38.0167
0.448704 38.8488
0.431954 39.6707
0.415204 40.4882
0.398454 41.3274
0.381704 42.1103
0.364954 42.8984
0.348204 43.7417
0.331454 44.6146
0.314704 45.4681
0.297954 46.4037
0.281204 47.3228
0.264454 48.2611
0.247704 49.2097
0.230954 50.1906
0.214203 51.1401
0.197453 52.0852
0.180703 52.9896
0.163953 53.8891
0.147203 54.8084
0.130453 55.7428
0.113703 56.7204
0.096953 57.7521
0.0802029 58.8232
0.0634529 59.7582
0.0467028 59.9881
0.0299527 59.489
0.0132026 58.958
-0.00354741 58.4084
-0.0202975 57.8491
-0.0370475 57.2786
-0.0537976 56.6998
-0.0705477 56.0832
-0.0872977 55.4132
-0.104048 54.9223
-0.120798 54.2329
-0.137548 53.7832
-0.154298 52.6872
-0.171048 53.3845
