3.18245 31.5132
3.16578 28.6979
3.14911 30.6184
3.13244 30.5064
3.11577 30.7163
3.09909 30.7978
3.08242 31.1075
3.06575 31.1745
3.04908 31.2465
3.03241 31.2945
3.01573 31.3268
2.99906 31.3
2.98239 31.2289
2.96572 31.1504
2.94905 31.0698
2.93237 31.0308
2.9157 31.0068
2.89903 30.992
2.88236 30.8941
2.86569 30.7743
2.84902 30.6576
2.83234 30.6233
2.81567 30.6346
2.799 30.6311
2.78233 30.5825
2.76566 30.5047
2.74898 30.4151
2.73231 30.3856
2.71564 30.3342
2.69897 30.2643
2.68229 30.1373
2.66562 29.9775
2.64895 29.8108
2.63228 29.6995
2.61561 29.6354
2.59893 29.5552
2.58226 29.4592
2.56559 29.3205
2.54892 29.1782
2.53225 29.0864
2.51558 29.0168
2.4989 28.9499
2.48223 28.8247
2.46556 28.6597
2.44889 28.5359
2.43221 28.5476
2.41554 28.6167
2.39887 28.6703
2.3822 28.6934
2.36553 28.6843
2.34885 28.6963
2.33218 28.7289
2.31551 28.7747
2.29884 28.7979
2.28217 28.7867
2.2655 28.7592
2.24882 28.8021
2.23215 28.9622
2.21548 29.1511
2.19881 29.3473
2.18214 29.5162
2.16546 29.6469
2.14879 29.7551
2.13212 29.9079
2.11545 30.0344
2.09878 30.1546
2.0821 30.2337
2.06543 30.2567
2.04876 30.3321
2.03209 30.4252
2.01542 30.5259
1.99874 30.5998
1.98207 30.6082
1.9654 30.5732
1.94873 30.539
1.93206 30.6245
1.91538 30.7293
1.89871 30.7542
1.88204 30.7082
1.86537 30.5951
1.8487 30.4807
1.83202 30.4378
1.81535 30.4594
1.79868 30.437
1.78201 30.3886
1.76534 30.3243
1.74866 30.2767
1.73199 30.2477
1.71532 30.2446
1.69865 30.215
1.68198 30.1615
1.66531 30.1071
1.64863 30.0495
1.63196 30.0521
1.61529 30.1223
1.59862 30.185
1.58194 30.2581
1.56527 30.3139
1.5486 30.3991
1.53193 30.5562
1.51526 30.7115
1.49859 30.8764
1.48191 31.0275
1.46524 31.1471
1.44857 31.3227
1.4319 31.5665
1.41522 31.8609
1.39855 32.1511
1.38188 32.4542
1.36521 32.7374
1.34854 33.0717
1.33187 33.4206
1.31519 33.7677
1.29852 34.0988
1.28185 34.417
1.26518 34.7357
1.2485 35.1491
1.23183 35.6175
1.21516 36.0858
1.19849 36.5422
1.18182 37.0007
1.16515 37.415
1.14847 37.8265
1.1318 38.2444
1.11513 38.6791
1.09846 39.096
1.08179 39.5114
1.06511 39.9774
1.04844 40.5749
1.03177 41.2108
1.0151 41.8749
0.998426 42.4858
0.981754 43.077
0.965082 43.6793
0.94841 44.2894
0.931738 44.8821
0.915066 45.4663
0.898394 46.0133
0.881722 46.5266
0.86505 47.0686
0.848378 47.6799
0.831706 48.3496
0.815034 49.0076
0.798362 49.6011
0.78169 50.1993
0.765018 50.8674
0.748346 51.6027
0.731674 52.3706
0.715002 53.1353
0.69833 53.849
0.681658 54.5863
0.664987 55.3195
0.648315 56.0778
0.631643 56.8451
0.614971 57.5918
0.598299 58.3217
0.581627 59.0619
0.564955 59.8825
0.548283 60.7923
0.531611 61.6788
0.514939 62.5627
0.498267 63.4341
0.481595 64.2824
0.464923 65.1431
0.448251 66.0337
0.431579 66.899
0.414907 67.7642
0.398235 68.5996
0.381563 69.4175
0.364891 70.2387
0.348219 71.0368
0.331547 71.8815
0.314875 72.6949
0.298203 73.5022
0.281531 74.3315
0.264859 75.1837
0.248187 76.0726
0.231515 76.9269
0.214843 77.7654
0.198171 78.578
0.181499 79.3995
0.164827 80.3518
0.148155 81.3882
0.131484 82.4155
0.114811 83.3752
0.0981395 84.2988
0.0814675 85.1795
0.0647956 86.0401
0.0481236 86.9023
0.0314516 87.7676
0.0147797 88.5907
-0.0018923 89.3902
-0.0185643 90.1737
-0.0352362 90.9518
-0.0519082 91.6818
-0.0685802 92.4197
-0.0852521 93.1944
-0.101924 93.8015
-0.118596 93.6441
-0.135268 95.7669
