0 78.7142 27.7712 27.7712
0.0167631 78.7209 27.7198 27.7198
0.0335261 79.8302 27.6438 27.6438
0.0502892 80.8175 27.5688 27.5688
0.0670523 80.6541 27.4902 27.4902
0.0838154 79.5085 27.4902 27.4902
0.100578 78.397 27.2497 27.2497
0.117341 77.3071 27.0465 27.0465
0.134105 76.2399 26.7834 26.7834
0.150868 75.1368 26.5092 26.5092
0.167631 74.0533 26.5092 26.5092
0.184394 72.9653 26.064 26.064
0.201157 71.9342 25.8117 25.8117
0.21792 70.9316 25.8117 25.8117
0.234683 69.8995 25.1759 25.1759
0.251446 68.8438 24.8046 24.8046
0.268209 67.7808 24.4653 24.4653
0.284972 66.7538 24.4653 24.4653
0.301735 65.7959 23.7221 23.7221
0.318498 64.8391 23.308 23.308
0.335261 63.8607 23.308 23.308
0.352024 62.8385 22.3712 22.3712
0.368788 61.8021 21.8988 21.8988
0.385551 60.8017 21.8988 21.8988
0.402314 59.8675 20.9995 20.9995
0.419077 58.951 20.5162 20.5162
0.43584 57.9949 20.5162 20.5162
0.452603 57.0278 20.003 20.003
0.469366 56.0319 19.0524 19.0524
0.486129 55.0679 19.0524 19.0524
0.502892 54.1963 18.2395 18.2395
0.519655 53.3159 18.2395 18.2395
0.536418 52.3895 17.3463 17.3463
0.553181 51.4378 16.8887 16.8888
0.569944 50.4815 16.8887 16.8888
0.586707 49.5763 16.0601 16.0602
0.603471 48.7436 15.6605 15.6606
0.620234 47.9173 15.6605 15.6606
0.636997 47.0592 14.7624 14.7625
0.65376 46.1896 14.3264 14.3265
0.670523 45.3474 14.3264 14.3266
0.687286 44.5726 13.6105 13.6107
0.704049 43.8255 13.2675 13.2677
0.720812 43.0318 13.2675 13.2678
0.737575 42.216 12.5134 12.5137
0.754338 41.3835 12.1635 12.1638
0.771101 40.5749 12.1635 12.164
0.787864 39.8185 11.7099 11.7104
0.804627 39.0912 11.4731 11.4737
0.82139 38.3493 11.4731 11.4739
0.838154 37.5826 10.9516 10.9525
0.854917 36.8132 10.9516 10.9527
0.87168 36.0669 10.7095 10.7109
0.888443 35.3494 10.4025 10.4041
0.905206 34.6592 10.4025 10.4045
0.921969 33.9356 10.2382 10.2406
0.938732 33.1974 9.87228 9.87502
0.955495 32.4501 9.87228 9.87582
0.972258 31.7308 9.68538 9.68963
0.989021 31.0573 9.34827 9.35304
1.00578 30.3892 9.14381 9.1494
1.02255 29.6931 9.14381 9.15089
1.03931 28.9754 8.92037 8.92874
1.05607 28.2699 8.49569 8.50489
1.07284 27.6344 8.4258 8.43693
1.0896 27.0607 8.4258 8.43929
1.10636 26.4941 8.2509 8.26627
1.12313 25.9058 8.11605 8.13392
1.13989 25.2992 8.11605 8.13788
1.15665 25.2956 7.8824 7.90264
1.17341 24.7093 7.8734 7.89787
1.19018 24.1639 7.8734 7.90265
1.20694 23.6437 7.8107 7.84464
1.2237 23.1133 7.7294 7.76864
1.24047 22.55 7.7294 7.7764
1.25723 21.9819 7.6482 7.70308
1.27399 21.444 7.7107 7.77701
1.29076 20.9462 7.7107 7.78814
1.30752 20.4586 7.7808 7.87276
1.32428 19.9543 7.7764 7.88348
1.34105 19.4314 7.7764 7.90168
1.35781 18.8975 7.7832 7.93019
1.37457 18.4139 7.8293 8.00071
1.39133 17.9909 7.8293 8.02265
1.4081 17.5708 7.8586 8.07781
1.42486 17.1365 7.8463 8.0923
1.44162 16.6816 7.8463 8.12399
1.45839 16.2176 7.8982 8.21541
1.47515 15.7905 7.97938 8.33915
1.49191 15.413 7.97938 8.37291
1.50868 15.0388 8.12645 8.56916
1.52544 14.6365 8.16643 8.65256
1.5422 14.2038 8.16643 8.69569
1.55897 13.806 8.41778 9.01055
1.57573 13.4962 8.59885 9.23595
1.59249 13.2458 8.59885 9.25633
1.60925 12.9889 8.92299 9.61884
1.62602 12.7097 9.06426 9.77708
1.64278 12.4065 9.06426 9.78186
1.65954 12.1132 9.2426 9.95212
1.67631 11.8718 9.80748 10.4471
1.69307 11.6489 9.80748 10.4126
1.70983 11.4163 10.0714 10.5723
1.7266 11.167 10.5384 10.8145
1.74336 10.9114 10.5384 10.7114
1.76012 10.6835 10.7751 10.7285
1.77689 10.5162 11.3828 10.8774
1.79365 10.365 11.3828 10.7747
1.81041 10.2128 11.6606 10.7386
1.82717 10.0282 12.1266 10.6724
1.84394 9.83141 12.1266 10.4993
1.8607 9.69557 12.4069 10.3974
1.87746 9.58754 13.1324 10.3027
1.89423 9.48355 13.1324 10.1963
1.91099 9.33354 13.4864 10.0246
1.92775 9.14054 14.1161 9.77092
1.94452 8.92768 14.1161 9.53906
1.96128 8.76686 14.4419 9.33199
1.97804 8.65885 15.1499 9.14289
1.99481 8.53331 15.1499 9.00493
2.01157 8.39783 15.7598 8.79795
2.02833 8.22788 16.0313 8.58832
2.04509 8.024 16.0313 8.36693
2.06186 7.8039 16.329 8.10491
2.07862 7.56252 16.6715 7.82079
2.09538 7.29494 17.2983 7.49709
2.11215 6.99388 17.5322 7.16758
2.12891 6.64425 17.7553 6.79138
2.14567 6.29446 18.0826 6.41486
2.16244 6.00385 18.0826 6.11418
2.1792 5.77857 18.4862 5.8697
2.19596 5.5313 18.8604 5.60652
2.21273 5.23672 19.3846 5.29492
2.22949 4.90461 19.5509 4.9543
2.24625 4.58366 19.6918 4.62653
2.26301 4.31529 19.6918 4.35462
2.27978 4.09248 19.7999 4.12782
2.29654 3.8589 19.8657 3.89098
2.3133 3.58449 19.8345 3.61412
2.33007 3.27057 19.7579 3.298
2.34683 2.99347 19.6954 3.01904
2.36359 2.8058 19.6954 2.82985
2.38036 2.65919 19.6963 2.68209
2.39712 2.48562 19.7316 2.50701
2.41388 2.29332 19.6586 2.31388
2.43065 2.09608 19.5703 2.11591
2.44741 1.90048 19.4671 1.91972
2.46417 1.76199 19.4671 1.78037
2.48093 1.64579 19.4218 1.66374
2.4977 1.49714 19.3777 1.51448
2.51446 1.3428 19.232 1.36009
2.53122 1.16341 19.1079 1.18038
2.54799 1.02077 18.9977 1.03756
2.56475 0.939993 18.9977 0.956341
2.58151 0.864371 18.9574 0.880528
2.59828 0.750636 18.9263 0.766355
2.61504 0.621653 18.7921 0.637399
2.6318 0.467292 18.6843 0.482796
2.64857 0.373837 18.5854 0.389369
2.66533 0.341374 18.5854 0.35674
2.68209 0.326189 18.537 0.341725
2.69885 0.261641 18.5288 0.276888
2.71562 0.184525 18.4252 0.199907
2.73238 0.0962667 18.3282 0.111694
2.74914 0.0689765 18.249 0.0846727
2.76591 0.0690099 18.249 0.0847063
2.78267 0.100068 18.2347 0.116003
2.79943 0.125521 18.2305 0.141614
2.8162 0.0966703 18.1249 0.113179
2.83296 0.0128147 18.0282 0.0293939
2.84972 -0.0649386 17.9605 -0.0484147
2.86649 -0.0753432 17.9605 -0.0588763
2.88325 -0.0271458 17.9781 -0.0105107
2.90001 -0.00743566 18.0152 0.00910363
2.91677 -0.017513 17.9794 -0.000831818
2.93354 -0.0821235 17.9103 -0.0654175
2.9503 -0.134724 17.8583 -0.118021
2.96706 -0.125795 17.8583 -0.109043
2.98383 -0.0668932 17.8927 -0.050004
3.00059 -0.000360051 17.9347 0.0166672
3.01735 -0.00792523 17.9268 0.0091039
3.03412 -0.0512467 17.8935 -0.0342741
3.05088 -0.117597 17.7923 -0.100427
3.06764 -0.206434 17.7923 -0.189763
3.0844 -0.312537 17.6985 -0.295934
3.10117 -0.436713 17.5893 -0.420192
3.11793 -0.702698 17.1745 -0.68534
3.13469 -0.924121 17.3646 -0.908983
3.15146 -0.904669 16.8923 -0.886844
3.16822 -0.908561 16.8923 -0.890759
3.18498 -0.908561 16.8923 0
3.20175 -0.908561 16.8923 0
3.21851 -0.908561 16.8923 0
3.23527 -0.908561 16.8923 0
3.25204 -0.908561 16.8923 0
3.2688 -0.908561 16.8923 0
3.28556 -0.908561 16.8923 0
3.30232 -0.908561 16.8923 0
3.31909 -0.908561 16.8923 0
