3.1577 0.45965
3.14099 -0.214206
3.12429 -0.108187
3.10758 -0.228916
3.09088 -0.106361
3.07418 -0.062008
3.05747 -0.0251488
3.04077 -0.0052691
3.02406 0.0169092
3.00736 0
2.99065 0.0143299
2.97395 -0.0250733
2.95724 -0.0244081
2.94054 -0.0177543
2.92384 0.0140889
2.90713 0.0193886
2.89043 0.0274468
2.87372 0.0331574
2.85702 0.0040553
2.84031 0.0256067
2.82361 0.0392558
2.80691 0.052885
2.7902 0.0731429
2.7735 0.0691446
2.75679 0.0423678
2.74009 0.0705418
2.72338 0.11214
2.70668 0.145725
2.68998 0.163116
2.67327 0.170623
2.65657 0.181118
2.63986 0.208242
2.62316 0.273366
2.60645 0.303734
2.58975 0.338169
2.57304 0.348562
2.55634 0.369886
2.53964 0.379067
2.52293 0.449898
2.50623 0.499464
2.48952 0.558981
2.47282 0.582343
2.45611 0.612993
2.43941 0.689863
2.42271 0.751609
2.406 0.848216
2.3893 0.90723
2.37259 0.968093
2.35589 1.03421
2.33918 1.12044
2.32248 1.1976
2.30577 1.30184
2.28907 1.38506
2.27237 1.44808
2.25566 1.51381
2.23896 1.55798
2.22225 1.65341
2.20555 1.73413
2.18884 1.79574
2.17214 1.8491
2.15543 1.88938
2.13873 1.97215
2.12203 2.08348
2.10532 2.18894
2.08862 2.28115
2.07191 2.37133
2.05521 2.38323
2.0385 2.41639
2.0218 2.42397
2.00509 2.40017
1.98839 2.40393
1.97169 2.41072
1.95498 2.4094
1.93828 2.44305
1.92157 2.47219
1.90487 2.49832
1.88816 2.51264
1.87146 2.49972
1.85475 2.52206
1.83805 2.5742
1.82135 2.65775
1.80464 2.76006
1.78794 2.87568
1.77123 2.99692
1.75453 3.09907
1.73782 3.187
1.72112 3.2101
1.70442 3.26448
1.68771 3.29984
1.67101 3.3312
1.6543 3.37981
1.6376 3.44157
1.62089 3.53982
1.60419 3.63635
1.58749 3.71771
1.57078 3.81672
1.55408 3.9413
1.53737 4.10438
1.52067 4.2745
1.50396 4.43532
1.48726 4.57932
1.47055 4.73953
1.45385 4.849
1.43715 4.961
1.42044 5.08161
1.40374 5.20556
1.38703 5.30142
1.37033 5.42844
1.35362 5.56457
1.33692 5.72246
1.32021 5.9143
1.30351 6.08996
1.28681 6.25374
1.2701 6.42529
1.2534 6.58864
1.23669 6.82717
1.21999 7.08799
1.20328 7.34215
1.18658 7.56832
1.16987 7.8336
1.15317 8.0574
1.13647 8.32491
1.11976 8.57507
1.10306 8.8497
1.08635 9.13098
1.06965 9.43595
1.05295 9.74174
1.03624 10.0324
1.01954 10.3455
1.00283 10.6134
0.986127 10.8883
0.969423 11.1727
0.952718 11.4594
0.936014 11.7583
0.91931 12.0558
0.902605 12.3632
0.885901 12.6465
0.869196 12.9503
0.852492 13.2543
0.835788 13.603
0.819083 13.9249
0.802379 14.2403
0.785674 14.5252
0.76897 14.7824
0.752266 15.0498
0.735561 15.2929
0.718857 15.5455
0.702152 15.7261
0.685448 15.8946
0.668744 16.014
0.652039 16.1873
0.635335 16.418
0.61863 16.6598
0.601926 16.8485
0.585222 17.0564
0.568517 17.188
0.551813 17.3072
0.535108 17.3736
0.518404 17.4132
0.5017 17.4335
0.484995 17.4089
0.468291 17.4017
0.451587 17.3688
0.434882 17.3414
0.418178 17.3015
0.401473 17.2792
0.384769 17.2352
0.368065 17.1868
0.35136 17.1256
0.334656 17.0952
0.317951 17.0686
0.301247 17.0218
0.284543 16.9779
0.267838 16.9319
0.251134 16.8739
0.23443 16.8527
0.217725 16.8654
0.201021 16.8598
0.184316 16.8683
0.167612 16.844
0.150908 16.8345
0.134203 16.8135
0.117499 16.8037
0.100794 16.7749
0.08409 16.759
0.0673856 16.7168
0.0506812 16.7084
0.0339768 16.7041
0.0172724 16.6985
0.000568043 16.7044
-0.0161364 16.7002
-0.0328407 16.6878
-0.0495451 16.678
-0.0662495 16.6508
-0.0829539 16.6127
-0.0996583 16.5548
-0.116363 16.5494
-0.133067 16.6808
-0.149772 16.4448
-0.166476 14.8915
