0 86.1069 33.0756 33.0756
0.0167742 85.0772 33.0262 33.0262
0.0335485 84.0088 32.9951 32.9951
0.0503227 82.9389 32.841 32.841
0.0670969 81.8518 32.5433 32.5433
0.0838711 80.7996 32.1165 32.1165
0.100645 79.7797 31.6375 31.6375
0.11742 78.7646 31.0946 31.0946
0.134194 77.7471 30.51 30.51
0.150968 76.6864 29.9639 29.9639
0.167742 75.6099 29.5382 29.5382
0.184516 74.5825 29.175 29.175
0.201291 73.5859 28.7567 28.7567
0.218065 72.6022 28.2774 28.2774
0.234839 71.6006 27.7544 27.7544
0.251613 70.5718 27.2849 27.2849
0.268388 69.5489 26.9008 26.9008
0.285162 68.554 26.5642 26.5642
0.301936 67.5994 26.1799 26.1799
0.31871 66.6349 25.7728 25.7728
0.335485 65.6627 25.3153 25.3153
0.352259 64.6466 24.9101 24.9101
0.369033 63.6414 24.5667 24.5667
0.385807 62.6747 24.2426 24.2426
0.402581 61.7803 23.8584 23.8584
0.419356 60.9018 23.4268 23.4268
0.43613 59.9976 22.9373 22.9373
0.452904 59.0642 22.4639 22.4639
0.469678 58.1226 22.0225 22.0225
0.486453 57.2217 21.5591 21.5591
0.503227 56.3627 21.0715 21.0715
0.520001 55.4983 20.5746 20.5746
0.536775 53.6986 20.0541 20.0542
0.553549 52.7842 19.5659 19.566
0.570324 51.9167 19.1788 19.1789
0.587098 51.1036 18.7775 18.7776
0.603872 50.2965 18.3876 18.3877
0.620646 49.4796 17.9575 17.9577
0.637421 48.6468 17.5094 17.5096
0.654195 47.8241 17.1109 17.1111
0.670969 47.0098 16.7246 16.7248
0.687743 46.2236 16.3721 16.3724
0.704517 45.4383 15.9958 15.9961
0.721292 44.6243 15.5959 15.5963
0.738066 43.7956 15.1815 15.1819
0.75484 42.9624 14.8485 14.849
0.771614 42.1636 14.5853 14.5859
0.788389 41.4152 14.3154 14.3161
0.805163 40.6771 14.0282 14.0291
0.821937 39.9105 13.7026 13.7036
0.838711 39.1245 13.3772 13.3784
0.855486 38.3272 13.1206 13.122
0.87226 37.572 12.9447 12.9464
0.889034 36.8497 12.7448 12.7469
0.905808 36.1303 12.5445 12.547
0.922582 35.3931 12.2954 12.2984
0.939357 34.637 12.0272 12.0307
0.956131 33.8846 11.776 11.7802
0.972905 33.1757 11.5217 11.5266
0.989679 32.5194 11.2781 11.2837
1.00645 31.8719 10.9856 10.9919
1.02323 31.2071 10.9856 10.9935
1.04 30.524 10.4063 10.4145
1.05678 29.8438 10.2117 10.2214
1.07355 29.2104 10.0869 10.0984
1.09032 28.6207 10.0869 10.1009
1.1071 28.0314 9.79761 9.81303
1.12387 27.4182 9.66202 9.68009
1.14065 26.7792 9.52789 9.54924
1.15742 26.1483 9.52789 9.55415
1.1742 25.5676 9.44503 9.47592
1.19097 25.0271 9.40666 9.44302
1.20774 24.481 9.31422 9.35629
1.22452 23.9083 9.31422 9.36474
1.24129 23.3148 9.11731 9.1746
1.25807 22.7194 9.10724 9.17611
1.27484 22.1612 9.15242 9.23548
1.29162 21.6531 9.15242 9.2495
1.30839 21.1474 9.18133 9.29547
1.32516 20.628 9.15765 9.29
1.34194 20.0901 9.17791 9.33383
1.35871 19.5554 9.17791 9.35978
1.37549 19.0618 9.32397 9.54163
1.39226 18.5857 9.37152 9.62261
1.40903 18.105 9.39364 9.68048
1.42581 17.5963 9.39364 9.72032
1.44258 17.0776 9.43297 9.80742
1.45936 16.5861 9.5328 9.96195
1.47613 16.1959 9.62501 10.1011
1.49291 15.8664 9.62501 10.1339
1.50968 15.5399 9.78023 10.337
1.52645 15.1943 9.8574 10.455
1.54323 14.8175 9.9974 10.641
1.56 14.4355 9.9974 10.6703
1.57678 14.0866 10.3934 11.1049
1.59355 13.7498 10.5727 11.2898
1.61033 13.4032 10.6989 11.4003
1.6271 13.0443 10.6989 11.372
1.64387 12.6613 11.0065 11.577
1.66065 12.3 11.265 11.68
1.67742 11.9558 11.5411 11.7318
1.6942 11.6309 11.5411 11.5852
1.71097 11.2939 11.9941 11.5967
1.72775 10.9233 12.2221 11.4125
1.74452 10.5402 12.504 11.1651
1.76129 10.1707 12.504 10.8426
1.77807 9.87445 13.0153 10.5911
1.79484 9.64022 13.2393 10.3542
1.81162 9.39414 13.4451 10.0908
1.82839 9.10407 13.4451 9.78355
1.84516 8.80106 13.9399 9.41695
1.86194 8.5291 14.2239 9.09228
1.87871 8.3393 14.5247 8.8538
1.89549 8.21347 14.5247 8.7154
1.91226 8.08222 15.0094 8.5235
1.92904 7.91669 15.2427 8.32015
1.94581 7.71799 15.4766 8.08234
1.96258 7.52817 15.4766 7.8761
1.97936 7.31961 15.9634 7.61153
1.99613 7.10749 16.1467 7.3706
2.01291 6.86732 16.2808 7.10523
2.02968 6.58483 16.2808 6.80502
2.04646 6.28218 16.4586 6.47472
2.06323 5.99759 17.1037 6.14493
2.08 5.80034 17.4682 5.92514
2.09678 5.66246 17.4682 5.78223
2.11355 5.32548 18.0486 5.41617
2.13033 5.10733 18.2914 5.18601
2.1471 4.8694 18.4586 4.93876
2.16388 4.62644 18.4586 4.69072
2.18065 4.36529 18.5472 4.42287
2.19742 4.10531 18.5899 4.15763
2.2142 3.81586 18.5881 3.8636
2.23097 3.50511 18.5881 3.54833
2.24775 3.2207 18.5836 3.2602
2.26452 3.017 18.6117 3.05366
2.28129 2.84106 18.6103 2.87571
2.29807 2.67758 18.6103 2.71044
2.31484 2.48097 18.5677 2.51222
2.33162 2.27115 18.3452 2.30254
2.34839 2.07498 18.2513 2.10534
2.36517 1.9302 18.2513 1.95916
2.38194 1.79987 18.1564 1.82849
2.39871 1.66271 18.0619 1.69094
2.41549 1.49594 17.9454 1.52372
2.43226 1.31865 17.9454 1.34485
2.44904 1.14744 17.8237 1.17323
2.46581 1.03756 17.6994 1.06347
2.48259 0.959469 17.6745 0.98493
2.49936 0.860251 17.6745 0.884898
2.51613 0.735274 17.5395 0.760002
2.53291 0.594506 17.4486 0.618832
2.54968 0.46476 17.4108 0.488363
2.56646 0.384408 17.4108 0.407396
2.58323 0.348661 17.392 0.371521
2.60001 0.319748 17.3516 0.342695
2.61678 0.262801 17.2871 0.285805
2.63355 0.0947881 17.2871 0.116555
2.65033 0.0668429 17.1907 0.0891058
2.6671 0.0797834 17.2029 0.102052
2.68388 0.0681293 17.2038 0.0903058
2.70065 0.0296157 17.2038 0.0515129
2.71742 -0.038092 17.1709 -0.0164445
2.7342 -0.0990271 17.0551 -0.0769849
2.75097 -0.111463 17.0178 -0.0892397
2.76775 -0.0739813 17.0178 -0.0514821
2.78452 -0.0443646 16.9952 -0.0214757
2.8013 -0.0590478 16.9339 -0.0358055
2.81807 -0.114264 16.8493 -0.0907958
2.83484 -0.145859 16.8493 -0.122633
2.85162 -0.137715 16.7405 -0.11358
2.86839 -0.0876604 16.7532 -0.063228
2.88517 -0.0527714 16.7325 -0.0278896
2.90194 -0.0562818 16.7325 -0.0314285
2.91872 -0.0914139 16.6356 -0.0660524
2.93549 -0.127775 16.5785 -0.10224
2.95226 -0.117793 16.5929 -0.0922954
2.96904 -0.0712796 16.5929 -0.0453908
2.98581 -0.0206615 16.6624 0.00506775
3.00259 0.00439922 16.7129 0.029915
3.01936 -0.00767488 16.6804 0.0180122
3.03613 -0.0543968 16.6804 -0.0290999
3.05291 -0.131853 16.5324 -0.105965
3.06968 -0.220701 16.4183 -0.194598
3.08646 -0.329145 16.3177 -0.303109
3.10323 -0.468988 16.3177 -0.444118
3.12001 -0.533778 16.2489 -0.508875
3.13678 -0.989095 15.3467 -0.960274
3.15355 -1.82511 15.29 -1.80278
3.17033 -1.82511 15.29 0
3.1871 -1.82511 15.29 0
3.20388 -1.82511 15.29 0
3.22065 -1.82511 15.29 0
3.23743 -1.82511 15.29 0
3.2542 -1.82511 15.29 0
3.27097 -1.82511 15.29 0
3.28775 -1.82511 15.29 0
3.30452 -1.82511 15.29 0
3.3213 -1.82511 15.29 0
3.33807 -1.82511 15.29 0

