3.15774 -0.0267366
3.14109 -0.1268
3.12444 -0.440627
3.10779 0.0157827
3.09114 -0.101805
3.07449 -0.0480649
3.05783 -0.0222131
3.04118 -0.0186841
3.02453 -0.00970929
3.00788 0
2.99123 0.0295743
2.97458 -0.00038494
2.95792 0.00036661
2.94127 0.0109776
2.92462 0.0234324
2.90797 0.0655092
2.89132 0.104289
2.87466 0.099455
2.85801 0.112159
2.84136 0.148321
2.82471 0.190769
2.80806 0.229106
2.79141 0.265306
2.77475 0.298029
2.7581 0.311492
2.74145 0.356078
2.7248 0.387484
2.70815 0.440921
2.6915 0.484409
2.67484 0.505302
2.65819 0.532729
2.64154 0.583985
2.62489 0.641269
2.60824 0.695894
2.59159 0.777989
2.57493 0.825621
2.55828 0.887573
2.54163 0.939424
2.52498 1.0528
2.50833 1.09289
2.49168 1.17119
2.47502 1.20541
2.45837 1.24524
2.44172 1.32347
2.42507 1.37572
2.40842 1.41127
2.39177 1.4536
2.37511 1.4478
2.35846 1.42496
2.34181 1.35069
2.32516 1.30053
2.30851 1.19691
2.29186 1.05721
2.2752 0.923446
2.25855 0.777554
2.2419 0.545829
2.22525 0.284864
2.2086 -0.00702128
2.19195 -0.307216
2.17529 -0.630713
2.15864 -0.944834
2.14199 -1.28264
2.12534 -1.64335
2.10869 -1.98723
2.09204 -2.33053
2.07538 -2.70658
2.05873 -3.05209
2.04208 -3.39543
2.02543 -3.6937
2.00878 -4.00379
1.99212 -4.32791
1.97547 -4.64016
1.95882 -4.98442
1.94217 -5.29512
1.92552 -5.58659
1.90887 -5.90762
1.89221 -6.21298
1.87556 -6.51584
1.85891 -6.7939
1.84226 -7.09796
1.82561 -7.35004
1.80896 -7.5954
1.79231 -7.85763
1.77565 -8.09543
1.759 -8.32993
1.74235 -8.55551
1.7257 -8.74061
1.70905 -8.87734
1.6924 -9.03842
1.67574 -9.18176
1.65909 -9.31776
1.64244 -9.49571
1.62579 -9.68322
1.60914 -9.91537
1.59248 -10.1359
1.57583 -10.3562
1.55918 -10.5578
1.54253 -10.7862
1.52588 -10.9355
1.50923 -11.0906
1.49257 -11.2432
1.47592 -11.4222
1.45927 -11.586
1.44262 -11.6859
1.42597 -11.7971
1.40932 -11.8264
1.39266 -11.8964
1.37601 -11.9601
1.35936 -12.0507
1.34271 -12.1119
1.32606 -12.1867
1.3094 -12.2972
1.29275 -12.3661
1.2761 -12.461
1.25945 -12.5331
1.2428 -12.6097
1.22615 -12.6363
1.20949 -12.6547
1.19284 -12.6774
1.17619 -12.6997
1.15954 -12.7332
1.14289 -12.7757
1.12624 -12.846
1.10959 -12.9333
1.09293 -13.0174
1.07628 -13.0865
1.05963 -13.1695
1.04298 -13.2263
1.02633 -13.2172
1.00968 -13.2169
0.993023 -13.1985
0.976371 -13.2214
0.95972 -13.224
0.943068 -13.257
0.926416 -13.2554
0.909765 -13.2588
0.893113 -13.3028
0.876461 -13.3394
0.85981 -13.3573
0.843158 -13.3702
0.826506 -13.4028
0.809855 -13.4323
0.793203 -13.4692
0.776551 -13.5043
0.759899 -13.557
0.743248 -13.6008
0.726596 -13.6305
0.709944 -13.6633
0.693293 -13.7115
0.676641 -13.7697
0.659989 -13.8255
0.643338 -13.9267
0.626686 -14.0274
0.610034 -14.1388
0.593382 -14.2164
0.576731 -14.3421
0.560079 -14.4538
0.543427 -14.5982
0.526776 -14.6741
0.510124 -14.7628
0.493472 -14.8681
0.47682 -14.9714
0.460169 -15.1012
0.443517 -15.1976
0.426865 -15.288
0.410214 -15.3594
0.393562 -15.4313
0.37691 -15.49
0.360259 -15.5794
0.343607 -15.6419
0.326955 -15.6888
0.310304 -15.7512
0.293652 -15.8071
0.277 -15.8666
0.260348 -15.9497
0.243697 -15.9981
0.227045 -16.0507
0.210393 -16.0842
0.193742 -16.1347
0.17709 -16.1831
0.160438 -16.2232
0.143787 -16.2475
0.127135 -16.2683
0.110483 -16.2686
0.0938314 -16.2846
0.0771797 -16.3288
0.060528 -16.3314
0.0438763 -16.343
0.0272246 -16.3437
0.0105729 -16.3335
-0.00607878 -16.3316
-0.0227305 -16.3302
-0.0393822 -16.3493
-0.0560339 -16.315
-0.0726856 -16.2984
-0.0893373 -16.3553
-0.105989 -16.3382
-0.122641 -16.515
-0.139292 -16.2937
-0.155944 -16.5385
