3.16345 -1.81608
3.1467 -1.50126
3.12995 -0.676312
3.1132 -0.451437
3.09645 -0.323888
3.0797 -0.192653
3.06295 -0.070619
3.0462 -0.013276
3.02946 0.029227
3.01271 0.036994
2.99596 0
2.97921 -0.085187
2.96246 -0.190736
2.94571 -0.286332
2.92896 -0.299978
2.91221 -0.315346
2.89546 -0.36211
2.87872 -0.46349
2.86197 -0.598133
2.84522 -0.69488
2.82847 -0.714847
2.81172 -0.762207
2.79497 -0.814717
2.77822 -0.954961
2.76147 -1.08607
2.74472 -1.18363
2.72798 -1.21249
2.71123 -1.23847
2.69448 -1.30974
2.67773 -1.40596
2.66098 -1.54033
2.64423 -1.64167
2.62748 -1.63652
2.61073 -1.65139
2.59398 -1.67324
2.57724 -1.74943
2.56049 -1.86036
2.54374 -1.9233
2.52699 -1.93075
2.51024 -1.91603
2.49349 -1.94556
2.47674 -1.99437
2.45999 -2.09183
2.44325 -2.13448
2.4265 -2.12896
2.40975 -2.13493
2.393 -2.14469
2.37625 -2.21225
2.3595 -2.32421
2.34275 -2.38457
2.326 -2.367
2.30925 -2.38951
2.29251 -2.47367
2.27576 -2.63943
2.25901 -2.83042
2.24226 -3.04791
2.22551 -3.21965
2.20876 -3.37674
2.19201 -3.605
2.17526 -3.91628
2.15851 -4.26862
2.14177 -4.60981
2.12502 -4.91247
2.10827 -5.2112
2.09152 -5.54349
2.07477 -5.98586
2.05802 -6.47406
2.04127 -6.94614
2.02452 -7.34115
2.00778 -7.66948
1.99103 -8.05716
1.97428 -8.4969
1.95753 -8.94996
1.94078 -9.39371
1.92403 -9.77476
1.90728 -10.11
1.89053 -10.4778
1.87379 -10.8445
1.85704 -11.2601
1.84029 -11.6466
1.82354 -11.9691
1.80679 -12.2372
1.79004 -12.5294
1.77329 -12.8736
1.75654 -13.2343
1.73979 -13.55
1.72304 -13.7949
1.7063 -14.0097
1.68955 -14.2711
1.6728 -14.5336
1.65605 -14.827
1.6393 -15.0891
1.62255 -15.2956
1.6058 -15.4938
1.58906 -15.7162
1.57231 -15.962
1.55556 -16.2231
1.53881 -16.4373
1.52206 -16.5604
1.50531 -16.6597
1.48856 -16.8204
1.47181 -16.9855
1.45506 -17.1469
1.43832 -17.3004
1.42157 -17.3868
1.40482 -17.4769
1.38807 -17.5935
1.37132 -17.7136
1.35457 -17.8332
1.33782 -17.8921
1.32107 -17.9028
1.30432 -17.9306
1.28757 -17.9832
1.27083 -18.0552
1.25408 -18.0812
1.23733 -18.0213
1.22058 -17.8835
1.20383 -17.7751
1.18708 -17.7152
1.17033 -17.6551
1.15359 -17.6067
1.13684 -17.509
1.12009 -17.3986
1.10334 -17.295
1.08659 -17.2181
1.06984 -17.16
1.05309 -17.0663
1.03634 -16.887
1.01959 -16.6994
1.00284 -16.5654
0.986096 -16.42
0.969348 -16.3068
0.952599 -16.1576
0.93585 -15.9409
0.919101 -15.6572
0.902352 -15.4276
0.885603 -15.2044
0.868854 -15.0205
0.852106 -14.7705
0.835357 -14.4648
0.818608 -14.1655
0.801859 -13.8984
0.78511 -13.6543
0.768361 -13.4214
0.751613 -13.1776
0.734864 -12.9061
0.718115 -12.5953
0.701366 -12.32
0.684617 -12.0658
0.667868 -11.8318
0.65112 -11.5258
0.634371 -11.1514
0.617622 -10.7826
0.600873 -10.4282
0.584124 -10.1232
0.567375 -9.83597
0.550627 -9.47747
0.533878 -9.10289
0.517129 -8.73382
0.50038 -8.41139
0.483631 -8.11896
0.466882 -7.87638
0.450134 -7.62851
0.433385 -7.35388
0.416636 -7.12081
0.399887 -6.94123
0.383138 -6.81319
0.366389 -6.73994
0.34964 -6.63577
0.332892 -6.5225
0.316143 -6.41688
0.299394 -6.34171
0.282645 -6.31207
0.265896 -6.30696
0.249147 -6.28516
0.232399 -6.23344
0.21565 -6.17209
0.198901 -6.16111
0.182152 -6.17733
0.165403 -6.22508
0.148654 -6.22643
0.131906 -6.18683
0.115157 -6.11452
0.0984079 -6.05714
0.081659 -6.06717
0.0649102 -6.10507
0.0481613 -6.10143
0.0314125 -6.07643
0.0146637 -6.02691
-0.00208518 -6.00221
-0.018834 -6.00444
-0.0355829 -6.03287
-0.0523317 -6.10586
-0.0690805 -6.18562
-0.0858294 -6.2926
-0.102578 -6.57774
-0.119327 -6.82294
-0.136076 -6.52589
-0.152825 -7.42698
-0.169574 -5.40423
