3.16324 16.5488
3.14643 17.6384
3.12962 17.9873
3.11282 18.0497
3.09601 18.2995
3.0792 18.4057
3.0624 18.5399
3.04559 18.618
3.02879 18.6737
3.01198 18.7071
2.99517 18.7
2.97837 18.663
2.96156 18.5999
2.94475 18.5777
2.92795 18.6204
2.91114 18.6614
2.89434 18.6628
2.87753 18.6304
2.86072 18.584
2.84392 18.5742
2.82711 18.6404
2.81031 18.6973
2.7935 18.7206
2.77669 18.7215
2.75989 18.6979
2.74308 18.7097
2.72627 18.79
2.70947 18.8629
2.69266 18.9042
2.67585 18.9216
2.65905 18.9249
2.64224 18.9882
2.62544 19.0985
2.60863 19.1928
2.59182 19.2661
2.57502 19.3002
2.55821 19.3296
2.5414 19.4354
2.5246 19.5751
2.50779 19.7147
2.49098 19.8084
2.47418 19.8714
2.45737 19.9345
2.44057 20.0612
2.42376 20.2503
2.40695 20.4176
2.39015 20.57
2.37334 20.6896
2.35654 20.8036
2.33973 20.9515
2.32292 21.087
2.30612 21.1927
2.28931 21.2426
2.2725 21.2461
2.2557 21.2305
2.23889 21.2977
2.22208 21.4035
2.20528 21.4899
2.18847 21.5196
2.17167 21.4888
2.15486 21.4079
2.13805 21.2961
2.12125 21.1447
2.10444 20.9576
2.08764 20.7126
2.07083 20.4377
2.05402 20.0965
2.03722 19.769
2.02041 19.4863
2.0036 19.204
1.9868 18.8947
1.96999 18.5476
1.95318 18.2042
1.93638 17.9263
1.91957 17.7425
1.90277 17.5528
1.88596 17.3206
1.86915 17.0524
1.85235 16.7538
1.83554 16.49
1.81873 16.2795
1.80193 16.0694
1.78512 15.8253
1.76832 15.5617
1.75151 15.3024
1.7347 15.1149
1.7179 14.9841
1.70109 14.8538
1.68428 14.6918
1.66748 14.5088
1.65067 14.3256
1.63386 14.2081
1.61706 14.1121
1.60025 14.0065
1.58345 13.8711
1.56664 13.7159
1.54983 13.5749
1.53303 13.5122
1.51622 13.4881
1.49941 13.4473
1.48261 13.3797
1.4658 13.2906
1.449 13.2252
1.43219 13.2378
1.41538 13.2857
1.39858 13.31
1.38177 13.3033
1.36496 13.2797
1.34816 13.2865
1.33135 13.3373
1.31455 13.3998
1.29774 13.4266
1.28093 13.4264
1.26413 13.4171
1.24732 13.4572
1.23051 13.5949
1.21371 13.7343
1.1969 13.8644
1.18009 13.9704
1.16329 14.06
1.14648 14.1909
1.12968 14.3762
1.11287 14.5577
1.09606 14.7184
1.07926 14.841
1.06245 14.9668
1.04564 15.1408
1.02884 15.3543
1.01203 15.5658
0.995226 15.7367
0.97842 15.8916
0.961614 16.0312
0.944807 16.2032
0.928001 16.4163
0.911195 16.6034
0.894388 16.7947
0.877582 16.9403
0.860776 17.0861
0.84397 17.2685
0.827163 17.4547
0.810357 17.62
0.793551 17.7468
0.776744 17.8405
0.759938 17.9263
0.743132 18.0177
0.726326 18.1099
0.709519 18.173
0.692713 18.2048
0.675907 18.1735
0.6591 18.1615
0.642294 18.2387
0.625488 18.4099
0.608682 18.5632
0.591875 18.6868
0.575069 18.7435
0.558263 18.7903
0.541456 18.8819
0.52465 18.9908
0.507844 19.068
0.491038 19.1042
0.474231 19.0834
0.457425 19.0573
0.440619 19.0488
0.423812 19.0781
0.407006 19.1079
0.3902 19.0905
0.373394 19.0415
0.356587 18.9878
0.339781 18.9766
0.322975 19.0258
0.306169 19.0626
0.289362 19.0741
0.272556 19.0351
0.25575 18.9938
0.238943 18.9882
0.222137 19.0157
0.205331 19.0377
0.188525 19.0384
0.171718 18.9966
0.154912 18.9521
0.138106 18.9559
0.121299 18.9953
0.104493 19.0248
0.0876868 19.0213
0.0708805 18.9956
0.0540742 18.9549
0.0372679 18.965
0.0204616 19.0132
0.00365535 19.0381
-0.0131509 19.0283
-0.0299572 19.0074
-0.0467635 18.9472
-0.0635698 18.9233
-0.0803761 18.8313
-0.0971824 18.77
-0.113989 18.5572
-0.130795 18.5439
-0.147601 18.0435
-0.164408 19.3679
-0.181214 18.5923
3.17533 -1.40395
3.15865 -1.27719
3.14197 -1.16163
3.12529 -0.999296
3.10861 -0.725272
3.09193 -0.495096
3.07525 -0.362359
3.05857 -0.217285
3.04189 -0.133924
3.02521 -0.045283
3.00853 -0.018012
2.99185 0
2.97517 -0.012524
2.95849 -0.055634
2.94181 -0.042788
2.92513 0.038371
2.90845 0.089931
2.89177 0.114371
2.87509 0.103242
2.85841 0.080685
2.84173 0.095603
2.82505 0.169441
2.80837 0.23468
2.79169 0.266566
2.77501 0.26461
2.75833 0.258862
2.74165 0.267208
2.72497 0.341975
2.70828 0.389512
2.6916 0.420276
2.67492 0.39853
2.65824 0.365697
2.64156 0.386088
2.62488 0.476031
2.6082 0.548727
2.59152 0.608253
2.57484 0.589033
2.55816 0.572677
2.54148 0.61501
2.5248 0.679527
2.50812 0.742261
2.49144 0.759827
2.47476 0.752469
2.45808 0.706113
2.4414 0.687243
2.42472 0.74291
2.40804 0.777917
2.39136 0.767729
2.37468 0.712121
2.358 0.650479
2.34132 0.627713
2.32464 0.636135
2.30796 0.681749
2.29128 0.669274
2.2746 0.617508
2.25792 0.561134
2.24124 0.540561
2.22456 0.553275
2.20788 0.572984
2.1912 0.528076
2.17452 0.442228
2.15784 0.323048
2.14116 0.241635
2.12448 0.214244
2.1078 0.192695
2.09112 0.094031
2.07444 -0.052795
2.05776 -0.269311
2.04108 -0.488706
2.0244 -0.648883
2.00772 -0.815465
1.99104 -1.02769
1.97436 -1.28526
1.95768 -1.59544
1.941 -1.85694
1.92431 -2.0489
1.90763 -2.21843
1.89095 -2.42783
1.87427 -2.6741
1.8576 -2.93098
1.84091 -3.14633
1.82423 -3.2806
1.80755 -3.42893
1.79087 -3.6181
1.77419 -3.84379
1.75751 -4.10548
1.74083 -4.28896
1.72415 -4.38964
1.70747 -4.46862
1.69079 -4.58246
1.67411 -4.74137
1.65743 -4.91516
1.64075 -5.05235
1.62407 -5.10958
1.60739 -5.13253
1.59071 -5.1902
1.57403 -5.28859
1.55735 -5.36073
1.54067 -5.40021
1.52399 -5.41096
1.50731 -5.42716
1.49063 -5.46762
1.47395 -5.51369
1.45727 -5.55011
1.44059 -5.52641
1.42391 -5.47535
1.40723 -5.41552
1.39055 -5.39691
1.37387 -5.38951
1.35719 -5.34303
1.34051 -5.16623
1.32383 -4.89877
1.30715 -4.61162
1.29047 -4.38936
1.27379 -4.19023
1.25711 -3.97379
1.24043 -3.76242
1.22375 -3.542
1.20707 -3.29042
1.19039 -3.07336
1.17371 -2.83964
1.15703 -2.59508
1.14035 -2.27757
1.12367 -1.96354
1.10699 -1.65511
1.09031 -1.34489
1.07363 -1.0631
1.05695 -0.740645
1.04026 -0.324537
1.02358 0.090435
1.0069 0.514385
0.990224 0.933191
0.973544 1.34963
0.956864 1.84807
0.940184 2.42378
0.923504 3.02477
0.906823 3.58886
0.890143 4.14363
0.873463 4.67282
0.856783 5.22762
0.840103 5.82217
0.823422 6.39804
0.806742 6.95981
0.790062 7.49177
0.773382 8.03215
0.756702 8.64931
0.740021 9.35924
0.723341 10.0599
0.706661 10.7666
0.689981 11.4454
0.673301 12.1014
0.656621 12.7723
0.63994 13.4324
0.62326 14.1041
0.60658 14.7523
0.5899 15.4126
0.573219 16.0949
0.556539 16.8589
0.539859 17.6456
0.523179 18.4374
0.506499 19.2154
0.489818 19.9388
0.473138 20.7203
0.456458 21.5945
0.439778 22.4759
0.423098 23.3704
0.406417 24.2113
0.389737 25.0571
0.373057 25.9038
0.356377 26.8092
0.339697 27.7926
0.323016 28.7549
0.306336 29.6794
0.289656 30.6021
0.272976 31.5866
0.256296 32.66
0.239616 33.7057
0.222935 34.7404
0.206255 35.7767
0.189575 36.7731
0.172895 37.7944
0.156215 38.829
0.139534 39.8329
0.122854 40.7988
0.106174 41.7412
0.0894938 42.6712
0.0728136 43.6546
0.0561334 44.7181
0.0394532 45.8146
0.022773 46.8865
0.00609283 47.9339
-0.0105874 48.9308
-0.0272676 49.9618
-0.0439478 50.9248
-0.0606279 51.8033
-0.0773081 52.763
-0.0939883 53.3583
-0.110669 54.3769
-0.127349 55.3151
-0.144029 55.9407
3.18245 31.5132
3.16578 28.6979
3.14911 30.6184
3.13244 30.5064
3.11577 30.7163
3.09909 30.7978
3.08242 31.1075
3.06575 31.1745
3.04908 31.2465
3.03241 31.2945
3.01573 31.3268
2.99906 31.3
2.98239 31.2289
2.96572 31.1504
2.94905 31.0698
2.93237 31.0308
2.9157 31.0068
2.89903 30.992
2.88236 30.8941
2.86569 30.7743
2.84902 30.6576
2.83234 30.6233
2.81567 30.6346
2.799 30.6311
2.78233 30.5825
2.76566 30.5047
2.74898 30.4151
2.73231 30.3856
2.71564 30.3342
2.69897 30.2643
2.68229 30.1373
2.66562 29.9775
2.64895 29.8108
2.63228 29.6995
2.61561 29.6354
2.59893 29.5552
2.58226 29.4592
2.56559 29.3205
2.54892 29.1782
2.53225 29.0864
2.51558 29.0168
2.4989 28.9499
2.48223 28.8247
2.46556 28.6597
2.44889 28.5359
2.43221 28.5476
2.41554 28.6167
2.39887 28.6703
2.3822 28.6934
2.36553 28.6843
2.34885 28.6963
2.33218 28.7289
2.31551 28.7747
2.29884 28.7979
2.28217 28.7867
2.2655 28.7592
2.24882 28.8021
2.23215 28.9622
2.21548 29.1511
2.19881 29.3473
2.18214 29.5162
2.16546 29.6469
2.14879 29.7551
2.13212 29.9079
2.11545 30.0344
2.09878 30.1546
2.0821 30.2337
2.06543 30.2567
2.04876 30.3321
2.03209 30.4252
2.01542 30.5259
1.99874 30.5998
1.98207 30.6082
1.9654 30.5732
1.94873 30.539
1.93206 30.6245
1.91538 30.7293
1.89871 30.7542
1.88204 30.7082
1.86537 30.5951
1.8487 30.4807
1.83202 30.4378
1.81535 30.4594
1.79868 30.437
1.78201 30.3886
1.76534 30.3243
1.74866 30.2767
1.73199 30.2477
1.71532 30.2446
1.69865 30.215
1.68198 30.1615
1.66531 30.1071
1.64863 30.0495
1.63196 30.0521
1.61529 30.1223
1.59862 30.185
1.58194 30.2581
1.56527 30.3139
1.5486 30.3991
1.53193 30.5562
1.51526 30.7115
1.49859 30.8764
1.48191 31.0275
1.46524 31.1471
1.44857 31.3227
1.4319 31.5665
1.41522 31.8609
1.39855 32.1511
1.38188 32.4542
1.36521 32.7374
1.34854 33.0717
1.33187 33.4206
1.31519 33.7677
1.29852 34.0988
1.28185 34.417
1.26518 34.7357
1.2485 35.1491
1.23183 35.6175
1.21516 36.0858
1.19849 36.5422
1.18182 37.0007
1.16515 37.415
1.14847 37.8265
1.1318 38.2444
1.11513 38.6791
1.09846 39.096
1.08179 39.5114
1.06511 39.9774
1.04844 40.5749
1.03177 41.2108
1.0151 41.8749
0.998426 42.4858
0.981754 43.077
0.965082 43.6793
0.94841 44.2894
0.931738 44.8821
0.915066 45.4663
0.898394 46.0133
0.881722 46.5266
0.86505 47.0686
0.848378 47.6799
0.831706 48.3496
0.815034 49.0076
0.798362 49.6011
0.78169 50.1993
0.765018 50.8674
0.748346 51.6027
0.731674 52.3706
0.715002 53.1353
0.69833 53.849
0.681658 54.5863
0.664987 55.3195
0.648315 56.0778
0.631643 56.8451
0.614971 57.5918
0.598299 58.3217
0.581627 59.0619
0.564955 59.8825
0.548283 60.7923
0.531611 61.6788
0.514939 62.5627
0.498267 63.4341
0.481595 64.2824
0.464923 65.1431
0.448251 66.0337
0.431579 66.899
0.414907 67.7642
0.398235 68.5996
0.381563 69.4175
0.364891 70.2387
0.348219 71.0368
0.331547 71.8815
0.314875 72.6949
0.298203 73.5022
0.281531 74.3315
0.264859 75.1837
0.248187 76.0726
0.231515 76.9269
0.214843 77.7654
0.198171 78.578
0.181499 79.3995
0.164827 80.3518
0.148155 81.3882
0.131484 82.4155
0.114811 83.3752
0.0981395 84.2988
0.0814675 85.1795
0.0647956 86.0401
0.0481236 86.9023
0.0314516 87.7676
0.0147797 88.5907
-0.0018923 89.3902
-0.0185643 90.1737
-0.0352362 90.9518
-0.0519082 91.6818
-0.0685802 92.4197
-0.0852521 93.1944
-0.101924 93.8015
-0.118596 93.6441
-0.135268 95.7669
3.16809 1.06932
3.15149 -0.78627
3.13488 -1.3179
3.11828 -0.752805
3.10168 -0.616032
3.08507 -0.368666
3.06847 -0.244322
3.05187 -0.129525
3.03526 -0.066324
3.01866 -0.013829
3.00206 0
2.98545 -0.022009
2.96885 -0.069513
2.95225 -0.108729
2.93565 -0.069481
2.91904 -0.00649
2.90244 -0.000345
2.88584 0.002702
2.86923 -0.049859
2.85263 -0.07224
2.83603 -0.059822
2.81942 -0.004446
2.80282 0.006217
2.78622 -0.005924
2.76961 -0.059662
2.75301 -0.110174
2.73641 -0.117555
2.71981 -0.085173
2.7032 -0.080102
2.6866 -0.097924
2.67 -0.152198
2.65339 -0.198148
2.63679 -0.192314
2.62019 -0.164307
2.60358 -0.124128
2.58698 -0.163075
2.57038 -0.206297
2.55377 -0.291732
2.53717 -0.33246
2.52057 -0.338892
2.50396 -0.361214
2.48736 -0.403329
2.47076 -0.525329
2.45416 -0.672055
2.43755 -0.75761
2.42095 -0.76766
2.40435 -0.761668
2.38774 -0.77747
2.37114 -0.820487
2.35454 -0.896796
2.33793 -0.997416
2.32133 -1.08195
2.30473 -1.22025
2.28812 -1.38619
2.27152 -1.60123
2.25492 -1.84443
2.23832 -2.08881
2.22171 -2.25752
2.20511 -2.43398
2.18851 -2.6313
2.1719 -2.89
2.1553 -3.19939
2.1387 -3.44905
2.12209 -3.63235
2.10549 -3.78663
2.08889 -3.968
2.07228 -4.20315
2.05568 -4.46248
2.03908 -4.65327
2.02248 -4.83755
2.00587 -5.02422
1.98927 -5.23559
1.97267 -5.50447
1.95606 -5.82529
1.93946 -6.17871
1.92286 -6.51604
1.90625 -6.83103
1.88965 -7.14248
1.87305 -7.50447
1.85644 -7.87782
1.83984 -8.22345
1.82324 -8.50471
1.80663 -8.75224
1.79003 -9.03144
1.77343 -9.29574
1.75683 -9.57521
1.74022 -9.80632
1.72362 -9.95186
1.70702 -10.0984
1.69041 -10.2558
1.67381 -10.4379
1.65721 -10.6221
1.6406 -10.7422
1.624 -10.8214
1.6074 -10.8948
1.59079 -10.9549
1.57419 -11.0695
1.55759 -11.1597
1.54099 -11.2051
1.52438 -11.1866
1.50778 -11.1128
1.49118 -11.0729
1.47457 -11.0592
1.45797 -11.025
1.44137 -10.9404
1.42476 -10.7929
1.40816 -10.6529
1.39156 -10.5256
1.37495 -10.405
1.35835 -10.3018
1.34175 -10.1548
1.32515 -9.94625
1.30854 -9.73623
1.29194 -9.55042
1.27534 -9.34683
1.25873 -9.11095
1.24213 -8.71636
1.22553 -8.25408
1.20892 -7.78694
1.19232 -7.33012
1.17572 -6.88288
1.15911 -6.47878
1.14251 -6.06315
1.12591 -5.62808
1.1093 -5.16316
1.0927 -4.73225
1.0761 -4.23481
1.0595 -3.77343
1.04289 -3.27639
1.02629 -2.77972
1.00969 -2.29024
0.993084 -1.84635
0.976481 -1.3748
0.959878 -0.884497
0.943274 -0.324741
0.926671 0.239943
0.910068 0.78223
0.893465 1.31413
0.876862 1.84432
0.860259 2.43406
0.843656 3.07659
0.827053 3.72963
0.81045 4.38852
0.793847 5.00432
0.777243 5.62583
0.76064 6.27526
0.744037 7.00853
0.727434 7.73214
0.710831 8.42363
0.694228 9.10257
0.677625 9.75293
0.661022 10.4823
0.644419 11.2777
0.627816 12.0731
0.611213 12.8722
0.59461 13.6405
0.578006 14.4417
0.561403 15.2906
0.5448 16.1545
0.528197 17.0047
0.511594 17.8332
0.494991 18.636
0.478388 19.4603
0.461785 20.3805
0.445182 21.3265
0.428579 22.2562
0.411975 23.1466
0.395372 24.0334
0.378769 24.9225
0.362166 25.9139
0.345563 26.927
0.32896 27.9428
0.312357 28.9067
0.295754 29.886
0.279151 30.8384
0.262548 31.8388
0.245945 32.8411
0.229342 33.8519
0.212738 34.834
0.196135 35.8364
0.179532 36.8741
0.162929 38.0248
0.146326 39.2084
0.129723 40.394
0.11312 41.5472
0.0965168 42.71
0.0799137 43.8704
0.0633106 45.001
0.0467076 46.0779
0.0301045 47.152
0.0135014 48.1903
-0.00310172 49.2157
-0.0197048 50.1683
-0.0363079 51.1152
-0.052911 51.9864
-0.0695141 52.802
-0.0861172 53.4711
-0.10272 53.9361
-0.119323 54.3926
-0.135926 56.1699
3.16365 15.29
3.14688 15.3467
3.1301 16.2252
3.11333 16.2489
3.09656 16.3177
3.07978 16.4183
3.06301 16.5324
3.04623 16.6469
3.02946 16.6804
3.01268 16.7129
2.99591 16.7
2.97914 16.6624
2.96236 16.5929
2.94559 16.5785
2.92881 16.6356
2.91204 16.7211
2.89527 16.7325
2.87849 16.7532
2.86172 16.7229
2.84494 16.7405
2.82817 16.8493
2.81139 16.9339
2.79462 16.9952
2.77785 17.0237
2.76107 17.0178
2.7443 17.0551
2.72752 17.1139
2.71075 17.1709
2.69397 17.2038
2.6772 17.2029
2.66043 17.1907
2.64365 17.2188
2.62688 17.2871
2.6101 17.3516
2.59333 17.3947
2.57655 17.392
2.55978 17.4108
2.54301 17.4486
2.52623 17.5395
2.50946 17.6166
2.49268 17.6745
2.47591 17.6994
2.45913 17.7366
2.44236 17.8237
2.42559 17.9454
2.40881 18.0619
2.39204 18.1564
2.37526 18.1953
2.35849 18.2513
2.34172 18.3452
2.32494 18.4683
2.30817 18.5677
2.29139 18.6103
2.27462 18.6117
2.25784 18.5836
2.24107 18.5717
2.2243 18.5881
2.20752 18.5899
2.19075 18.565
2.17397 18.5472
2.1572 18.4586
2.14042 18.2914
2.12365 18.0486
2.10688 17.7616
2.0901 17.4682
2.07333 17.1037
2.05655 16.7396
2.03978 16.4586
2.023 16.2808
2.00623 16.1467
1.98946 15.9634
1.97268 15.737
1.95591 15.4766
1.93913 15.2427
1.92236 15.0094
1.90559 14.7527
1.88881 14.5247
1.87204 14.2239
1.85526 13.9399
1.83849 13.6696
1.82171 13.4451
1.80494 13.2393
1.78817 13.0153
1.77139 12.76
1.75462 12.504
1.73784 12.2221
1.72107 11.9941
1.70429 11.7739
1.68752 11.5411
1.67075 11.265
1.65397 11.0065
1.6372 10.8069
1.62042 10.6989
1.60365 10.5727
1.58687 10.3934
1.5701 10.2075
1.55333 9.9974
1.53655 9.8574
1.51978 9.78023
1.503 9.71994
1.48623 9.62501
1.46945 9.5328
1.45268 9.43297
1.43591 9.39635
1.41913 9.39364
1.40236 9.37152
1.38558 9.32397
1.36881 9.2506
1.35204 9.17791
1.33526 9.15765
1.31849 9.18133
1.30171 9.17657
1.28494 9.15242
1.26816 9.10724
1.25139 9.11731
1.23462 9.20853
1.21784 9.31422
1.20107 9.40666
1.18429 9.44503
1.16752 9.48707
1.15074 9.52789
1.13397 9.66202
1.1172 9.79761
1.10042 9.95503
1.08365 10.0869
1.06687 10.2117
1.0501 10.4063
1.03332 10.6915
1.01655 10.9856
0.999776 11.2781
0.983002 11.5217
0.966228 11.776
0.949453 12.0272
0.932679 12.2954
0.915905 12.5445
0.899131 12.7448
0.882356 12.9447
0.865582 13.1206
0.848808 13.3772
0.832034 13.7026
0.815259 14.0282
0.798485 14.3154
0.781711 14.5853
0.764937 14.8485
0.748162 15.1815
0.731388 15.5959
0.714614 15.9958
0.69784 16.3721
0.681065 16.7246
0.664291 17.1109
0.647517 17.5094
0.630743 17.9575
0.613969 18.3876
0.597194 18.7775
0.58042 19.1788
0.563646 19.5659
0.546871 20.0541
0.530097 20.5746
0.513323 21.0715
0.496549 21.5591
0.479774 22.0225
0.463 22.4639
0.446226 22.9373
0.429452 23.4268
0.412678 23.8584
0.395903 24.2426
0.379129 24.5667
0.362355 24.9101
0.345581 25.3153
0.328806 25.7728
0.312032 26.1799
0.295258 26.5642
0.278484 26.9008
0.261709 27.2849
0.244935 27.7544
0.228161 28.2774
0.211387 28.7567
0.194612 29.175
0.177838 29.5382
0.161064 29.9639
0.14429 30.51
0.127516 31.0946
0.110741 31.6375
0.093967 32.1165
0.0771928 32.5433
0.0604186 32.841
0.0436443 32.9951
0.0268701 33.0262
0.0100958 33.0756
-0.00667841 33.1006
-0.0234526 33.1074
-0.0402269 33.0755
-0.0570011 33.0163
-0.0737754 33.0004
-0.0905496 32.8686
-0.107324 32.8831
-0.124098 32.6838
-0.140872 32.4479
-0.157647 32.4328
-0.174421 16.7973
3.166 -2.21133
3.14936 -1.44383
3.13272 -0.52559
3.11608 -0.542395
3.09944 -0.389219
3.08279 -0.261738
3.06615 -0.173152
3.04951 -0.082434
3.03287 -0.019746
3.01623 0.007735
2.99959 0
2.98295 -0.048815
2.96631 -0.102912
2.94966 -0.13945
2.93302 -0.110209
2.91638 -0.062174
2.89974 -0.046801
2.8831 -0.06271
2.86646 -0.130641
2.84982 -0.15033
2.83318 -0.137602
2.81654 -0.06962
2.79989 -0.03809
2.78325 -0.05726
2.76661 -0.109626
2.74997 -0.115527
2.73333 -0.06113
2.71669 0.016878
2.70005 0.061209
2.68341 0.085983
2.66676 0.063135
2.65012 0.077215
2.63348 0.146035
2.61684 0.246438
2.6002 0.312592
2.58356 0.342487
2.56692 0.369172
2.55028 0.437383
2.53363 0.5645
2.51699 0.709194
2.50035 0.840001
2.48371 0.94581
2.46707 1.02029
2.45043 1.11878
2.43379 1.28999
2.41715 1.46976
2.40051 1.6427
2.38387 1.78223
2.36722 1.91248
2.35058 2.05159
2.33394 2.24746
2.3173 2.46009
2.30066 2.66195
2.28402 2.82572
2.26738 3.00118
2.25074 3.20035
2.23409 3.48516
2.21745 3.7996
2.20081 4.09288
2.18417 4.35488
2.16753 4.61873
2.15089 4.86376
2.13425 5.10392
2.11761 5.32412
2.10096 5.50547
2.08432 5.66254
2.06768 5.80152
2.05104 6.00088
2.0344 6.28925
2.01776 6.59476
2.00112 6.87882
1.98448 7.11914
1.96784 7.33161
1.9512 7.54172
1.93455 7.73176
1.91791 7.93288
1.90127 8.09672
1.88463 8.22593
1.86799 8.35253
1.85135 8.55147
1.83471 8.83524
1.81807 9.14369
1.80142 9.43371
1.78478 9.67509
1.76814 9.91031
1.7515 10.2204
1.73486 10.605
1.71822 10.9915
1.70158 11.3623
1.68494 11.6949
1.6683 12.0212
1.65165 12.3734
1.63501 12.7408
1.61837 13.1321
1.60173 13.4853
1.58509 13.8335
1.56845 14.1703
1.55181 14.5269
1.53517 14.922
1.51852 15.2963
1.50188 15.6348
1.48524 15.9603
1.4686 16.2952
1.45196 16.7134
1.43532 17.243
1.41868 17.7628
1.40204 18.2723
1.38539 18.7445
1.36875 19.2284
1.35211 19.7333
1.33547 20.2911
1.31883 20.8245
1.30219 21.3423
1.28555 21.8471
1.26891 22.3639
1.25227 22.9567
1.23562 23.5619
1.21898 24.1553
1.20234 24.721
1.1857 25.2601
1.16906 25.8095
1.15242 26.4236
1.13578 27.0777
1.11914 27.7133
1.1025 28.3161
1.08585 28.9022
1.06921 29.5044
1.05257 30.1782
1.03593 30.8758
1.01929 31.555
1.00265 32.2156
0.986007 32.8596
0.969366 33.5413
0.952725 34.2945
0.936084 35.0594
0.919443 35.8182
0.902802 36.541
0.88616 37.2694
0.869519 37.9971
0.852878 38.8066
0.836237 39.6017
0.819596 40.3898
0.802955 41.1383
0.786313 41.8751
0.769672 42.6595
0.753031 43.5012
0.73639 44.3381
0.719749 45.1704
0.703108 45.9681
0.686466 46.7474
0.669825 47.5677
0.653184 48.39
0.636543 49.2352
0.619902 50.0614
0.603261 50.8781
0.58662 51.6838
0.569978 52.5406
0.553337 53.4638
0.536696 54.3814
0.520055 55.2812
0.503414 56.1572
0.486773 57.0139
0.470131 57.9099
0.45349 58.8598
0.436849 59.8068
0.420208 60.7248
0.403567 61.6101
0.386926 62.4968
0.370285 63.4639
0.353643 64.4732
0.337002 65.5058
0.320361 66.4868
0.30372 67.4617
0.287079 68.4182
0.270437 69.4171
0.253796 70.447
0.237155 71.4873
0.220514 72.4993
0.203873 73.4897
0.187232 74.4918
0.170591 75.523
0.153949 76.6092
0.137308 77.6815
0.120667 78.7073
0.104026 79.7304
0.0873848 80.7572
0.0707436 81.8167
0.0541024 82.913
0.0374613 83.9916
0.0208201 85.0689
0.00417895 86.1069
-0.0124622 87.131
-0.0291034 88.1142
-0.0457445 89.1047
-0.0623857 90.0239
-0.0790268 90.9832
-0.095668 91.7518
-0.112309 92.7069
-0.12895 94.1085
-0.145592 93.5275
3.17045 17.2453
3.15368 16.8923
3.13692 17.3646
3.12016 17.1745
3.1034 17.4327
3.08663 17.5893
3.06987 17.6985
3.05311 17.7923
3.03634 17.8935
3.01958 17.9268
3.00282 17.95
2.98605 17.9347
2.96929 17.8927
2.95253 17.8583
2.93577 17.9103
2.919 17.9794
2.90224 18.014
2.88548 18.0152
2.86871 17.9781
2.85195 17.9605
2.83519 18.0282
2.81842 18.1249
2.80166 18.1956
2.7849 18.2305
2.76814 18.2347
2.75137 18.249
2.73461 18.3282
2.71785 18.4252
2.70108 18.4905
2.68432 18.5288
2.66756 18.537
2.65079 18.5854
2.63403 18.6843
2.61727 18.7921
2.6005 18.8833
2.58374 18.9263
2.56698 18.9574
2.55022 18.9977
2.53345 19.1079
2.51669 19.232
2.49993 19.3171
2.48316 19.3777
2.4664 19.4218
2.44964 19.4671
2.43287 19.5703
2.41611 19.6586
2.39935 19.7141
2.38259 19.7316
2.36582 19.6963
2.34906 19.6954
2.33229 19.7579
2.31553 19.8345
2.29877 19.8872
2.28201 19.8657
2.26524 19.7999
2.24848 19.6918
2.23172 19.5509
2.21495 19.3846
2.19819 19.1612
2.18143 18.8604
2.16466 18.4862
2.1479 18.0826
2.13114 17.7553
2.11438 17.5322
2.09761 17.2983
2.08085 16.998
2.06409 16.6715
2.04732 16.329
2.03056 16.0313
2.0138 15.7598
1.99703 15.4599
1.98027 15.1499
1.96351 14.8026
1.94674 14.4419
1.92998 14.1161
1.91322 13.8066
1.89646 13.4864
1.87969 13.1324
1.86293 12.7695
1.84617 12.4069
1.8294 12.1266
1.81264 11.896
1.79588 11.6606
1.77911 11.3828
1.76235 11.0722
1.74559 10.7751
1.72883 10.5384
1.71206 10.3045
1.6953 10.0714
1.67854 9.80748
1.66177 9.51569
1.64501 9.2426
1.62825 9.06426
1.61148 8.92299
1.59472 8.77624
1.57796 8.59885
1.5612 8.41778
1.54443 8.24614
1.52767 8.16643
1.5109 8.12645
1.49414 8.074
1.47738 7.97938
1.46062 7.8982
1.44385 7.8332
1.42709 7.8463
1.41033 7.8586
1.39356 7.8594
1.3768 7.8293
1.36004 7.7832
1.34327 7.7703
1.32651 7.7764
1.30975 7.7808
1.29299 7.753
1.27622 7.7107
1.25946 7.6482
1.2427 7.6525
1.22593 7.7294
1.20917 7.8107
1.19241 7.8556
1.17564 7.8734
1.15888 7.8824
1.14212 7.97233
1.12536 8.11605
1.10859 8.2509
1.09183 8.35208
1.07507 8.4258
1.0583 8.49569
1.04154 8.68671
1.02478 8.92037
1.00801 9.14381
0.991251 9.34827
0.974487 9.51155
0.957724 9.68538
0.940961 9.87228
0.924198 10.0678
0.907435 10.2382
0.890672 10.4025
0.873909 10.5412
0.857146 10.7095
0.840383 10.9516
0.82362 11.2245
0.806857 11.4731
0.790094 11.7099
0.773331 11.9168
0.756568 12.1635
0.739805 12.5134
0.723042 12.9047
0.706279 13.2675
0.689515 13.6105
0.672752 13.9323
0.655989 14.3264
0.639226 14.7624
0.622463 15.2233
0.6057 15.6605
0.588937 16.0601
0.572174 16.4565
0.555411 16.8887
0.538648 17.3463
0.521885 17.8042
0.505122 18.2395
0.488359 18.6409
0.471596 19.0524
0.454833 19.4998
0.43807 20.003
0.421306 20.5162
0.404544 20.9995
0.38778 21.4626
0.371017 21.8988
0.354254 22.3712
0.337491 22.8543
0.320728 23.308
0.303965 23.7221
0.287202 24.1075
0.270439 24.4653
0.253676 24.8046
0.236913 25.1759
0.22015 25.5101
0.203387 25.8117
0.186624 26.064
0.169861 26.2605
0.153098 26.5092
0.136334 26.7834
0.119571 27.0465
0.102808 27.2497
0.0860453 27.3972
0.0692823 27.4902
0.0525192 27.5688
0.0357561 27.6438
0.0189931 27.7198
0.00223002 27.7712
-0.014533 27.8115
-0.0312961 27.8044
-0.0480592 27.776
-0.0648222 27.7349
-0.0815853 27.6662
-0.0983483 27.5729
-0.115111 27.4388
-0.131875 27.2685
-0.148638 27.4365
-0.165401 27.5037
3.16376 -1.45291
3.14689 -0.812995
3.13003 -0.941789
3.11316 -0.666624
3.0963 -0.403863
3.07943 -0.300209
3.06256 -0.194505
3.0457 -0.108404
3.02883 -0.044847
3.01197 -0.004067
2.9951 0
2.97824 -0.072904
2.96137 -0.130168
2.9445 -0.135068
2.92764 -0.078491
2.91077 -0.01375
2.89391 -0.007089
2.87704 -0.028112
2.86018 -0.077305
2.84331 -0.064506
2.82645 0.015019
2.80958 0.098476
2.79271 0.125948
2.77585 0.09982
2.75898 0.068905
2.74212 0.095496
2.72525 0.183383
2.70838 0.260269
2.69152 0.325795
2.67465 0.340384
2.65779 0.370312
2.64092 0.460289
2.62406 0.615032
2.60719 0.743998
2.59033 0.8596
2.57346 0.934735
2.5566 1.0103
2.53973 1.14864
2.52286 1.32931
2.506 1.48291
2.48913 1.63442
2.47227 1.74814
2.4554 1.87871
2.43854 2.07285
2.42167 2.26931
2.4048 2.46249
2.38794 2.6399
2.37107 2.78122
2.35421 2.95368
2.33734 3.22136
2.32048 3.53945
2.30361 3.81953
2.28674 4.05546
2.26988 4.26947
2.25301 4.52538
2.23615 4.8402
2.21928 5.17707
2.20242 5.47943
2.18555 5.73449
2.16869 5.94496
2.15182 6.21818
2.13495 6.56238
2.11809 6.92196
2.10122 7.2296
2.08436 7.50202
2.06749 7.74802
2.05063 7.96977
2.03376 8.17988
2.01689 8.36159
2.00003 8.49568
1.98316 8.63184
1.9663 8.72746
1.94943 8.86404
1.93257 9.08007
1.9157 9.2812
1.89884 9.45184
1.88197 9.55321
1.8651 9.66087
1.84824 9.76763
1.83137 9.96028
1.81451 10.1617
1.79764 10.3107
1.78078 10.4661
1.76391 10.6072
1.74704 10.8183
1.73018 11.0715
1.71331 11.327
1.69645 11.5622
1.67958 11.787
1.66272 12.0034
1.64585 12.2794
1.62899 12.594
1.61212 12.8762
1.59526 13.1469
1.57839 13.381
1.56152 13.65
1.54466 14.009
1.52779 14.4513
1.51093 14.8659
1.49406 15.2478
1.4772 15.6078
1.46033 16.0009
1.44346 16.461
1.4266 16.9234
1.40973 17.3645
1.39287 17.7862
1.376 18.1996
1.35914 18.627
1.34227 19.16
1.3254 19.6885
1.30854 20.2
1.29167 20.692
1.27481 21.1701
1.25794 21.6793
1.24108 22.2356
1.22421 22.8073
1.20734 23.3576
1.19048 23.8666
1.17361 24.3898
1.15675 24.9461
1.13988 25.5482
1.12302 26.1517
1.10615 26.7237
1.08929 27.2809
1.07242 27.8597
1.05556 28.5247
1.03869 29.2482
1.02182 29.9555
1.00496 30.6383
0.988092 31.2917
0.971227 31.97
0.954361 32.7048
0.937495 33.4518
0.92063 34.1787
0.903764 34.8942
0.886899 35.5659
0.870033 36.2986
0.853167 37.0446
0.836302 37.8177
0.819436 38.5749
0.80257 39.3041
0.785705 40.0243
0.768839 40.7887
0.751974 41.6076
0.735108 42.4382
0.718242 43.242
0.701377 44.0257
0.684511 44.7543
0.667646 45.5381
0.65078 46.3922
0.633914 47.2596
0.617049 48.1083
0.600183 48.9216
0.583317 49.7533
0.566452 50.6713
0.549586 51.6302
0.532721 52.5729
0.515855 53.4885
0.498989 54.3543
0.482124 55.2207
0.465258 56.1984
0.448392 57.1907
0.431527 58.1459
0.414661 59.0954
0.397796 59.9995
0.38093 60.9322
0.364064 61.9365
0.347199 62.9706
0.330333 63.9839
0.313468 64.9508
0.296602 65.8998
0.279736 66.8523
0.262871 67.8809
0.246005 68.9404
0.229139 69.9887
0.212274 71.0125
0.195408 72.0068
0.178542 73.034
0.161677 74.1193
0.144811 75.1957
0.127946 76.2933
0.11108 77.3522
0.0942144 78.4366
0.0773488 79.5421
0.0604832 80.6818
0.0436175 80.82
0.0267519 79.818
0.00988631 78.7142
-0.00697931 77.6735
-0.0238449 76.6363
-0.0407105 75.5958
-0.0575762 74.5407
-0.0744418 73.4534
-0.0913074 72.349
-0.108173 71.2173
-0.125039 70.105
-0.141904 68.9847
-0.15877 67.7371
-0.175635 66.7976
-0.192501 66.7457
3.15233
0
0
3.15973
0
3.1593
3.15774
3.15554
3.15721
3.15319
3.16577
3.16321
3.17821
0
3.1577
3.15605
3.15882 17.9196
3.14213 18.7953
3.12544 19.041
3.10874 18.5772
3.09205 18.5923
3.07536 18.6793
3.05866 18.6863
3.04197 18.7146
3.02528 18.6912
3.00858 18.7002
2.99189 18.7
2.97519 18.6372
2.9585 18.6446
2.94181 18.6311
2.92511 18.6727
2.90842 18.6813
2.89173 18.6947
2.87503 18.6862
2.85834 18.7014
2.84165 18.6988
2.82495 18.7195
2.80826 18.7312
2.79156 18.7444
2.77487 18.7394
2.75818 18.736
2.74148 18.7112
2.72479 18.7624
2.7081 18.8224
2.6914 18.8444
2.67471 18.8877
2.65802 18.9415
2.64132 18.9745
2.62463 19.0232
2.60794 19.0357
2.59124 19.0705
2.57455 19.1137
2.55785 19.1616
2.54116 19.219
2.52447 19.3174
2.50778 19.3948
2.49108 19.4974
2.47439 19.546
2.45769 19.6137
2.441 19.6771
2.42431 19.7348
2.40761 19.7689
2.39092 19.8131
2.37423 19.8277
2.35753 19.8281
2.34084 19.8302
2.32415 19.7917
2.30745 19.7417
2.29076 19.6639
2.27406 19.5667
2.25737 19.428
2.24068 19.2855
2.22398 19.1814
2.20729 19.0602
2.1906 18.8902
2.1739 18.727
2.15721 18.5049
2.14052 18.2874
2.12382 18.0793
2.10713 17.8445
2.09044 17.6064
2.07374 17.3768
2.05705 17.1159
2.04035 16.8756
2.02366 16.689
2.00697 16.5078
1.99028 16.2894
1.97358 16.1035
1.95689 15.8828
1.94019 15.6565
1.9235 15.4618
1.90681 15.2788
1.89011 15.0944
1.87342 14.9111
1.85673 14.7268
1.84003 14.5354
1.82334 14.3774
1.80665 14.2385
1.78995 14.084
1.77326 13.9078
1.75656 13.7873
1.73987 13.6808
1.72318 13.6185
1.70648 13.5742
1.68979 13.5194
1.6731 13.4664
1.6564 13.4023
1.63971 13.3067
1.62302 13.227
1.60632 13.1564
1.58963 13.0879
1.57294 13.0209
1.55624 12.9683
1.53955 12.9106
1.52286 12.8721
1.50616 12.8641
1.48947 12.8357
1.47277 12.7971
1.45608 12.7944
1.43939 12.81
1.42269 12.8345
1.406 12.8683
1.38931 12.9335
1.37261 12.9755
1.35592 13.0258
1.33923 13.0869
1.32253 13.1774
1.30584 13.2615
1.28915 13.357
1.27245 13.4552
1.25576 13.5782
1.23907 13.7108
1.22237 13.8878
1.20568 14.0593
1.18898 14.2174
1.17229 14.4094
1.1556 14.5772
1.1389 14.7758
1.12221 14.9264
1.10552 15.1062
1.08882 15.2519
1.07213 15.3928
1.05544 15.556
1.03874 15.7699
1.02205 15.9819
1.00535 16.2234
0.988662 16.4336
0.971968 16.6772
0.955275 16.8825
0.938581 17.0806
0.921887 17.2626
0.905194 17.4402
0.8885 17.6341
0.871807 17.8198
0.855113 18.013
0.83842 18.1718
0.821726 18.2986
0.805033 18.3848
0.788339 18.469
0.771646 18.5658
0.754952 18.6161
0.738259 18.7277
0.721565 18.8135
0.704871 18.8597
0.688178 18.9079
0.671484 18.9233
0.654791 18.9195
0.638097 18.907
0.621404 18.9096
0.60471 18.8962
0.588017 18.8736
0.571323 18.857
0.554629 18.7871
0.537936 18.7467
0.521242 18.7074
0.504549 18.6802
0.487855 18.6363
0.471162 18.6032
0.454468 18.5581
0.437775 18.5389
0.421081 18.502
0.404388 18.4663
0.387694 18.4067
0.371 18.3596
0.354307 18.2878
0.337613 18.2702
0.32092 18.2555
0.304226 18.2357
0.287533 18.187
0.270839 18.1425
0.254146 18.1011
0.237452 18.0705
0.220758 18.0377
0.204065 18.0074
0.187371 17.9819
0.170678 17.9546
0.153984 17.9242
0.137291 17.9304
0.120597 17.9425
0.103904 17.9736
0.08721 17.9684
0.0705165 17.9953
0.0538229 18.0176
0.0371294 18.0378
0.0204358 18.0295
0.00374226 18.0361
-0.0129513 18.0452
-0.0296448 18.0499
-0.0463384 18.0343
-0.0630319 18.0482
-0.0797255 18.0808
-0.0964191 18.0397
-0.113113 17.9349
-0.129806 18.5756
-0.1465 17.7583
-0.163193 16.2668
3.14771 0.322465
3.13121 -0.090166
3.1147 0.0985556
3.0982 0.103706
3.0817 0.124804
3.06519 0.139374
3.04869 0.119731
3.03219 0.0881584
3.01568 0.0647575
2.99918 0
2.98268 -0.0469181
2.96618 -0.0950534
2.94967 -0.180794
2.93317 -0.224114
2.91667 -0.26983
2.90016 -0.337985
2.88366 -0.38862
2.86716 -0.48527
2.85066 -0.5685
2.83415 -0.649808
2.81765 -0.701032
2.80115 -0.7729
2.78464 -0.822445
2.76814 -0.912633
2.75164 -0.985145
2.73513 -1.06292
2.71863 -1.13084
2.70213 -1.21556
2.68562 -1.30364
2.66912 -1.40885
2.65262 -1.5157
2.63612 -1.60307
2.61961 -1.66576
2.60311 -1.7561
2.58661 -1.83254
2.5701 -1.9757
2.5536 -2.04733
2.5371 -2.15263
2.5206 -2.19288
2.50409 -2.20772
2.48759 -2.25025
2.47109 -2.26207
2.45458 -2.30439
2.43808 -2.33031
2.42158 -2.35415
2.40507 -2.35849
2.38857 -2.39952
2.37207 -2.43658
2.35556 -2.48543
2.33906 -2.55111
2.32256 -2.58292
2.30606 -2.62271
2.28955 -2.64342
2.27305 -2.65761
2.25655 -2.69536
2.24004 -2.72849
2.22354 -2.77266
2.20704 -2.79971
2.19054 -2.80211
2.17403 -2.8297
2.15753 -2.86927
2.14103 -2.9924
2.12452 -3.1104
2.10802 -3.26859
2.09152 -3.38458
2.07501 -3.50438
2.05851 -3.61896
2.04201 -3.75412
2.0255 -3.90737
2.009 -4.08446
1.9925 -4.26852
1.976 -4.46586
1.95949 -4.66248
1.94299 -4.88025
1.92649 -5.0482
1.90998 -5.18198
1.89348 -5.38079
1.87698 -5.51981
1.86048 -5.69764
1.84397 -5.82605
1.82747 -5.94267
1.81097 -6.01712
1.79446 -6.11586
1.77796 -6.20683
1.76146 -6.28843
1.74495 -6.30172
1.72845 -6.28172
1.71195 -6.20789
1.69545 -6.15144
1.67894 -6.12655
1.66244 -6.09439
1.64594 -6.05366
1.62943 -5.95847
1.61293 -5.82534
1.59643 -5.70747
1.57992 -5.6025
1.56342 -5.5173
1.54692 -5.36981
1.53042 -5.17817
1.51391 -4.97239
1.49741 -4.79435
1.48091 -4.6207
1.4644 -4.41636
1.4479 -4.21609
1.4314 -3.97953
1.41489 -3.73082
1.39839 -3.47848
1.38189 -3.24799
1.36539 -3.02959
1.34888 -2.78436
1.33238 -2.52665
1.31588 -2.21585
1.29937 -1.87631
1.28287 -1.53634
1.26637 -1.15402
1.24986 -0.799096
1.23336 -0.46768
1.21686 -0.152103
1.20036 0.175351
1.18385 0.513584
1.16735 0.843073
1.15085 1.25452
1.13434 1.67808
1.11784 2.0983
1.10134 2.50579
1.08483 2.96073
1.06833 3.40403
1.05183 3.8153
1.03533 4.26262
1.01882 4.7076
1.00232 5.20675
0.985816 5.7015
0.969313 6.1591
0.95281 6.65278
0.936307 7.14024
0.919804 7.66028
0.903301 8.19519
0.886798 8.7407
0.870295 9.29598
0.853792 9.79864
0.837289 10.2264
0.820786 10.637
0.804283 11.0405
0.78778 11.4612
0.771277 11.8846
0.754774 12.3265
0.738271 12.8599
0.721768 13.434
0.705265 13.9971
0.688762 14.5805
0.672259 15.1996
0.655756 15.8892
0.639253 16.657
0.62275 17.4172
0.606247 18.1771
0.589744 18.9172
0.573241 19.6556
0.556738 20.3391
0.540235 21.0187
0.523732 21.7215
0.507229 22.4546
0.490726 23.2041
0.474223 24.0141
0.45772 24.8542
0.441217 25.7175
0.424714 26.6023
0.408211 27.4786
0.391708 28.3351
0.375205 29.186
0.358702 30.021
0.342199 30.8623
0.325696 31.7374
0.309193 32.5868
0.29269 33.4349
0.276187 34.2818
0.259684 35.0922
0.243181 35.9182
0.226678 36.7987
0.210175 37.6858
0.193672 38.5572
0.177169 39.4248
0.160666 40.3088
0.144163 41.1716
0.12766 42.0788
0.111157 42.9556
0.0946544 43.869
0.0781514 44.7716
0.0616484 45.6984
0.0451454 46.6562
0.0286424 47.6435
0.0121394 48.6161
-0.00436355 49.6336
-0.0208666 50.6209
-0.0373695 51.5949
-0.0538725 52.5952
-0.0703755 53.5931
-0.0868785 54.7529
-0.103382 55.3275
-0.119885 55.4821
-0.136387 55.7613
3.16222 31.6393
3.14547 30.6918
3.12872 31.1848
3.11197 31.4229
3.09522 31.3257
3.07847 31.408
3.06171 31.3569
3.04496 31.3511
3.02821 31.3437
3.01146 31.3351
2.99471 31.3
2.97796 31.2627
2.96121 31.2154
2.94446 31.2058
2.92771 31.1771
2.91096 31.139
2.89421 31.0718
2.87746 30.989
2.86071 30.8846
2.84396 30.7889
2.82721 30.7179
2.81046 30.6257
2.79371 30.5446
2.77696 30.4082
2.76021 30.3013
2.74346 30.2188
2.72671 30.1045
2.70996 29.9933
2.69321 29.8752
2.67646 29.7709
2.65971 29.6336
2.64296 29.5621
2.62621 29.4298
2.60946 29.3514
2.59271 29.2502
2.57596 29.1377
2.55921 29.0357
2.54246 28.8908
2.52571 28.8263
2.50896 28.7528
2.49221 28.6472
2.47546 28.5636
2.45871 28.4759
2.44196 28.3568
2.42521 28.264
2.40846 28.2169
2.39171 28.1785
2.37496 28.1545
2.35821 28.0928
2.34146 28.0317
2.32471 27.9127
2.30796 27.7941
2.29121 27.6609
2.27446 27.5521
2.25771 27.4528
2.24096 27.3566
2.22421 27.3301
2.20746 27.3499
2.19071 27.3637
2.17396 27.3739
2.15721 27.4044
2.14046 27.4087
2.12371 27.3385
2.10696 27.2446
2.09021 27.1336
2.07346 27.0242
2.05671 26.8744
2.03996 26.8107
2.02321 26.8515
2.00646 26.9431
1.98971 27.0253
1.97296 27.0898
1.95621 27.1413
1.93946 27.2144
1.92271 27.3185
1.90596 27.4389
1.88921 27.5269
1.87246 27.6231
1.85571 27.6887
1.83896 27.7595
1.82221 27.8063
1.80546 27.8416
1.78871 27.8713
1.77196 27.9454
1.75521 28.0251
1.73846 28.1948
1.72171 28.3702
1.70496 28.5563
1.68821 28.7472
1.67146 28.9411
1.65471 29.1036
1.63796 29.2585
1.62121 29.4095
1.60446 29.5735
1.58771 29.7496
1.57096 29.9055
1.55421 30.1381
1.53746 30.4441
1.52071 30.8418
1.50396 31.2636
1.48721 31.7117
1.47046 32.1437
1.45371 32.5401
1.43696 32.8472
1.42021 33.1593
1.40346 33.4894
1.38671 33.8603
1.36996 34.2214
1.35321 34.6855
1.33646 35.2407
1.31971 35.8457
1.30296 36.4686
1.28621 37.0636
1.26946 37.6144
1.25271 38.1202
1.23596 38.5921
1.21921 39.0934
1.20246 39.5832
1.18571 40.1498
1.16896 40.649
1.15221 41.1166
1.13546 41.5563
1.11871 41.9785
1.10196 42.3971
1.08521 42.8131
1.06846 43.338
1.05171 43.9514
1.03496 44.6538
1.01821 45.3424
1.00146 46.0502
0.984706 46.7239
0.967956 47.3582
0.951206 47.9431
0.934456 48.5232
0.917706 49.0989
0.900956 49.7058
0.884206 50.2804
0.867456 50.9336
0.850706 51.5634
0.833956 52.2553
0.817206 52.944
0.800456 53.63
0.783706 54.3455
0.766956 55.0834
0.750205 55.8587
0.733456 56.6491
0.716705 57.4513
0.699955 58.2762
0.683205 59.0692
0.666455 59.8276
0.649705 60.5861
0.632955 61.3724
0.616205 62.1571
0.599455 62.9452
0.582705 63.7194
0.565955 64.4591
0.549205 65.2193
0.532455 66.0007
0.515705 66.8053
0.498955 67.6378
0.482204 68.4718
0.465454 69.3167
0.448704 70.1488
0.431954 70.9707
0.415204 71.7882
0.398454 72.6274
0.381704 73.4103
0.364954 74.1984
0.348204 75.0417
0.331454 75.9146
0.314704 76.7681
0.297954 77.7037
0.281204 78.6228
0.264454 79.5611
0.247704 80.5097
0.230954 81.4906
0.214203 82.4401
0.197453 83.3852
0.180703 84.2896
0.163953 85.1891
0.147203 86.1084
0.130453 87.0428
0.113703 88.0204
0.096953 89.0521
0.0802029 90.1232
0.0634529 91.0582
0.0467028 91.2881
0.0299527 90.789
0.0132026 90.258
-0.00354741 89.7084
-0.0202975 89.1491
-0.0370475 88.5786
-0.0537976 87.9998
-0.0705477 87.3832
-0.0872977 86.7132
-0.104048 86.2223
-0.120798 85.5329
-0.137548 85.0832
-0.154298 83.9872
-0.171048 84.6845
3.14633 -0.280941
3.12986 0.471434
3.1134 0.449576
3.09693 0.327246
3.08046 0.274237
3.064 0.174754
3.04753 0.153257
3.03107 0.119135
3.0146 0.077462
2.99814 0
2.98167 -0.0802462
2.9652 -0.152788
2.94874 -0.258034
2.93227 -0.34378
2.91581 -0.445009
2.89934 -0.53435
2.88288 -0.632796
2.86641 -0.744888
2.84994 -0.881329
2.83348 -1.03922
2.81701 -1.1744
2.80055 -1.33028
2.78408 -1.50306
2.76762 -1.69231
2.75115 -1.85827
2.73468 -2.03578
2.71822 -2.16176
2.70175 -2.28668
2.68529 -2.42825
2.66882 -2.58427
2.65236 -2.73893
2.63589 -2.93946
2.61942 -3.13267
2.60296 -3.34655
2.58649 -3.55189
2.57003 -3.76223
2.55356 -3.99662
2.5371 -4.18546
2.52063 -4.3351
2.50416 -4.49085
2.4877 -4.63916
2.47123 -4.81408
2.45477 -4.99617
2.4383 -5.19278
2.42184 -5.31799
2.40537 -5.3941
2.3889 -5.51999
2.37244 -5.63187
2.35597 -5.78254
2.33951 -5.94232
2.32304 -6.09825
2.30658 -6.27489
2.29011 -6.44334
2.27364 -6.66803
2.25718 -6.91482
2.24071 -7.15179
2.22425 -7.32654
2.20778 -7.48401
2.19132 -7.61426
2.17485 -7.78298
2.15838 -7.94409
2.14192 -8.1421
2.12545 -8.36748
2.10899 -8.5945
2.09252 -8.86797
2.07606 -9.12867
2.05959 -9.35546
2.04312 -9.55642
2.02666 -9.72791
2.01019 -9.88806
1.99373 -10.0699
1.97726 -10.3061
1.9608 -10.5404
1.94433 -10.756
1.92786 -10.8695
1.9114 -10.9303
1.89493 -11.038
1.87847 -11.1534
1.862 -11.2172
1.84554 -11.3011
1.82907 -11.3573
1.8126 -11.3936
1.79614 -11.3944
1.77967 -11.4274
1.76321 -11.4448
1.74674 -11.4272
1.73028 -11.3138
1.71381 -11.1958
1.69734 -11.0589
1.68088 -10.916
1.66441 -10.8122
1.64795 -10.7184
1.63148 -10.6527
1.61502 -10.6021
1.59855 -10.5479
1.58208 -10.496
1.56562 -10.4539
1.54915 -10.4393
1.53269 -10.3666
1.51622 -10.2762
1.49976 -10.1884
1.48329 -10.1104
1.46682 -10.0493
1.45036 -9.89073
1.43389 -9.56169
1.41743 -9.2257
1.40096 -8.90937
1.3845 -8.57534
1.36803 -8.28408
1.35156 -7.9602
1.3351 -7.64268
1.31863 -7.24541
1.30217 -6.84636
1.2857 -6.37664
1.26924 -5.92271
1.25277 -5.46965
1.2363 -5.06564
1.21984 -4.63816
1.20337 -4.21951
1.18691 -3.78953
1.17044 -3.35586
1.15398 -2.91521
1.13751 -2.4502
1.12104 -1.96668
1.10458 -1.46051
1.08811 -0.913108
1.07165 -0.391546
1.05518 0.171304
1.03872 0.765595
1.02225 1.36893
1.00578 1.96945
0.989318 2.57356
0.972853 3.15746
0.956387 3.76508
0.939921 4.35483
0.923456 4.95887
0.90699 5.54486
0.890524 6.1622
0.874058 6.79561
0.857593 7.42469
0.841127 8.11523
0.824661 8.79252
0.808196 9.47377
0.79173 10.1489
0.775264 10.8281
0.758799 11.5223
0.742333 12.1862
0.725867 12.91
0.709401 13.5884
0.692936 14.2629
0.67647 14.9501
0.660004 15.7172
0.643539 16.5471
0.627073 17.4101
0.610607 18.2899
0.594141 19.179
0.577676 20.0335
0.56121 20.8059
0.544744 21.6248
0.528278 22.4502
0.511813 23.2871
0.495347 24.1417
0.478881 24.9891
0.462416 25.7554
0.44595 26.5252
0.429484 27.3226
0.413019 28.1265
0.396553 28.9447
0.380087 29.8236
0.363621 30.7607
0.347156 31.749
0.33069 32.6954
0.314224 33.6783
0.297758 34.634
0.281293 35.5573
0.264827 36.4511
0.248361 37.3408
0.231896 38.2449
0.21543 39.1458
0.198964 40.0402
0.182499 40.9597
0.166033 41.9693
0.149567 43.0224
0.133101 44.1429
0.116636 45.2774
0.10017 46.4061
0.0837042 47.5053
0.0672385 48.5519
0.0507728 49.5711
0.0343071 50.6159
0.0178413 51.6661
0.00137563 52.7536
-0.0150901 53.8345
-0.0315558 54.9231
-0.0480215 56.1171
-0.0644872 57.1042
-0.0809529 58.1852
-0.0974187 59.2802
-0.113884 59.8891
-0.13035 64.2653
3.16045 15.0573
3.1438 17.1874
3.12715 16.6403
3.11049 16.5681
3.09384 16.5252
3.07718 16.5977
3.06053 16.6528
3.04388 16.6821
3.02722 16.699
3.01057 16.7079
2.99391 16.7
2.97726 16.6909
2.96061 16.6824
2.94395 16.6586
2.9273 16.6621
2.91065 16.689
2.89399 16.6882
2.87734 16.6651
2.86069 16.6442
2.84403 16.6253
2.82738 16.6265
2.81072 16.6749
2.79407 16.6918
2.77742 16.6888
2.76076 16.6497
2.74411 16.6497
2.72745 16.6672
2.7108 16.6768
2.69415 16.7058
2.67749 16.7038
2.66084 16.7156
2.64419 16.7256
2.62753 16.7798
2.61088 16.8018
2.59422 16.8204
2.57757 16.8278
2.56092 16.8383
2.54426 16.848
2.52761 16.868
2.51096 16.9032
2.4943 16.9418
2.47765 16.9712
2.46099 16.9729
2.44434 17.0151
2.42769 17.0697
2.41103 17.1249
2.39438 17.1929
2.37772 17.246
2.36107 17.3067
2.34442 17.3824
2.32776 17.4275
2.31111 17.4782
2.29446 17.5019
2.2778 17.5327
2.26115 17.5351
2.2445 17.5537
2.22784 17.6196
2.21119 17.6476
2.19453 17.6272
2.17788 17.6043
2.16123 17.569
2.14457 17.5144
2.12792 17.4423
2.11126 17.34
2.09461 17.2481
2.07796 17.1227
2.0613 16.9702
2.04465 16.8377
2.028 16.7259
2.01134 16.6025
1.99469 16.4895
1.97803 16.3816
1.96138 16.2551
1.94473 16.1706
1.92807 16.073
1.91142 15.9471
1.89477 15.8326
1.87811 15.7155
1.86146 15.5827
1.8448 15.4864
1.82815 15.4561
1.8115 15.3906
1.79484 15.3623
1.77819 15.3227
1.76154 15.2603
1.74488 15.2245
1.72823 15.1832
1.71157 15.1769
1.69492 15.175
1.67827 15.2012
1.66161 15.182
1.64496 15.197
1.6283 15.1921
1.61165 15.1213
1.595 15.0603
1.57834 15.0272
1.56169 14.964
1.54504 14.9186
1.52838 14.9299
1.51173 14.9573
1.49507 14.9864
1.47842 15.0457
1.46177 15.0795
1.44511 15.1332
1.42846 15.1898
1.41181 15.2442
1.39515 15.2891
1.3785 15.3483
1.36184 15.4143
1.34519 15.5162
1.32854 15.6738
1.31188 15.8628
1.29523 16.0409
1.27858 16.2138
1.26192 16.4031
1.24527 16.5685
1.22861 16.732
1.21196 16.9057
1.19531 17.0791
1.17865 17.2341
1.162 17.4176
1.14535 17.6198
1.12869 17.861
1.11204 18.0803
1.09538 18.2721
1.07873 18.4813
1.06208 18.6865
1.04542 18.9143
1.02877 19.1592
1.01212 19.4215
0.995461 19.6909
0.978807 19.9776
0.962153 20.2333
0.9455 20.4571
0.928846 20.6559
0.912192 20.8489
0.895538 21.0486
0.878885 21.255
0.862231 21.4707
0.845577 21.7274
0.828923 22.0134
0.812269 22.331
0.795616 22.6238
0.778962 22.9053
0.762308 23.1854
0.745654 23.4671
0.729001 23.8239
0.712347 24.1335
0.695693 24.4857
0.679039 24.8223
0.662385 25.1392
0.645732 25.4436
0.629078 25.6867
0.612424 25.9339
0.59577 26.2002
0.579116 26.4301
0.562463 26.6822
0.545809 26.932
0.529155 27.1954
0.512501 27.4489
0.495847 27.7033
0.479194 27.9216
0.46254 28.1283
0.445886 28.2917
0.429232 28.3508
0.412579 28.3715
0.395925 28.3885
0.379271 28.3718
0.362617 28.3458
0.345963 28.3282
0.32931 28.3583
0.312656 28.4016
0.296002 28.435
0.279348 28.4092
0.262694 28.3695
0.246041 28.3457
0.229387 28.3469
0.212733 28.3016
0.196079 28.2803
0.179426 28.2821
0.162772 28.2412
0.146118 28.1985
0.129464 28.1734
0.11281 28.1743
0.0961566 28.1443
0.0795028 28.1287
0.0628491 28.0985
0.0461953 28.1055
0.0295415 28.0987
0.0128877 28.0921
-0.00376609 28.1251
-0.0204199 28.1273
-0.0370737 28.1333
-0.0537275 28.1464
-0.0703812 28.1172
-0.087035 28.1537
-0.103689 27.9802
-0.120343 27.9577
-0.136996 27.4952
-0.15365 27.5766
3.14813 -0.095171
3.13165 -0.381138
3.11517 -0.30723
3.09869 -0.240331
3.08221 -0.201031
3.06573 -0.127262
3.04925 -0.0858971
3.03277 -0.0433246
3.0163 -0.021001
2.99982 0
2.98334 0.0275661
2.96686 0.0339718
2.95038 0.0219897
2.9339 0.0534812
2.91742 0.0721446
2.90094 0.0570307
2.88446 0.0493346
2.86798 0.0237427
2.8515 0.0033758
2.83502 0.00636155
2.81854 0.00910825
2.80206 0.00615195
2.78559 -0.00427881
2.76911 -0.0270967
2.75263 -0.0719084
2.73615 -0.0927141
2.71967 -0.146113
2.70319 -0.179453
2.68671 -0.238032
2.67023 -0.309174
2.65375 -0.411271
2.63727 -0.4261
2.62079 -0.410204
2.60431 -0.351135
2.58783 -0.299957
2.57136 -0.270804
2.55488 -0.225916
2.5384 -0.211174
2.52192 -0.185957
2.50544 -0.153292
2.48896 -0.12594
2.47248 -0.104158
2.456 -0.0713767
2.43952 0.00665135
2.42304 0.074923
2.40656 0.163359
2.39008 0.256388
2.3736 0.33196
2.35712 0.399245
2.34064 0.52069
2.32416 0.637741
2.30769 0.782201
2.29121 0.909651
2.27473 1.06674
2.25825 1.21743
2.24177 1.39049
2.22529 1.61083
2.20881 1.89795
2.19233 2.16519
2.17585 2.50424
2.15937 2.74157
2.14289 2.98489
2.12641 3.24104
2.10993 3.47134
2.09346 3.72534
2.07698 3.99081
2.0605 4.24955
2.04402 4.49265
2.02754 4.70351
2.01106 4.91222
1.99458 5.137
1.9781 5.34345
1.96162 5.58718
1.94514 5.85062
1.92866 6.17965
1.91218 6.508
1.8957 6.84388
1.87922 7.12608
1.86274 7.45635
1.84627 7.7564
1.82979 8.03221
1.81331 8.30061
1.79683 8.5756
1.78035 8.86089
1.76387 9.14777
1.74739 9.47842
1.73091 9.80078
1.71443 10.1413
1.69795 10.4811
1.68147 10.8176
1.66499 11.1502
1.64851 11.5104
1.63203 11.8687
1.61556 12.1944
1.59908 12.5273
1.5826 12.8544
1.56612 13.1732
1.54964 13.5469
1.53316 13.9667
1.51668 14.4044
1.5002 14.8712
1.48372 15.3352
1.46724 15.8515
1.45076 16.4386
1.43428 17.0345
1.4178 17.6334
1.40132 18.2066
1.38485 18.7873
1.36837 19.3296
1.35189 19.8434
1.33541 20.374
1.31893 20.9279
1.30245 21.4754
1.28597 22.018
1.26949 22.5773
1.25301 23.1712
1.23653 23.8161
1.22005 24.4806
1.20357 25.154
1.18709 25.8064
1.17061 26.4153
1.15413 27.0079
1.13766 27.5779
1.12118 28.1732
1.1047 28.7848
1.08822 29.3882
1.07174 30.0189
1.05526 30.7679
1.03878 31.4932
1.0223 32.2577
1.00582 33.0171
0.989341 33.7699
0.972862 34.4979
0.956383 35.2053
0.939903 35.8641
0.923424 36.5468
0.906945 37.2467
0.890466 37.981
0.873986 38.6775
0.857507 39.3803
0.841028 40.0597
0.824548 40.7678
0.808069 41.4612
0.79159 42.1723
0.77511 42.891
0.758631 43.7184
0.742152 44.6093
0.725672 45.5102
0.709193 46.4019
0.692714 47.2836
0.676234 48.1553
0.659755 48.9774
0.643276 49.8209
0.626797 50.6956
0.610317 51.5928
0.593838 52.5076
0.577359 53.3783
0.560879 54.1003
0.5444 54.7354
0.527921 55.4032
0.511441 56.0655
0.494962 56.7641
0.478483 57.5472
0.462004 58.4919
0.445524 59.4963
0.429045 60.4906
0.412566 61.4791
0.396086 62.4158
0.379607 63.3359
0.363128 64.2303
0.346648 65.1242
0.330169 66.0645
0.31369 67.0025
0.29721 67.9239
0.280731 68.9204
0.264252 69.9053
0.247773 70.9239
0.231293 71.9411
0.214814 72.9258
0.198335 73.9291
0.181855 74.9288
0.165376 75.9438
0.148897 76.9644
0.132417 78.0122
0.115938 79.1092
0.0994588 80.1749
0.0829795 81.2402
0.0665002 82.1892
0.0500209 83.1696
0.0335416 84.161
0.0170623 85.173
0.000583011 86.1733
-0.0158963 87.2127
-0.0323756 88.2238
-0.0488549 89.2299
-0.0653342 90.1177
-0.0818135 91.0448
-0.0982928 91.7983
-0.114772 92.2626
-0.131251 92.4998
3.14742 16.0898
3.13079 17.6053
3.11417 17.5444
3.09755 17.7079
3.08092 17.7792
3.0643 17.8059
3.04767 17.8899
3.03105 17.8949
3.01442 17.933
2.9978 17.95
2.98118 17.9447
2.96455 17.9606
2.94793 17.9276
2.9313 17.9289
2.91468 17.9395
2.89805 17.936
2.88143 17.9155
2.86481 17.8846
2.84818 17.8764
2.83156 17.9076
2.81493 17.9283
2.79831 17.9354
2.78169 17.9355
2.76506 17.9123
2.74844 17.9315
2.73181 17.9529
2.71519 17.988
2.69856 18.0324
2.68194 18.0523
2.66532 18.0757
2.64869 18.0996
2.63207 18.1404
2.61544 18.179
2.59882 18.2119
2.5822 18.2529
2.56557 18.2551
2.54895 18.2814
2.53232 18.3301
2.5157 18.3871
2.49907 18.4216
2.48245 18.4722
2.46583 18.4857
2.4492 18.4914
2.43258 18.5426
2.41595 18.579
2.39933 18.6293
2.38271 18.6491
2.36608 18.6685
2.34946 18.6715
2.33283 18.6945
2.31621 18.7163
2.29958 18.7085
2.28296 18.7079
2.26634 18.6976
2.24971 18.6377
2.23309 18.4685
2.21646 18.2687
2.19984 18.0672
2.18322 17.8464
2.16659 17.6336
2.14997 17.4275
2.13334 17.2334
2.11672 17.0751
2.1001 16.9248
2.08347 16.759
2.06685 16.5921
2.05022 16.4352
2.0336 16.2502
2.01697 16.0678
2.00035 15.8964
1.98372 15.7051
1.9671 15.5206
1.95048 15.3278
1.93385 15.1707
1.91723 15.0532
1.9006 14.9022
1.88398 14.7673
1.86736 14.6495
1.85073 14.4893
1.83411 14.3429
1.81748 14.2008
1.80086 14.0681
1.78424 13.9066
1.76761 13.7343
1.75099 13.5783
1.73436 13.457
1.71774 13.3659
1.70111 13.2925
1.68449 13.1857
1.66787 13.0681
1.65124 12.965
1.63462 12.8726
1.61799 12.8092
1.60137 12.7716
1.58475 12.7195
1.56812 12.664
1.5515 12.6357
1.53487 12.5989
1.51825 12.5818
1.50162 12.5644
1.485 12.5084
1.46838 12.4565
1.45175 12.4032
1.43513 12.4461
1.4185 12.5353
1.40188 12.6333
1.38525 12.7346
1.36863 12.8333
1.35201 12.8895
1.33538 12.9364
1.31876 13.0119
1.30213 13.1105
1.28551 13.2298
1.26889 13.404
1.25226 13.5211
1.23564 13.6325
1.21901 13.7598
1.20239 13.8622
1.18576 13.9942
1.16914 14.1126
1.15252 14.237
1.13589 14.3788
1.11927 14.5599
1.10264 14.7327
1.08602 14.9293
1.0694 15.1165
1.05277 15.3089
1.03615 15.4762
1.01952 15.6478
1.0029 15.8387
0.986275 16.0489
0.96965 16.2666
0.953026 16.4961
0.936402 16.7655
0.919778 17.0404
0.903154 17.3507
0.886529 17.6494
0.869905 17.9514
0.853281 18.2496
0.836657 18.5378
0.820033 18.8119
0.803408 19.1204
0.786784 19.4451
0.77016 19.7706
0.753536 20.0598
0.736912 20.4119
0.720288 20.735
0.703663 21.1055
0.687039 21.4445
0.670415 21.8118
0.653791 22.173
0.637167 22.5147
0.620542 22.8594
0.603918 23.1468
0.587294 23.4338
0.57067 23.7186
0.554046 24.0089
0.537422 24.3286
0.520798 24.6344
0.504173 24.9055
0.487549 25.1787
0.470925 25.4134
0.454301 25.5769
0.437677 25.6893
0.421052 25.7329
0.404428 25.749
0.387804 25.7673
0.37118 25.7587
0.354556 25.7983
0.337931 25.864
0.321307 25.9946
0.304683 26.0733
0.288059 26.1322
0.271435 26.1515
0.254811 26.1511
0.238186 26.1842
0.221562 26.2004
0.204938 26.228
0.188314 26.2509
0.17169 26.2796
0.155065 26.3025
0.138441 26.3289
0.121817 26.3368
0.105193 26.3583
0.0885688 26.3681
0.0719446 26.3508
0.0553204 26.3834
0.0386962 26.3849
0.0220721 26.4069
0.00544788 26.4115
-0.0111763 26.4425
-0.0278005 26.4233
-0.0444247 26.4201
-0.0610488 26.4342
-0.077673 26.4121
-0.0942972 26.3114
-0.110921 26.3588
-0.127546 26.3169
-0.14417 26.0081
-0.160794 26.4543
3.17062 0.335205
3.15403 -0.46103
3.13745 -0.574567
3.12086 -0.216405
3.10428 -0.120344
3.08769 -0.127337
3.07111 -0.104428
3.05452 -0.0595107
3.03794 -0.0359924
3.02135 -0.0005863
3.00477 0
2.98818 -0.004555
2.9716 -0.0025966
2.95501 -0.0352276
2.93843 -0.0302604
2.92184 -0.0393707
2.90526 -0.0247861
2.88867 -0.0345691
2.87209 -0.0275665
2.8555 -0.0650961
2.83892 -0.0774452
2.82233 -0.0873371
2.80575 -0.115042
2.78916 -0.149176
2.77258 -0.206864
2.75599 -0.272008
2.73941 -0.319091
2.72282 -0.365252
2.70624 -0.38291
2.68966 -0.417651
2.67307 -0.458849
2.65648 -0.49585
2.6399 -0.489311
2.62331 -0.445004
2.60673 -0.397697
2.59015 -0.365752
2.57356 -0.369701
2.55697 -0.397206
2.54039 -0.374241
2.5238 -0.298075
2.50722 -0.199497
2.49064 -0.081105
2.47405 -0.0009349
2.45747 0.0762121
2.44088 0.0853182
2.4243 0.130176
2.40771 0.211393
2.39113 0.313746
2.37454 0.429919
2.35796 0.583442
2.34137 0.702897
2.32479 0.841171
2.3082 0.947348
2.29162 1.05508
2.27503 1.13846
2.25845 1.24032
2.24186 1.40315
2.22528 1.64897
2.20869 1.89083
2.19211 2.14812
2.17552 2.34758
2.15894 2.6291
2.14235 2.95811
2.12577 3.328
2.10918 3.73045
2.0926 4.15628
2.07601 4.57827
2.05943 4.90129
2.04284 5.07276
2.02626 5.15466
2.00967 5.25587
1.99309 5.35135
1.9765 5.46424
1.95992 5.57272
1.94333 5.73331
1.92675 5.91949
1.91016 6.14889
1.89358 6.37221
1.87699 6.59792
1.86041 6.84295
1.84382 7.08763
1.82724 7.3489
1.81065 7.5801
1.79407 7.81432
1.77748 8.03228
1.7609 8.24232
1.74431 8.45934
1.72773 8.691
1.71114 8.96219
1.69456 9.18452
1.67797 9.46017
1.66139 9.71854
1.6448 9.98083
1.62822 10.2431
1.61163 10.5087
1.59505 10.792
1.57846 11.0763
1.56188 11.3401
1.54529 11.6684
1.52871 12.0063
1.51212 12.3757
1.49554 12.7484
1.47896 13.1637
1.46237 13.5701
1.44579 14.0211
1.4292 14.488
1.41261 14.9577
1.39603 15.4307
1.37945 15.9319
1.36286 16.4442
1.34628 16.9692
1.32969 17.4731
1.3131 17.9841
1.29652 18.4935
1.27994 18.9884
1.26335 19.4912
1.24677 20.0573
1.23018 20.6623
1.2136 21.2768
1.19701 21.901
1.18043 22.5208
1.16384 23.099
1.14726 23.5988
1.13067 24.1467
1.11409 24.7491
1.0975 25.4059
1.08092 26.0745
1.06433 26.719
1.04775 27.3016
1.03116 27.8859
1.01458 28.4908
0.997992 29.0982
0.981407 29.7655
0.964822 30.4706
0.948237 31.211
0.931652 31.9699
0.915067 32.7306
0.898482 33.4992
0.881897 34.2667
0.865312 34.9835
0.848727 35.7262
0.832142 36.4739
0.815557 37.1997
0.798972 37.9221
0.782388 38.5978
0.765803 39.2964
0.749218 40.0695
0.732633 40.8824
0.716048 41.726
0.699463 42.5953
0.682878 43.4818
0.666293 44.4128
0.649708 45.3506
0.633123 46.3379
0.616538 47.3156
0.599953 48.3256
0.583368 49.2946
0.566783 50.2257
0.550199 51.1677
0.533614 52.0897
0.517029 53.0493
0.500444 53.9994
0.483859 54.9188
0.467274 55.8112
0.450689 56.6615
0.434104 57.5383
0.417519 58.3899
0.400934 59.2916
0.384349 60.1872
0.367764 61.12
0.351179 62.0675
0.334594 63.0003
0.31801 63.9524
0.301425 64.8773
0.28484 65.8079
0.268255 66.647
0.25167 67.445
0.235085 68.2648
0.2185 69.1213
0.201915 70.0108
0.18533 70.9245
0.168745 71.9044
0.15216 72.8827
0.135575 73.8901
0.11899 74.8958
0.102405 75.9041
0.0858205 76.9628
0.0692356 77.9845
0.0526506 78.996
0.0360657 79.9941
0.0194808 80.9999
0.00289584 81.966
-0.0136891 82.9206
-0.030274 83.9417
-0.046859 84.9013
-0.0634439 85.8545
-0.0800288 86.9219
-0.0966137 87.7255
-0.113199 88.7253
-0.129784 89.711
KKKKKKKKKKKKKKKKKKKK 0 0
