3.16585 0.16916
3.14915 -0.0861209
3.13245 -0.196094
3.11575 -0.199341
3.09905 -0.151052
3.08235 -0.0734791
3.06564 0.0095433
3.04894 -0.0210177
3.03224 0.0012258
3.01554 0.0021795
2.99884 0
2.98214 -0.0151628
2.96544 -0.0648067
2.94874 -0.0697357
2.93204 -0.0592653
2.91534 -0.0343757
2.89864 -0.0342499
2.88194 -0.0427789
2.86524 -0.0592634
2.84854 -0.0688365
2.83183 -0.0580338
2.81514 -0.0442338
2.79843 -0.0114371
2.78173 -0.0197661
2.76503 -0.0088428
2.74833 -0.0251056
2.73163 -0.0362068
2.71493 -0.0311009
2.69823 -0.0395387
2.68153 -0.0149367
2.66483 -0.0073435
2.64813 0.0133843
2.63143 0.0457462
2.61473 0.0839092
2.59802 0.111347
2.58133 0.128596
2.56462 0.144129
2.54792 0.147756
2.53122 0.1577
2.51452 0.177083
2.49782 0.180929
2.48112 0.202606
2.46442 0.206262
2.44772 0.193567
2.43102 0.152619
2.41432 0.0539427
2.39762 -0.0939915
2.38092 -0.275977
2.36422 -0.517422
2.34752 -0.790887
2.33081 -1.09645
2.31411 -1.36391
2.29741 -1.65529
2.28071 -1.98125
2.26401 -2.31029
2.24731 -2.63284
2.23061 -2.99487
2.21391 -3.37632
2.19721 -3.72839
2.18051 -4.10653
2.16381 -4.48979
2.14711 -4.84593
2.13041 -5.23312
2.1137 -5.58755
2.097 -5.93662
2.0803 -6.32684
2.0636 -6.70712
2.0469 -7.09651
2.0302 -7.46273
2.0135 -7.75741
1.9968 -8.04201
1.9801 -8.32616
1.9634 -8.61015
1.9467 -8.90077
1.93 -9.18167
1.9133 -9.46165
1.8966 -9.78575
1.8799 -10.066
1.86319 -10.385
1.84649 -10.6894
1.82979 -10.9065
1.81309 -11.1028
1.79639 -11.2862
1.77969 -11.4847
1.76299 -11.7159
1.74629 -11.9157
1.72959 -12.1232
1.71289 -12.3295
1.69619 -12.539
1.67949 -12.7213
1.66278 -12.9398
1.64609 -13.1241
1.62938 -13.2976
1.61268 -13.4378
1.59598 -13.6363
1.57928 -13.7623
1.56258 -13.904
1.54588 -14.0276
1.52918 -14.118
1.51248 -14.206
1.49578 -14.2767
1.47908 -14.3409
1.46238 -14.4109
1.44568 -14.4604
1.42898 -14.5348
1.41227 -14.6348
1.39557 -14.7375
1.37887 -14.8373
1.36217 -14.9519
1.34547 -15.0019
1.32877 -14.9691
1.31207 -14.9156
1.29537 -14.8745
1.27867 -14.8634
1.26197 -14.8399
1.24527 -14.8879
1.22857 -14.9187
1.21187 -14.9569
1.19517 -14.9493
1.17847 -14.9966
1.16176 -14.9735
1.14506 -14.8836
1.12836 -14.7308
1.11166 -14.5656
1.09496 -14.4106
1.07826 -14.269
1.06156 -14.1266
1.04486 -14.0264
1.02816 -13.9647
1.01146 -13.9141
0.994757 -13.8269
0.978056 -13.7479
0.961355 -13.625
0.944655 -13.4568
0.927954 -13.1975
0.911253 -12.9218
0.894552 -12.6485
0.877852 -12.3751
0.861151 -12.1036
0.84445 -11.8666
0.82775 -11.6351
0.811049 -11.3959
0.794348 -11.1539
0.777648 -10.9359
0.760947 -10.7297
0.744246 -10.4126
0.727545 -10.0934
0.710845 -9.76203
0.694144 -9.4418
0.677443 -9.09486
0.660743 -8.78456
0.644042 -8.49159
0.627341 -8.15507
0.61064 -7.86687
0.59394 -7.60637
0.577239 -7.34364
0.560538 -7.05691
0.543837 -6.70657
0.527137 -6.3132
0.510436 -5.88625
0.493735 -5.45978
0.477035 -5.03142
0.460334 -4.56803
0.443633 -4.07532
0.426932 -3.60068
0.410232 -3.12201
0.393531 -2.67573
0.37683 -2.29044
0.36013 -1.91706
0.343429 -1.5406
0.326728 -1.21615
0.310028 -0.964552
0.293327 -0.769404
0.276626 -0.584269
0.259925 -0.391195
0.243225 -0.124706
0.226524 0.158646
0.209823 0.437421
0.193123 0.680062
0.176422 0.841841
0.159721 0.994701
0.14302 1.0667
0.12632 1.07151
0.109619 1.09535
0.0929182 1.11139
0.0762175 1.1006
0.0595167 1.11168
0.042816 1.14385
0.0261153 1.14422
0.0094146 1.14247
-0.00728612 1.13773
-0.0239868 1.12923
-0.0406876 1.1223
-0.0573883 1.11592
-0.074089 1.09021
-0.0907897 0.995848
-0.10749 0.985337
-0.124191 1.26438
-0.140892 0.838922
-0.157592 -0.157164
