3.16546 -1.1385
3.14877 -0.451621
3.13209 -0.373148
3.1154 -0.349607
3.09872 -0.222419
3.08203 -0.083306
3.06535 -0.069634
3.04866 -0.041373
3.03198 -0.009923
3.01529 0.000691
2.9986 0
2.98192 -0.002729
2.96523 -0.016216
2.94855 -0.022842
2.93186 -0.00228
2.91518 0.024469
2.89849 0.063977
2.88181 0.071549
2.86512 0.091952
2.84844 0.121165
2.83175 0.148774
2.81507 0.180151
2.79838 0.217138
2.7817 0.232579
2.76501 0.218031
2.74833 0.220427
2.73164 0.185127
2.71496 0.172708
2.69827 0.13321
2.68159 0.081303
2.6649 0.006301
2.64821 -0.097452
2.63153 -0.216212
2.61484 -0.33391
2.59816 -0.501004
2.58147 -0.711919
2.56479 -0.981383
2.5481 -1.28129
2.53142 -1.59847
2.51473 -1.92549
2.49805 -2.30315
2.48136 -2.71747
2.46468 -3.17154
2.44799 -3.70803
2.43131 -4.27568
2.41462 -4.83905
2.39794 -5.41414
2.38125 -6.01502
2.36456 -6.62272
2.34788 -7.25749
2.3312 -7.89321
2.31451 -8.52706
2.29782 -9.14
2.28114 -9.73689
2.26445 -10.3515
2.24777 -10.9644
2.23108 -11.5633
2.2144 -12.1278
2.19771 -12.6794
2.18103 -13.2322
2.16434 -13.7898
2.14766 -14.3556
2.13097 -14.8672
2.11429 -15.3095
2.0976 -15.766
2.08092 -16.2184
2.06423 -16.6841
2.04755 -17.1403
2.03086 -17.5702
2.01417 -17.9923
1.99749 -18.4164
1.9808 -18.8647
1.96412 -19.3189
1.94743 -19.762
1.93075 -20.218
1.91406 -20.61
1.89738 -20.9845
1.88069 -21.3612
1.86401 -21.7416
1.84732 -22.1024
1.83064 -22.4282
1.81395 -22.7227
1.79727 -22.967
1.78058 -23.2335
1.7639 -23.4701
1.74721 -23.7514
1.73053 -23.9927
1.71384 -24.255
1.69715 -24.49
1.68047 -24.7299
1.66379 -24.9683
1.6471 -25.1959
1.63041 -25.4095
1.61373 -25.5991
1.59704 -25.7889
1.58036 -25.9603
1.56367 -26.1533
1.54699 -26.304
1.5303 -26.4564
1.51362 -26.6088
1.49693 -26.7645
1.48025 -26.925
1.46356 -27.107
1.44688 -27.2464
1.43019 -27.3568
1.41351 -27.4272
1.39682 -27.5085
1.38014 -27.5728
1.36345 -27.6414
1.34676 -27.6942
1.33008 -27.7562
1.3134 -27.7953
1.29671 -27.8528
1.28002 -27.9088
1.26334 -27.935
1.24665 -27.9634
1.22997 -27.9554
1.21328 -27.9537
1.1966 -27.952
1.17991 -27.9634
1.16323 -27.9749
1.14654 -27.9461
1.12986 -27.9072
1.11317 -27.8212
1.09649 -27.7576
1.0798 -27.6786
1.06312 -27.6221
1.04643 -27.5431
1.02974 -27.4513
1.01306 -27.3391
0.996375 -27.2266
0.97969 -27.082
0.963004 -26.9584
0.946319 -26.8177
0.929634 -26.6863
0.912949 -26.5329
0.896263 -26.3821
0.879578 -26.2355
0.862893 -26.099
0.846208 -25.9763
0.829522 -25.8638
0.812837 -25.7813
0.796152 -25.6835
0.779467 -25.6019
0.762781 -25.5106
0.746096 -25.4205
0.729411 -25.3043
0.712726 -25.2001
0.69604 -25.0973
0.679355 -25.0121
0.66267 -24.9254
0.645985 -24.8646
0.629299 -24.803
0.612614 -24.7274
0.595929 -24.6681
0.579244 -24.6078
0.562558 -24.5702
0.545873 -24.5224
0.529188 -24.4518
0.512503 -24.4001
0.495817 -24.3818
0.479132 -24.3762
0.462447 -24.3631
0.445762 -24.3618
0.429076 -24.3909
0.412391 -24.4154
0.395706 -24.458
0.379021 -24.5089
0.362335 -24.5675
0.34565 -24.5972
0.328965 -24.5949
0.31228 -24.5726
0.295594 -24.5774
0.278909 -24.6012
0.262224 -24.6155
0.245539 -24.6239
0.228853 -24.6249
0.212168 -24.6381
0.195483 -24.6453
0.178798 -24.6491
0.162112 -24.6632
0.145427 -24.6576
0.128742 -24.6512
0.112057 -24.6442
0.0953714 -24.6616
0.0786861 -24.6666
0.0620009 -24.6664
0.0453156 -24.6829
0.0286304 -24.6694
0.0119451 -24.6317
-0.0047401 -24.6306
-0.0214253 -24.6518
-0.0381106 -24.6442
-0.0547959 -24.6707
-0.0714811 -24.6545
-0.0881664 -24.6962
-0.104852 -24.7612
-0.121537 -24.7949
-0.138222 -24.6527
-0.154907 -23.7866
