3.16779 0.265773
3.15108 0.342865
3.13437 -0.275811
3.11767 -0.157364
3.10096 -0.0850699
3.08426 -0.0658958
3.06755 -0.0175082
3.05084 0.0011825
3.03414 0.0142005
3.01743 0.0062613
3.00072 0
2.98402 -0.016349
2.96731 -0.051624
2.9506 -0.0837252
2.9339 -0.0941151
2.91719 -0.0898728
2.90049 -0.0988448
2.88378 -0.117713
2.86707 -0.145523
2.85037 -0.170226
2.83366 -0.176664
2.81695 -0.15812
2.80025 -0.142044
2.78354 -0.142559
2.76683 -0.161819
2.75013 -0.164914
2.73342 -0.1723
2.71671 -0.143076
2.70001 -0.133954
2.6833 -0.130363
2.6666 -0.131722
2.64989 -0.136861
2.63318 -0.100615
2.61648 -0.0363991
2.59977 0.0168577
2.58306 0.0369413
2.56636 0.0667413
2.54965 0.0899273
2.53294 0.0354937
2.51624 -0.0408471
2.49953 -0.157071
2.48283 -0.321383
2.46612 -0.532529
2.44941 -0.801588
2.43271 -1.13361
2.416 -1.53877
2.39929 -1.99087
2.38259 -2.46985
2.36588 -2.97851
2.34917 -3.54396
2.33247 -4.11594
2.31576 -4.67763
2.29906 -5.23892
2.28235 -5.81166
2.26564 -6.3953
2.24894 -6.99528
2.23223 -7.63688
2.21552 -8.3266
2.19882 -8.99717
2.18211 -9.66524
2.1654 -10.325
2.1487 -10.9967
2.13199 -11.6532
2.11529 -12.2864
2.09858 -12.9093
2.08187 -13.5112
2.06516 -14.1548
2.04846 -14.8028
2.03175 -15.4318
2.01505 -15.9936
1.99834 -16.5108
1.98163 -17.0459
1.96493 -17.5805
1.94822 -18.1082
1.93151 -18.6446
1.91481 -19.1572
1.8981 -19.6959
1.88139 -20.2269
1.86469 -20.7537
1.84798 -21.2765
1.83128 -21.7372
1.81457 -22.1507
1.79786 -22.5347
1.78116 -22.9067
1.76445 -23.279
1.74774 -23.6358
1.73104 -23.9945
1.71433 -24.3331
1.69762 -24.6856
1.68092 -25.0193
1.66421 -25.3603
1.64751 -25.6947
1.6308 -26.0122
1.61409 -26.3179
1.59739 -26.6228
1.58068 -26.9113
1.56397 -27.1644
1.54727 -27.4305
1.53056 -27.6824
1.51385 -27.9312
1.49715 -28.1724
1.48044 -28.4033
1.46374 -28.6371
1.44703 -28.8486
1.43032 -29.0509
1.41362 -29.2277
1.39691 -29.4051
1.3802 -29.5778
1.3635 -29.7692
1.34679 -29.9583
1.33008 -30.1103
1.31338 -30.2301
1.29667 -30.323
1.27997 -30.4172
1.26326 -30.5216
1.24655 -30.5925
1.22985 -30.6051
1.21314 -30.5946
1.19643 -30.5757
1.17973 -30.5623
1.16302 -30.5548
1.14631 -30.5503
1.12961 -30.5369
1.1129 -30.5191
1.0962 -30.4945
1.07949 -30.495
1.06278 -30.4519
1.04608 -30.4021
1.02937 -30.3176
1.01266 -30.2016
0.995957 -30.0947
0.97925 -30.004
0.962544 -29.9201
0.945838 -29.7876
0.929131 -29.6122
0.912425 -29.4398
0.895718 -29.2752
0.879012 -29.1353
0.862306 -28.987
0.845599 -28.8079
0.828893 -28.6328
0.812187 -28.4371
0.79548 -28.2268
0.778774 -28.0245
0.762067 -27.7979
0.745361 -27.6037
0.728655 -27.3296
0.711948 -27.1091
0.695242 -26.8636
0.678535 -26.664
0.661829 -26.461
0.645123 -26.2662
0.628416 -26.0725
0.61171 -25.8549
0.595004 -25.6726
0.578297 -25.4912
0.561591 -25.3465
0.544884 -25.2176
0.528178 -25.1224
0.511472 -25.0182
0.494765 -24.9324
0.478059 -24.8658
0.461352 -24.8032
0.444646 -24.7228
0.42794 -24.6597
0.411233 -24.5963
0.394527 -24.5623
0.377821 -24.503
0.361114 -24.4871
0.344408 -24.471
0.327701 -24.4669
0.310995 -24.4635
0.294289 -24.4876
0.277582 -24.5079
0.260876 -24.5116
0.244169 -24.5215
0.227463 -24.4987
0.210757 -24.4733
0.19405 -24.4681
0.177344 -24.4383
0.160637 -24.4381
0.143931 -24.4128
0.127225 -24.3702
0.110518 -24.3612
0.0938119 -24.3266
0.0771055 -24.295
0.0603991 -24.2746
0.0436928 -24.26
0.0269864 -24.2503
0.01028 -24.2491
-0.00642639 -24.2565
-0.0231328 -24.283
-0.0398392 -24.2754
-0.0565455 -24.3028
-0.0732519 -24.3367
-0.0899583 -24.3723
-0.106665 -24.3414
-0.123371 -24.4881
-0.140077 -24.5669
-0.156784 -24.5604
