3.17925 -2.64748
3.16256 3.0432
3.14587 -0.5623
3.12918 0.2272
3.11249 0.1845
3.0958 0.0793
3.07911 0.1117
3.06242 0.1081
3.04573 0.1052
3.02904 0.0858
3.01235 0.0648
2.99566 0
2.97897 -0.0307
2.96228 -0.1118
2.94559 -0.1618
2.9289 -0.1974
2.91221 -0.2461
2.89552 -0.2901
2.87883 -0.349
2.86214 -0.4596
2.84545 -0.5129
2.82876 -0.5936
2.81207 -0.6432
2.79538 -0.7089
2.77869 -0.7909
2.762 -0.8764
2.74531 -0.9452
2.72862 -0.9566
2.71193 -0.9436
2.69524 -0.9606
2.67855 -0.9528
2.66186 -0.9834
2.64517 -1.0432
2.62848 -1.0778
2.61179 -1.1316
2.5951 -1.2124
2.57841 -1.2892
2.56171 -1.3579
2.54502 -1.3965
2.52834 -1.3849
2.51165 -1.3605
2.49495 -1.3209
2.47826 -1.3074
2.46157 -1.2919
2.44488 -1.2254
2.42819 -1.1338
2.4115 -0.9946
2.39481 -0.8912
2.37812 -0.7427
2.36143 -0.6454
2.34474 -0.55
2.32805 -0.4144
2.31136 -0.2565
2.29467 -0.1068
2.27798 0.0171
2.26129 0.1258
2.2446 0.1907
2.22791 0.2557
2.21122 0.3252
2.19453 0.3855
2.17784 0.418
2.16115 0.4204
2.14446 0.4412
2.12777 0.5012
2.11108 0.5035
2.09439 0.4798
2.0777 0.4227
2.06101 0.3847
2.04432 0.3095
2.02763 0.2621
2.01094 0.266
1.99425 0.2789
1.97756 0.3107
1.96087 0.3052
1.94418 0.3015
1.92749 0.2492
1.9108 0.2184
1.8941 0.1685
1.87742 0.151
1.86072 0.1556
1.84403 0.1945
1.82734 0.2954
1.81065 0.4025
1.79396 0.5419
1.77727 0.6391
1.76058 0.7734
1.74389 0.9049
1.7272 1.0282
1.71051 1.1979
1.69382 1.3746
1.67713 1.5099
1.66044 1.6783
1.64375 1.8752
1.62706 2.1302
1.61037 2.3775
1.59368 2.6703
1.57699 2.9261
1.5603 3.2095
1.54361 3.4925
1.52692 3.8053
1.51023 4.1406
1.49354 4.5038
1.47685 4.8433
1.46016 5.205
1.44347 5.5863
1.42678 5.9716
1.41009 6.3492
1.3934 6.7202
1.37671 7.1083
1.36002 7.5123
1.34333 7.9668
1.32664 8.4403
1.30995 8.9553
1.29326 9.4675
1.27657 10.0022
1.25988 10.4875
1.24318 10.9784
1.22649 11.4458
1.20981 12.0109
1.19311 12.5219
1.17642 13.0911
1.15973 13.6815
1.14304 14.3145
1.12635 14.9489
1.10966 15.5997
1.09297 16.2629
1.07628 16.8971
1.05959 17.5064
1.0429 18.1018
1.02621 18.744
1.00952 19.4147
0.992831 20.0885
0.976141 20.7891
0.959451 21.4871
0.942761 22.2145
0.926071 22.9318
0.90938 23.6857
0.89269 24.4406
0.876 25.173
0.859309 25.8606
0.842619 26.5782
0.825929 27.3619
0.809239 28.1413
0.792548 28.9209
0.775858 29.7291
0.759168 30.484
0.742478 31.2631
0.725787 32.0626
0.709097 32.8743
0.692407 33.6641
0.675717 34.4277
0.659026 35.2552
0.642336 36.1058
0.625646 36.9798
0.608956 37.8569
0.592265 38.6982
0.575575 39.5339
0.558885 40.3722
0.542195 41.1715
0.525504 41.9685
0.508814 42.7436
0.492124 43.4842
0.475434 44.1685
0.458743 44.7792
0.442053 45.2464
0.425363 45.6259
0.408673 45.9148
0.391982 46.1033
0.375292 46.1934
0.358602 46.2854
0.341912 46.3936
0.325221 46.4847
0.308531 46.5196
0.291841 46.4852
0.275151 46.4285
0.25846 46.3901
0.24177 46.3692
0.22508 46.3011
0.20839 46.2591
0.191699 46.2368
0.175009 46.1675
0.158319 46.1323
0.141628 46.1201
0.124938 46.1526
0.108248 46.1178
0.0915577 46.1294
0.0748675 46.1216
0.0581772 46.149
0.041487 46.1339
0.0247967 46.134
0.00810647 46.1761
-0.00858378 46.1831
-0.025274 46.1735
-0.0419643 46.2005
-0.0586545 46.2039
-0.0753448 46.1993
-0.0920351 45.921
-0.108725 46.5392
-0.125416 45.2594
-0.142106 43.8493
