3.15811 -0.5811
3.14155 0.022
3.12499 0.0716
3.10844 -0.2247
3.09188 -0.1733
3.07532 -0.1221
3.05876 -0.0868
3.0422 -0.0519
3.02564 -0.0442
3.00909 0.0034
2.99253 0
2.97597 0.0094
2.95941 0.0102
2.94285 0.003
2.92629 0.0322
2.90973 0.0759
2.89318 0.1127
2.87662 0.1408
2.86006 0.1783
2.8435 0.23
2.82694 0.3197
2.81039 0.3828
2.79383 0.4602
2.77727 0.5406
2.76071 0.5975
2.74415 0.6749
2.72759 0.7749
2.71103 0.8806
2.69448 0.9538
2.67792 1.0214
2.66136 1.1043
2.6448 1.1583
2.62824 1.2575
2.61169 1.3501
2.59513 1.4652
2.57857 1.5288
2.56201 1.6114
2.54545 1.7217
2.52889 1.8678
2.51234 2.023
2.49578 2.1669
2.47922 2.328
2.46266 2.4332
2.4461 2.5257
2.42954 2.6126
2.41298 2.6809
2.39643 2.7389
2.37987 2.7661
2.36331 2.8105
2.34675 2.814
2.33019 2.8141
2.31363 2.8042
2.29708 2.7865
2.28052 2.751
2.26396 2.7214
2.2474 2.6626
2.23084 2.6306
2.21428 2.5948
2.19773 2.5591
2.18117 2.4986
2.16461 2.389
2.14805 2.2765
2.13149 2.2192
2.11493 2.1347
2.09838 2.012
2.08182 1.8748
2.06526 1.6812
2.0487 1.5565
2.03214 1.4648
2.01558 1.4157
1.99903 1.3541
1.98247 1.2833
1.96591 1.1917
1.94935 1.0961
1.93279 1.0176
1.91623 0.9546
1.89968 0.8817
1.88312 0.8057
1.86656 0.7185
1.85 0.6286
1.83344 0.562
1.81688 0.5093
1.80032 0.4887
1.78377 0.4372
1.76721 0.3976
1.75065 0.3974
1.73409 0.4355
1.71753 0.4873
1.70097 0.5582
1.68442 0.6001
1.66786 0.6364
1.6513 0.6571
1.63474 0.7518
1.61818 0.842
1.60163 0.9415
1.58507 1.0289
1.56851 1.0907
1.55195 1.2049
1.53539 1.3715
1.51883 1.5558
1.50228 1.7212
1.48572 1.8529
1.46916 1.9772
1.4526 2.0928
1.43604 2.2349
1.41948 2.3759
1.40292 2.5061
1.38637 2.5966
1.36981 2.6838
1.35325 2.8301
1.33669 3.0876
1.32013 3.3774
1.30357 3.6678
1.28702 3.9005
1.27046 4.1547
1.2539 4.5072
1.23734 4.8669
1.22078 5.2241
1.20422 5.5593
1.18767 5.8698
1.17111 6.1908
1.15455 6.6057
1.13799 7.0679
1.12143 7.5513
1.10487 8.0043
1.08832 8.4513
1.07176 8.9365
1.0552 9.5309
1.03864 10.211
1.02208 10.8926
1.00552 11.5475
0.988966 12.2029
0.972407 12.8554
0.955849 13.5984
0.939291 14.388
0.922732 15.1619
0.906174 15.9004
0.889616 16.6163
0.873057 17.3845
0.856499 18.2291
0.83994 19.1135
0.823382 19.9562
0.806824 20.7809
0.790265 21.5738
0.773707 22.4226
0.757149 23.3751
0.74059 24.3751
0.724032 25.3391
0.707473 26.2874
0.690915 27.2211
0.674357 28.1319
0.657798 29.0803
0.64124 30.002
0.624682 30.8963
0.608123 31.7691
0.591565 32.6177
0.575007 33.5486
0.558448 34.5492
0.54189 35.5567
0.525331 36.5218
0.508773 37.444
0.492215 38.3099
0.475656 39.183
0.459098 40.0477
0.44254 40.8449
0.425981 41.5692
0.409423 42.1818
0.392865 42.7592
0.376306 43.3584
0.359748 43.996
0.34319 44.576
0.326631 45.0884
0.310073 45.5032
0.293515 45.9316
0.276956 46.4567
0.260398 47.0541
0.243839 47.5982
0.227281 48.0565
0.210723 48.4149
0.194164 48.8226
0.177606 49.3888
0.161048 50.026
0.144489 50.6104
0.127931 51.0976
0.111372 51.5089
0.0948142 51.7755
0.0782558 51.9472
0.0616975 52.0323
0.0451391 52.1106
0.0285807 52.1287
0.0120224 52.1166
-0.00453597 52.026
-0.0210943 51.9438
-0.0376527 51.8365
-0.054211 51.6438
-0.0707694 51.4457
-0.0873278 51.2332
-0.103886 50.4971
-0.120444 51.8063
-0.137003 35.3954
