3.1507 -0.2529
3.13425 -0.4273
3.1178 0.1453
3.10135 0.1678
3.0849 0.2233
3.06845 0.1834
3.052 0.1238
3.03555 0.0905
3.0191 0.0597
3.00265 0
2.9862 -0.0345
2.96975 -0.0753
2.9533 -0.125
2.93684 -0.1694
2.92039 -0.1983
2.90394 -0.2246
2.88749 -0.2823
2.87104 -0.3302
2.85459 -0.4055
2.83814 -0.5121
2.82169 -0.5331
2.80524 -0.5967
2.78879 -0.6783
2.77234 -0.7905
2.75589 -0.8899
2.73944 -0.9776
2.72299 -1.0282
2.70654 -1.0766
2.69008 -1.1245
2.67363 -1.1769
2.65718 -1.2462
2.64073 -1.2775
2.62428 -1.3041
2.60783 -1.2932
2.59138 -1.2623
2.57493 -1.2641
2.55848 -1.2831
2.54203 -1.288
2.52558 -1.2948
2.50913 -1.248
2.49268 -1.2043
2.47622 -1.153
2.45977 -1.1256
2.44332 -1.103
2.42687 -1.1306
2.41042 -1.1894
2.39397 -1.2526
2.37752 -1.3261
2.36107 -1.4014
2.34462 -1.4174
2.32817 -1.3579
2.31172 -1.3025
2.29527 -1.2321
2.27882 -1.183
2.26236 -1.1693
2.24591 -1.1895
2.22946 -1.2044
2.21301 -1.2293
2.19656 -1.2315
2.18011 -1.2646
2.16366 -1.3763
2.14721 -1.4625
2.13076 -1.6416
2.11431 -1.7673
2.09786 -1.9046
2.08141 -2.0104
2.06496 -2.1264
2.04851 -2.2341
2.03206 -2.3181
2.0156 -2.3759
1.99915 -2.4241
1.9827 -2.4683
1.96625 -2.5303
1.9498 -2.5564
1.93335 -2.5406
1.9169 -2.5531
1.90045 -2.5337
1.884 -2.5057
1.86755 -2.4838
1.8511 -2.4462
1.83465 -2.4459
1.8182 -2.4438
1.80174 -2.4143
1.78529 -2.3928
1.76884 -2.3331
1.75239 -2.2558
1.73594 -2.1129
1.71949 -1.9257
1.70304 -1.7393
1.68659 -1.5801
1.67014 -1.42
1.65369 -1.223
1.63724 -1.006
1.62079 -0.7202
1.60434 -0.4481
1.58788 -0.1624
1.57143 0.1319
1.55498 0.4273
1.53853 0.8268
1.52208 1.2387
1.50563 1.6768
1.48918 2.0834
1.47273 2.5255
1.45628 2.8766
1.43983 3.2159
1.42338 3.5632
1.40693 3.8913
1.39048 4.267
1.37403 4.5797
1.35757 4.8571
1.34112 5.1657
1.32467 5.5166
1.30822 5.9562
1.29177 6.3755
1.27532 6.8514
1.25887 7.3143
1.24242 7.8307
1.22597 8.4029
1.20952 8.9732
1.19307 9.5549
1.17662 10.1149
1.16017 10.6906
1.14372 11.2406
1.12726 11.8121
1.11081 12.3957
1.09436 12.9917
1.07791 13.59
1.06146 14.2086
1.04501 14.8693
1.02856 15.5843
1.01211 16.3065
0.995658 17.0393
0.979208 17.7404
0.962757 18.4019
0.946306 19.0502
0.929855 19.7657
0.913405 20.445
0.896954 21.1813
0.880503 21.894
0.864053 22.6627
0.847602 23.4024
0.831151 24.1413
0.8147 24.8708
0.798249 25.6194
0.781799 26.3585
0.765348 27.0965
0.748897 27.8186
0.732447 28.5621
0.715996 29.3102
0.699545 30.079
0.683094 30.8564
0.666644 31.7294
0.650193 32.6646
0.633742 33.6316
0.617291 34.5952
0.600841 35.5785
0.58439 36.5184
0.567939 37.3095
0.551489 37.9786
0.535038 38.6018
0.518587 39.2433
0.502136 39.8513
0.485686 40.4245
0.469235 40.997
0.452784 41.6113
0.436333 42.1824
0.419883 42.6515
0.403432 43.0147
0.386981 43.2864
0.37053 43.5419
0.35408 43.7894
0.337629 43.9614
0.321178 44.0653
0.304727 44.1131
0.288277 44.1253
0.271826 44.1655
0.255375 44.1781
0.238925 44.1956
0.222474 44.207
0.206023 44.2182
0.189572 44.2175
0.173122 44.2541
0.156671 44.2769
0.14022 44.3315
0.123769 44.3376
0.107319 44.3481
0.0908679 44.4037
0.0744172 44.4258
0.0579665 44.4399
0.0415157 44.4513
0.025065 44.4916
0.00861425 44.4772
-0.00783649 44.4584
-0.0242872 44.4865
-0.040738 44.497
-0.0571887 44.3553
-0.0736394 44.2979
-0.0900902 44.8967
-0.106541 43.7706
-0.122992 42.7253
