3.15361 -1.93152
3.13708 -1.43154
3.12056 -1.37146
3.10403 -1.02159
3.08751 -0.69864
3.07098 -0.4878
3.05446 -0.3291
3.03793 -0.1823
3.02141 -0.0839
3.00488 0
2.98836 0.0269
2.97183 0.0064
2.95531 -0.0361
2.93878 -0.0461
2.92226 0.0201
2.90573 0.1217
2.88921 0.1779
2.87268 0.1938
2.85616 0.1691
2.83963 0.1897
2.82311 0.2705
2.80658 0.3866
2.79006 0.468
2.77353 0.5087
2.75701 0.5225
2.74048 0.5717
2.72396 0.6745
2.70743 0.7962
2.69091 0.9023
2.67438 0.9674
2.65786 1.0196
2.64133 1.0974
2.62481 1.2511
2.60828 1.423
2.59176 1.5817
2.57523 1.7141
2.55871 1.8058
2.54218 1.9249
2.52566 2.0794
2.50913 2.2576
2.49261 2.4208
2.47608 2.5467
2.45956 2.6574
2.44303 2.768
2.42651 2.926
2.40998 3.112
2.39346 3.2762
2.37693 3.4024
2.36041 3.4962
2.34388 3.6483
2.32736 3.8386
2.31083 4.0192
2.29431 4.197
2.27778 4.2972
2.26126 4.4057
2.24473 4.5074
2.22821 4.5896
2.21168 4.6511
2.19516 4.6358
2.17863 4.5985
2.16211 4.5315
2.14558 4.4043
2.12906 4.2916
2.11253 4.1939
2.09601 4.0791
2.07948 3.9191
2.06296 3.7535
2.04643 3.5577
2.02991 3.3848
2.01338 3.2062
1.99686 3.0868
1.98033 2.909
1.96381 2.731
1.94728 2.6094
1.93076 2.5034
1.91423 2.4593
1.89771 2.4157
1.88119 2.3391
1.86466 2.2846
1.84814 2.2369
1.83161 2.1962
1.81509 2.1659
1.79856 2.163
1.78204 2.1238
1.76551 2.0958
1.74899 2.0616
1.73246 2.0758
1.71593 2.1111
1.69941 2.1492
1.68288 2.2339
1.66636 2.3028
1.64983 2.3263
1.63331 2.3503
1.61678 2.3558
1.60026 2.3727
1.58373 2.4135
1.56721 2.4657
1.55069 2.5401
1.53416 2.6851
1.51764 2.8394
1.50111 2.9948
1.48459 3.1827
1.46806 3.3752
1.45154 3.6206
1.43501 3.9407
1.41849 4.3077
1.40196 4.6719
1.38544 5.0577
1.36891 5.4279
1.35239 5.7999
1.33586 6.1035
1.31934 6.4106
1.30281 6.7288
1.28629 7.0763
1.26976 7.4426
1.25324 7.8716
1.23671 8.3545
1.22019 8.8633
1.20366 9.3811
1.18714 9.9226
1.17061 10.4498
1.15409 10.9278
1.13756 11.4574
1.12104 11.9652
1.10451 12.4904
1.08799 13.0245
1.07146 13.5414
1.05494 14.1015
1.03841 14.6961
1.02189 15.3118
1.00536 15.9157
0.988836 16.5244
0.972311 17.1221
0.955786 17.72
0.939261 18.3178
0.922736 18.9373
0.906211 19.5435
0.889687 20.1783
0.873162 20.8029
0.856637 21.5128
0.840112 22.2599
0.823587 22.9972
0.807062 23.7493
0.790537 24.5164
0.774012 25.2563
0.757487 25.9672
0.740962 26.6924
0.724437 27.4296
0.707912 28.1663
0.691387 28.9138
0.674862 29.6663
0.658337 30.4324
0.641812 31.2335
0.625287 32.0079
0.608762 32.7637
0.592237 33.5275
0.575712 34.2673
0.559187 34.9891
0.542662 35.724
0.526137 36.4267
0.509612 37.0855
0.493087 37.7379
0.476562 38.4045
0.460037 39.1254
0.443512 39.8564
0.426987 40.5263
0.410462 41.152
0.393937 41.7312
0.377412 42.3281
0.360888 42.9682
0.344363 43.5637
0.327838 44.0871
0.311313 44.5327
0.294788 44.9338
0.278263 45.3366
0.261738 45.7851
0.245213 46.1853
0.228688 46.5253
0.212163 46.7694
0.195638 46.9484
0.179113 47.2188
0.162588 47.5462
0.146063 47.8496
0.129538 48.0587
0.113013 48.1878
0.096488 48.2454
0.079963 48.3375
0.063438 48.4629
0.0469131 48.5653
0.0303881 48.6081
0.0138631 48.6284
-0.00266185 48.5617
-0.0191868 48.5098
-0.0357118 48.3769
-0.0522368 48.2471
-0.0687617 47.9411
-0.0852867 47.7938
-0.101812 47.1231
-0.118337 48.6156
-0.134862 47.9071
