3.16351 -0.1648
3.14705 0.195
3.13058 -0.1313
3.11412 0.1422
3.09766 0.0983
3.0812 0.1826
3.06473 0.1192
3.04827 0.0901
3.03181 0.0556
3.01535 0.0332
2.99888 0
2.98242 -0.0692
2.96596 -0.1596
2.9495 -0.2338
2.93303 -0.3102
2.91657 -0.3773
2.90011 -0.4476
2.88365 -0.4997
2.86718 -0.5743
2.85072 -0.6888
2.83426 -0.7836
2.81779 -0.9319
2.80133 -1.034
2.78487 -1.1637
2.76841 -1.285
2.75194 -1.3755
2.73548 -1.4786
2.71902 -1.5698
2.70256 -1.6843
2.68609 -1.7957
2.66963 -1.9177
2.65317 -2.0161
2.63671 -2.1005
2.62024 -2.1797
2.60378 -2.2641
2.58732 -2.3369
2.57086 -2.4446
2.55439 -2.4672
2.53793 -2.4837
2.52147 -2.5104
2.50501 -2.5646
2.48854 -2.6113
2.47208 -2.688
2.45562 -2.7662
2.43915 -2.8063
2.42269 -2.7862
2.40623 -2.7236
2.38977 -2.6717
2.37331 -2.587
2.35684 -2.5565
2.34038 -2.5041
2.32392 -2.4227
2.30745 -2.3471
2.29099 -2.2454
2.27453 -2.1879
2.25807 -2.1428
2.2416 -2.1165
2.22514 -2.0468
2.20868 -1.9543
2.19222 -1.8674
2.17575 -1.8059
2.15929 -1.7807
2.14283 -1.8187
2.12637 -1.9003
2.1099 -1.9578
2.09344 -2.0013
2.07698 -2.0319
2.06052 -2.0696
2.04405 -2.118
2.02759 -2.1574
2.01113 -2.1862
1.99466 -2.1827
1.9782 -2.1864
1.96174 -2.1698
1.94528 -2.0818
1.92881 -1.9844
1.91235 -1.8528
1.89589 -1.7241
1.87943 -1.5914
1.86296 -1.4191
1.8465 -1.2105
1.83004 -0.9387
1.81358 -0.6279
1.79711 -0.3007
1.78065 -0.0065
1.76419 0.2886
1.74773 0.5286
1.73126 0.7051
1.7148 0.9177
1.69834 1.124
1.68188 1.3255
1.66541 1.5685
1.64895 1.7703
1.63249 1.9558
1.61603 2.1449
1.59956 2.3438
1.5831 2.5163
1.56664 2.6874
1.55018 2.8869
1.53371 3.0975
1.51725 3.3057
1.50079 3.5464
1.48432 3.7498
1.46786 4.0276
1.4514 4.4047
1.43494 4.8006
1.41847 5.191
1.40201 5.6035
1.38555 5.9797
1.36909 6.394
1.35262 6.847
1.33616 7.3635
1.3197 7.8917
1.30324 8.4671
1.28677 9.0446
1.27031 9.606
1.25385 10.1454
1.23739 10.7156
1.22092 11.2841
1.20446 11.8503
1.188 12.4567
1.17154 13.0692
1.15507 13.7434
1.13861 14.4477
1.12215 15.139
1.10569 15.8669
1.08922 16.5861
1.07276 17.332
1.0563 18.1117
1.03984 18.9152
1.02337 19.7222
1.00691 20.544
0.990448 21.319
0.973985 22.1016
0.957522 22.8442
0.94106 23.6047
0.924597 24.3538
0.908135 25.1326
0.891672 25.8997
0.875209 26.7176
0.858747 27.5911
0.842284 28.5083
0.825822 29.4371
0.809359 30.3808
0.792897 31.3273
0.776434 32.2891
0.759971 33.2217
0.743509 34.1252
0.727046 35.0241
0.710584 35.9322
0.694121 36.8667
0.677659 37.8502
0.661196 38.8336
0.644733 39.8256
0.628271 40.8609
0.611808 41.885
0.595345 42.9032
0.578883 43.889
0.56242 44.923
0.545958 45.9844
0.529495 47.0725
0.513033 48.1958
0.49657 49.3228
0.480108 50.3805
0.463645 51.2785
0.447182 52.1428
0.43072 52.9865
0.414257 53.8623
0.397794 54.7509
0.381332 55.6677
0.364869 56.5796
0.348407 57.4747
0.331944 58.3831
0.315482 59.3301
0.299019 60.2559
0.282556 61.1939
0.266094 62.1644
0.249631 63.1066
0.233169 64.0467
0.216706 65.0068
0.200243 65.955
0.183781 66.9249
0.167318 67.964
0.150856 69.0392
0.134393 70.1049
0.117931 71.1937
0.101468 72.258
0.0850054 73.3514
0.0685428 74.4877
0.0520803 75.6705
0.0356177 76.8696
0.0191551 78.0856
0.00269249 79.2985
-0.0137701 80.5263
-0.0302327 81.7468
-0.0466953 82.9265
-0.0631579 83.9683
-0.0796204 85.1409
-0.096083 85.7304
-0.112546 88.2433
