3.15229 2.1147
3.13572 -0.2563
3.11915 -0.2307
3.10257 -0.1794
3.086 -0.1523
3.06943 -0.1097
3.05286 -0.0748
3.03628 -0.0372
3.01971 -0.0331
3.00314 0
2.98656 0.0287
2.96999 0.0458
2.95342 0.0463
2.93684 0.0864
2.92027 0.1092
2.9037 0.1214
2.88713 0.1279
2.87055 0.132
2.85398 0.1065
2.8374 0.1387
2.82083 0.1358
2.80426 0.1252
2.78769 0.0985
2.77111 0.0913
2.75454 0.0944
2.73797 0.0628
2.72139 0.0638
2.70482 0.0558
2.68825 0.0119
2.67168 -0.0231
2.6551 -0.0211
2.63853 0.017
2.62196 0.0548
2.60538 0.0679
2.58881 0.0708
2.57224 0.0322
2.55566 0.0065
2.53909 -0.0315
2.52252 -0.0106
2.50594 0.0446
2.48937 0.0812
2.4728 0.112
2.45622 0.1541
2.43965 0.1959
2.42308 0.2792
2.40651 0.3604
2.38993 0.4425
2.37336 0.5021
2.35679 0.5875
2.34021 0.6867
2.32364 0.7634
2.30707 0.8485
2.29049 0.9338
2.27392 0.9798
2.25735 0.9969
2.24078 1.0246
2.2242 1.028
2.20763 1.0524
2.19106 1.0779
2.17448 1.0537
2.15791 1.0653
2.14134 0.9602
2.12476 0.7991
2.10819 0.6451
2.09162 0.4579
2.07504 0.2704
2.05847 0.1089
2.0419 0.0666
2.02533 0.152
2.00875 0.2704
1.99218 0.3517
1.97561 0.4037
1.95903 0.4447
1.94246 0.4838
1.92589 0.4859
1.90931 0.5108
1.89274 0.5263
1.87617 0.5502
1.8596 0.5502
1.84302 0.4933
1.82645 0.4285
1.80988 0.315
1.7933 0.2372
1.77673 0.1212
1.76016 -0.0158
1.74358 -0.1363
1.72701 -0.2032
1.71044 -0.2581
1.69386 -0.3308
1.67729 -0.4668
1.66072 -0.6332
1.64414 -0.8066
1.62757 -0.9051
1.611 -0.9956
1.59443 -1.1403
1.57785 -1.2859
1.56128 -1.5164
1.54471 -1.6749
1.52813 -1.7515
1.51156 -1.7524
1.49499 -1.7386
1.47842 -1.7578
1.46184 -1.8122
1.44527 -1.7944
1.4287 -1.697
1.41212 -1.5607
1.39555 -1.4547
1.37898 -1.3883
1.3624 -1.3273
1.34583 -1.2316
1.32926 -1.0509
1.31268 -0.8389
1.29611 -0.6456
1.27954 -0.4977
1.26296 -0.2785
1.24639 0.0514
1.22982 0.5524
1.21325 1.1071
1.19667 1.6135
1.1801 2.1136
1.16353 2.6039
1.14695 3.1439
1.13038 3.6964
1.11381 4.2901
1.09723 4.8881
1.08066 5.4456
1.06409 6.1373
1.04751 6.8822
1.03094 7.6707
1.01437 8.4576
0.997796 9.1889
0.981223 9.8868
0.96465 10.6089
0.948077 11.3679
0.931504 12.1762
0.914931 12.9421
0.898358 13.6849
0.881785 14.3938
0.865212 15.1807
0.848639 16.0943
0.832066 17.0605
0.815493 17.9993
0.79892 18.9273
0.782347 19.8058
0.765773 20.7585
0.7492 21.8179
0.732627 22.9458
0.716054 24.0396
0.699481 25.0789
0.682908 26.1392
0.666335 27.1835
0.649762 28.3541
0.633189 29.5703
0.616616 30.7478
0.600043 31.9408
0.58347 33.0886
0.566897 34.3609
0.550324 35.7027
0.533751 37.0305
0.517178 38.3323
0.500605 39.591
0.484032 40.8025
0.467458 42.0563
0.450885 43.4068
0.434312 44.7221
0.417739 45.9737
0.401166 47.1365
0.384593 48.313
0.36802 49.5407
0.351447 50.8923
0.334874 52.2273
0.318301 53.5501
0.301728 54.817
0.285155 56.1174
0.268582 57.4329
0.252009 58.8072
0.235436 60.1338
0.218863 61.4276
0.20229 62.6794
0.185717 63.9557
0.169144 65.2913
0.15257 66.6773
0.135997 68.0361
0.119424 69.3769
0.102851 70.6644
0.0862783 71.9104
0.0697052 73.0652
0.0531322 74.1113
0.0365591 75.1566
0.019986 76.1274
0.00341298 77.0446
-0.0131601 77.8513
-0.0297331 78.5511
-0.0463062 79.1041
-0.0628792 79.5135
-0.0794523 79.7437
-0.0960253 79.989
-0.112598 79.87
-0.129171 79.047
-0.145744 72.8121
