3.16179 3.2433
3.14528 0.1371
3.12878 0.1891
3.11228 0.2614
3.09577 0.3141
3.07927 0.2626
3.06277 0.2274
3.04626 0.1721
3.02976 0.1073
3.01326 0.0637
2.99675 0
2.98025 -0.0917
2.96374 -0.1768
2.94724 -0.2492
2.93074 -0.3169
2.91423 -0.3851
2.89773 -0.502
2.88123 -0.5935
2.86472 -0.7004
2.84822 -0.8331
2.83171 -0.9351
2.81521 -1.0425
2.79871 -1.1267
2.7822 -1.2094
2.7657 -1.3416
2.7492 -1.4105
2.73269 -1.5025
2.71619 -1.5379
2.69968 -1.6183
2.68318 -1.6957
2.66668 -1.787
2.65017 -1.9009
2.63367 -2.0136
2.61717 -2.0756
2.60066 -2.1261
2.58416 -2.1568
2.56765 -2.2136
2.55115 -2.2729
2.53465 -2.3469
2.51814 -2.3667
2.50164 -2.3931
2.48514 -2.3874
2.46863 -2.3754
2.45213 -2.4047
2.43562 -2.3945
2.41912 -2.3466
2.40262 -2.2262
2.38611 -2.1357
2.36961 -2.0289
2.35311 -1.9909
2.3366 -2.0918
2.3201 -2.2974
2.3036 -2.5033
2.28709 -2.6943
2.27059 -2.9125
2.25408 -3.095
2.23758 -3.1796
2.22108 -3.1577
2.20457 -3.1198
2.18807 -3.0526
2.17157 -3.0298
2.15506 -3.0447
2.13856 -3.1119
2.12206 -3.1778
2.10555 -3.289
2.08905 -3.3891
2.07254 -3.5178
2.05604 -3.6129
2.03954 -3.6615
2.02303 -3.6485
2.00653 -3.6228
1.99002 -3.6199
1.97352 -3.6232
1.95702 -3.6244
1.94051 -3.5953
1.92401 -3.5632
1.90751 -3.5229
1.891 -3.4941
1.8745 -3.4936
1.858 -3.4347
1.84149 -3.3348
1.82499 -3.1888
1.80848 -3.0275
1.79198 -2.8861
1.77548 -2.7424
1.75897 -2.6375
1.74247 -2.4876
1.72597 -2.3228
1.70946 -2.1217
1.69296 -1.9219
1.67646 -1.7263
1.65995 -1.5179
1.64345 -1.2955
1.62694 -1.0546
1.61044 -0.8113
1.59394 -0.5533
1.57743 -0.3354
1.56093 -0.1386
1.54442 0.0782
1.52792 0.2959
1.51142 0.4997
1.49491 0.6706
1.47841 0.8286
1.46191 1.0859
1.4454 1.5134
1.4289 1.9804
1.4124 2.435
1.39589 2.913
1.37939 3.3176
1.36288 3.7332
1.34638 4.1394
1.32988 4.6215
1.31337 5.1134
1.29687 5.6809
1.28037 6.2068
1.26386 6.7438
1.24736 7.278
1.23086 7.8247
1.21435 8.375
1.19785 8.9262
1.18134 9.4817
1.16484 10.0381
1.14834 10.6649
1.13183 11.298
1.11533 11.9584
1.09883 12.6438
1.08232 13.3161
1.06582 14.026
1.04931 14.761
1.03281 15.4963
1.01631 16.2388
0.999803 16.9813
0.9833 17.6995
0.966796 18.485
0.950292 19.2967
0.933789 20.1579
0.917285 21.0132
0.900781 21.8844
0.884277 22.7664
0.867774 23.6108
0.85127 24.4498
0.834766 25.2884
0.818263 26.136
0.801759 26.9726
0.785255 27.7862
0.768752 28.5828
0.752248 29.3827
0.735744 30.2043
0.71924 30.9754
0.702737 31.7156
0.686233 32.4453
0.669729 33.2787
0.653226 34.2118
0.636722 35.2224
0.620218 36.2178
0.603715 37.2263
0.587211 38.2297
0.570707 39.1885
0.554203 40.0848
0.5377 40.9918
0.521196 41.9467
0.504692 42.8837
0.488189 43.8287
0.471685 44.7005
0.455181 45.5732
0.438677 46.468
0.422174 47.3969
0.40567 48.3219
0.389166 49.2549
0.372663 50.1573
0.356159 51.0801
0.339655 51.9804
0.323152 52.9385
0.306648 53.9185
0.290144 54.91
0.273641 55.8853
0.257137 56.7906
0.240633 57.6954
0.224129 58.6049
0.207626 59.4996
0.191122 60.445
0.174618 61.4167
0.158115 62.4463
0.141611 63.5309
0.125107 64.5991
0.108604 65.6155
0.0920998 66.6228
0.0755961 67.5455
0.0590924 68.4737
0.0425887 69.4238
0.026085 70.39
0.00958134 71.3742
-0.00692236 72.3581
-0.0234261 73.3768
-0.0399298 74.3194
-0.0564335 75.1939
-0.0729372 76.0882
-0.0894409 76.8642
-0.105945 77.6029
-0.122448 77.8119
