3.15 -0.4282
3.13341 -0.8205
3.11682 -1.481
3.10023 -0.8341
3.08364 -0.6028
3.06704 -0.3816
3.05045 -0.2374
3.03386 -0.1095
3.01727 -0.0419
3.00067 0
2.98408 0.0133
2.96749 -0.0417
2.9509 -0.0982
2.9343 -0.1083
2.91771 -0.046
2.90112 0.034
2.88453 0.0367
2.86794 0.0394
2.85134 -0.0105
2.83475 -0.0019
2.81816 0.0653
2.80157 0.1539
2.78497 0.1832
2.76838 0.1843
2.75179 0.1361
2.7352 0.1333
2.71861 0.1827
2.70201 0.2416
2.68542 0.2689
2.66883 0.2595
2.65224 0.2473
2.63564 0.2694
2.61905 0.3566
2.60246 0.4285
2.58587 0.5113
2.56927 0.5167
2.55268 0.5077
2.53609 0.519
2.5195 0.6145
2.50291 0.7205
2.48631 0.8324
2.46972 0.8967
2.45313 0.9343
2.43654 0.9782
2.41994 1.0305
2.40335 1.1186
2.38676 1.1813
2.37017 1.2253
2.35357 1.275
2.33698 1.3475
2.32039 1.4351
2.3038 1.5251
2.28721 1.5396
2.27061 1.5195
2.25402 1.476
2.23743 1.3993
2.22084 1.3374
2.20424 1.2598
2.18765 1.1835
2.17106 1.0746
2.15447 0.9657
2.13788 0.9238
2.12128 0.8768
2.10469 0.8454
2.0881 0.7833
2.07151 0.6637
2.05491 0.5098
2.03832 0.3821
2.02173 0.272
2.00514 0.1723
1.98854 0.071
1.97195 -0.0791
1.95536 -0.186
1.93877 -0.2765
1.92217 -0.3474
1.90558 -0.4181
1.88899 -0.4904
1.8724 -0.584
1.85581 -0.6642
1.83921 -0.6862
1.82262 -0.7034
1.80603 -0.6949
1.78944 -0.6649
1.77285 -0.6492
1.75625 -0.6085
1.73966 -0.5514
1.72307 -0.4625
1.70647 -0.3495
1.68988 -0.2458
1.67329 -0.1163
1.6567 0.0372
1.64011 0.1722
1.62351 0.3643
1.60692 0.535
1.59033 0.706
1.57374 0.8771
1.55715 1.0936
1.54055 1.3621
1.52396 1.6345
1.50737 1.9147
1.49078 2.1659
1.47418 2.4212
1.45759 2.7325
1.441 3.0977
1.42441 3.5151
1.40781 3.941
1.39122 4.3682
1.37463 4.7985
1.35804 5.2643
1.34144 5.6947
1.32485 6.1401
1.30826 6.5786
1.29167 7.031
1.27508 7.5125
1.25848 7.9967
1.24189 8.5486
1.2253 9.0933
1.20871 9.6621
1.19212 10.2281
1.17552 10.8073
1.15893 11.3673
1.14234 11.9635
1.12575 12.5716
1.10915 13.1716
1.09256 13.7839
1.07597 14.3842
1.05938 14.9839
1.04278 15.6157
1.02619 16.2802
1.0096 16.9792
0.993007 17.6578
0.976415 18.3434
0.959823 19.0356
0.943231 19.7411
0.926638 20.4714
0.910046 21.2238
0.893454 21.9687
0.876861 22.7562
0.860269 23.5054
0.843677 24.3453
0.827085 25.1876
0.810492 26.0185
0.7939 26.8911
0.777308 27.7633
0.760715 28.5582
0.744123 29.3799
0.727531 30.1634
0.710939 30.991
0.694346 31.8265
0.677754 32.6198
0.661162 33.4484
0.64457 34.3611
0.627977 35.2414
0.611385 36.1564
0.594793 37.0437
0.5782 37.9339
0.561608 38.8391
0.545016 39.7453
0.528424 40.6637
0.511831 41.6036
0.495239 42.5553
0.478647 43.4548
0.462054 44.3863
0.445462 45.3049
0.42887 46.2845
0.412278 47.2492
0.395685 48.289
0.379093 49.2835
0.362501 50.3475
0.345909 51.3975
0.329316 52.4426
0.312724 53.4905
0.296132 54.5318
0.279539 55.6178
0.262947 56.7138
0.246355 57.8523
0.229763 58.969
0.21317 60.0832
0.196578 61.1768
0.179986 62.3218
0.163393 63.4599
0.146801 64.6463
0.130209 65.8201
0.113617 67.041
0.0970243 68.312
0.080432 69.5664
0.0638398 70.3961
0.0472475 70.6367
0.0306552 70.634
0.0140629 70.665
-0.00252936 70.6761
-0.0191216 70.6444
-0.0357139 70.6121
-0.0523062 70.5427
-0.0688985 70.5011
-0.0854908 70.3463
-0.102083 70.1182
-0.118675 70.1253
-0.135268 69.6691
-0.15186 70.171
