3.1537 -0.592935
3.13707 -0.514235
3.12044 -0.140405
3.10381 -0.104948
3.08717 -0.0371557
3.07054 -0.0139529
3.05391 -0.0106038
3.03728 0.00447
3.02065 -0.0058676
3.00401 0
2.98738 -0.0343022
2.97075 -0.0660329
2.95411 -0.0988721
2.93748 -0.129603
2.92085 -0.150487
2.90422 -0.171033
2.88759 -0.205979
2.87095 -0.254031
2.85432 -0.300305
2.83769 -0.320731
2.82106 -0.311429
2.80442 -0.310462
2.78779 -0.319127
2.77116 -0.331828
2.75453 -0.337515
2.73789 -0.379113
2.72126 -0.411194
2.70463 -0.447327
2.688 -0.488008
2.67136 -0.528734
2.65473 -0.594746
2.6381 -0.702626
2.62147 -0.847189
2.60484 -1.02276
2.5882 -1.25622
2.57157 -1.55234
2.55494 -1.90747
2.5383 -2.2341
2.52167 -2.45369
2.50504 -2.66075
2.48841 -2.92922
2.47178 -3.26469
2.45514 -3.66907
2.43851 -4.11811
2.42188 -4.60685
2.40525 -5.10763
2.38861 -5.61519
2.37198 -6.17477
2.35535 -6.74878
2.33872 -7.3361
2.32208 -7.942
2.30545 -8.57613
2.28882 -9.19273
2.27219 -9.81452
2.25555 -10.4311
2.23892 -11.018
2.22229 -11.547
2.20566 -12.0422
2.18902 -12.545
2.17239 -13.0218
2.15576 -13.4997
2.13913 -13.9762
2.12249 -14.3911
2.10586 -14.787
2.08923 -15.2046
2.0726 -15.6109
2.05597 -16.0324
2.03933 -16.4144
2.0227 -16.797
2.00607 -17.1347
1.98944 -17.4906
1.9728 -17.8412
1.95617 -18.1817
1.93954 -18.5304
1.92291 -18.8621
1.90627 -19.1873
1.88964 -19.4865
1.87301 -19.7982
1.85638 -20.1009
1.83974 -20.4125
1.82311 -20.6868
1.80648 -20.9696
1.78985 -21.2225
1.77321 -21.4945
1.75658 -21.7631
1.73995 -22.0073
1.72332 -22.2267
1.70669 -22.4195
1.69005 -22.6374
1.67342 -22.8351
1.65679 -23.01
1.64016 -23.1848
1.62352 -23.3385
1.60689 -23.4946
1.59026 -23.6502
1.57363 -23.7888
1.55699 -23.9432
1.54036 -24.0969
1.52373 -24.2304
1.5071 -24.3739
1.49046 -24.5126
1.47383 -24.6628
1.4572 -24.8006
1.44057 -24.8897
1.42393 -24.9417
1.4073 -24.9597
1.39067 -25.0029
1.37404 -25.0166
1.3574 -25.0374
1.34077 -25.0504
1.32414 -25.0433
1.30751 -25.0227
1.29088 -25.0084
1.27424 -24.9879
1.25761 -24.9387
1.24098 -24.8869
1.22435 -24.7807
1.20771 -24.6824
1.19108 -24.5672
1.17445 -24.4723
1.15782 -24.3663
1.14118 -24.3061
1.12455 -24.2438
1.10792 -24.1828
1.09129 -24.0944
1.07465 -24.0091
1.05802 -23.8904
1.04139 -23.7039
1.02476 -23.4418
1.00812 -23.1813
0.991492 -22.9196
0.97486 -22.6447
0.958228 -22.3861
0.941595 -22.1569
0.924963 -21.9392
0.908331 -21.7182
0.891698 -21.484
0.875066 -21.2474
0.858433 -21.009
0.841801 -20.7642
0.825168 -20.4944
0.808536 -20.2293
0.791904 -19.9391
0.775271 -19.6514
0.758639 -19.384
0.742007 -19.1666
0.725374 -19.0272
0.708742 -18.91
0.692109 -18.8186
0.675477 -18.7192
0.658845 -18.6161
0.642212 -18.4148
0.62558 -18.1842
0.608947 -17.9629
0.592315 -17.7671
0.575683 -17.5882
0.55905 -17.4707
0.542418 -17.3946
0.525785 -17.385
0.509153 -17.3815
0.492521 -17.3706
0.475888 -17.3694
0.459256 -17.3703
0.442623 -17.3386
0.425991 -17.3194
0.409359 -17.3064
0.392726 -17.2949
0.376094 -17.3032
0.359461 -17.3034
0.342829 -17.2856
0.326197 -17.209
0.309564 -17.1615
0.292932 -17.1169
0.276299 -17.0769
0.259667 -17.0648
0.243035 -17.0279
0.226402 -17.0141
0.20977 -17.0092
0.193137 -17.0141
0.176505 -17.0202
0.159873 -17.0289
0.14324 -17.0402
0.126608 -17.0216
0.109976 -17.0164
0.0933431 -17.0048
0.0767107 -17.0001
0.0600783 -17.0127
0.0434459 -17.0282
0.0268135 -17.0032
0.0101812 -17.0021
-0.00645124 -16.9965
-0.0230836 -17.0005
-0.039716 -16.9991
-0.0563484 -16.9744
-0.0729808 -17.0076
-0.0896132 -17.0267
-0.106246 -17.045
-0.122878 -17.1996
-0.13951 -16.8815
-0.156143 -16.9276
