3.15546 0.634781
3.13881 0.397665
3.12216 0.473369
3.10552 0.308935
3.08887 0.307232
3.07223 0.275016
3.05558 0.189249
3.03894 0.138968
3.02229 0.0661565
3.00564 0
2.989 -0.0904731
2.97235 -0.175043
2.95571 -0.287484
2.93906 -0.37126
2.92242 -0.430995
2.90577 -0.488479
2.88912 -0.556248
2.87248 -0.626632
2.85583 -0.707479
2.83919 -0.793359
2.82254 -0.857131
2.8059 -0.908386
2.78925 -0.948182
2.7726 -0.981165
2.75596 -1.01645
2.73931 -1.05843
2.72267 -1.05809
2.70602 -1.05885
2.68937 -1.08104
2.67273 -1.09348
2.65608 -1.09587
2.63944 -1.06545
2.62279 -1.03956
2.60615 -1.01858
2.5895 -0.997324
2.57285 -0.99885
2.55621 -1.02708
2.53956 -1.05772
2.52292 -1.09956
2.50627 -1.17689
2.48962 -1.29772
2.47298 -1.46639
2.45633 -1.6955
2.43969 -1.88646
2.42304 -2.07478
2.40639 -2.28954
2.38975 -2.56966
2.3731 -2.92608
2.35646 -3.36445
2.33981 -3.85244
2.32317 -4.30644
2.30652 -4.77415
2.28987 -5.25371
2.27323 -5.77366
2.25658 -6.36789
2.23994 -6.96995
2.22329 -7.58956
2.20664 -8.19562
2.19 -8.805
2.17335 -9.42294
2.15671 -10.0363
2.14006 -10.6652
2.12342 -11.2451
2.10677 -11.772
2.09012 -12.3057
2.07348 -12.8401
2.05683 -13.3736
2.04019 -13.8848
2.02354 -14.4068
2.0069 -14.8724
1.99025 -15.3954
1.9736 -15.8742
1.95696 -16.3548
1.94031 -16.8288
1.92367 -17.2825
1.90702 -17.7593
1.89037 -18.196
1.87373 -18.6712
1.85708 -19.1386
1.84044 -19.576
1.82379 -19.956
1.80715 -20.2963
1.7905 -20.6263
1.77385 -20.9433
1.75721 -21.2674
1.74056 -21.5859
1.72392 -21.893
1.70727 -22.2163
1.69062 -22.5076
1.67398 -22.7856
1.65733 -23.0553
1.64069 -23.2868
1.62404 -23.5283
1.60739 -23.7707
1.59075 -23.988
1.5741 -24.2098
1.55746 -24.4185
1.54081 -24.626
1.52417 -24.8075
1.50752 -24.9737
1.49087 -25.1444
1.47423 -25.3072
1.45758 -25.4324
1.44094 -25.5793
1.42429 -25.7017
1.40765 -25.8081
1.391 -25.9145
1.37435 -26.0124
1.35771 -26.0985
1.34106 -26.1519
1.32442 -26.2312
1.30777 -26.2799
1.29113 -26.3178
1.27448 -26.3489
1.25783 -26.383
1.24119 -26.4075
1.22454 -26.4582
1.2079 -26.5046
1.19125 -26.5529
1.1746 -26.5943
1.15796 -26.5863
1.14131 -26.533
1.12467 -26.4182
1.10802 -26.2865
1.09137 -26.1435
1.07473 -26.0043
1.05808 -25.8563
1.04144 -25.7317
1.02479 -25.6311
1.00815 -25.5469
0.9915 -25.4523
0.974854 -25.3258
0.958208 -25.2025
0.941562 -25.0524
0.924917 -24.9246
0.908271 -24.759
0.891625 -24.6085
0.874979 -24.4396
0.858333 -24.2875
0.841687 -24.0967
0.825042 -23.8907
0.808396 -23.6878
0.79175 -23.4878
0.775104 -23.3024
0.758458 -23.085
0.741812 -22.8158
0.725167 -22.5483
0.708521 -22.2684
0.691875 -21.9668
0.675229 -21.6951
0.658583 -21.4198
0.641938 -21.1576
0.625292 -20.904
0.608646 -20.6756
0.592 -20.4819
0.575354 -20.2956
0.558708 -20.0968
0.542063 -19.8939
0.525417 -19.6835
0.508771 -19.4925
0.492125 -19.289
0.475479 -19.1214
0.458833 -18.9653
0.442188 -18.856
0.425542 -18.7796
0.408896 -18.7399
0.39225 -18.7029
0.375604 -18.693
0.358959 -18.6313
0.342313 -18.4923
0.325667 -18.2915
0.309021 -18.1221
0.292375 -17.9829
0.275729 -17.8759
0.259084 -17.785
0.242438 -17.7365
0.225792 -17.7005
0.209146 -17.6765
0.1925 -17.6724
0.175854 -17.6727
0.159209 -17.6834
0.142563 -17.6719
0.125917 -17.6564
0.109271 -17.6383
0.0926253 -17.6281
0.0759795 -17.6304
0.0593336 -17.6294
0.0426878 -17.6454
0.026042 -17.5993
0.00939615 -17.5806
-0.00724967 -17.5676
-0.0238955 -17.5767
-0.0405413 -17.5752
-0.0571871 -17.5921
-0.073833 -17.6205
-0.0904788 -17.643
-0.107125 -17.7357
-0.12377 -17.8963
-0.140416 -17.7038
-0.157062 -17.1813
