3.15858 -0.304655
3.1419 -0.117021
3.12522 -0.189902
3.10854 -0.172492
3.09186 -0.0931794
3.07518 -0.0606657
3.0585 -0.09123
3.04182 -0.0546696
3.02514 -0.0299345
3.00845 -0.0246826
2.99177 0
2.97509 -0.0077107
2.95841 -0.0116296
2.94173 0.0375837
2.92505 0.100386
2.90837 0.169426
2.89169 0.222615
2.87501 0.269592
2.85833 0.315312
2.84165 0.322878
2.82497 0.346155
2.80829 0.34751
2.79161 0.358745
2.77493 0.3359
2.75825 0.312814
2.74156 0.322747
2.72488 0.351774
2.7082 0.383485
2.69152 0.39885
2.67484 0.368822
2.65816 0.333461
2.64148 0.280046
2.6248 0.21703
2.60812 0.136531
2.59144 0.0371961
2.57476 -0.11397
2.55808 -0.342187
2.5414 -0.650339
2.52472 -1.02078
2.50804 -1.47413
2.49135 -1.96259
2.47467 -2.46716
2.45799 -3.00907
2.44131 -3.57129
2.42463 -4.12197
2.40795 -4.65728
2.39127 -5.19783
2.37459 -5.76361
2.35791 -6.35797
2.34123 -6.96531
2.32455 -7.60627
2.30787 -8.27019
2.29119 -8.90576
2.27451 -9.56059
2.25783 -10.2172
2.24114 -10.8545
2.22446 -11.4759
2.20778 -12.051
2.1911 -12.6342
2.17442 -13.2091
2.15774 -13.7748
2.14106 -14.3243
2.12438 -14.8495
2.1077 -15.3607
2.09102 -15.8765
2.07434 -16.437
2.05766 -16.9813
2.04098 -17.5335
2.0243 -18.0216
2.00762 -18.471
1.99094 -18.9056
1.97426 -19.3638
1.95757 -19.8286
1.94089 -20.284
1.92421 -20.679
1.90753 -21.0272
1.89085 -21.4006
1.87417 -21.7751
1.85749 -22.1578
1.84081 -22.5203
1.82413 -22.8834
1.80745 -23.232
1.79077 -23.5801
1.77409 -23.9125
1.75741 -24.2444
1.74073 -24.5548
1.72405 -24.8557
1.70737 -25.1749
1.69068 -25.4754
1.674 -25.8008
1.65732 -26.099
1.64064 -26.4008
1.62396 -26.6686
1.60728 -26.9424
1.5906 -27.2327
1.57392 -27.4983
1.55724 -27.785
1.54056 -28.0724
1.52388 -28.3209
1.5072 -28.5611
1.49052 -28.7932
1.47384 -29.0555
1.45715 -29.3012
1.44047 -29.4969
1.42379 -29.6518
1.40711 -29.8102
1.39043 -29.9454
1.37375 -30.0795
1.35707 -30.2367
1.34039 -30.3836
1.32371 -30.5474
1.30703 -30.6729
1.29035 -30.8008
1.27367 -30.9305
1.25699 -31.0429
1.24031 -31.1364
1.22363 -31.2599
1.20695 -31.3938
1.19026 -31.5168
1.17359 -31.6302
1.1569 -31.7288
1.14022 -31.8191
1.12354 -31.8899
1.10686 -31.9665
1.09018 -32.0576
1.0735 -32.1478
1.05682 -32.2363
1.04014 -32.3169
1.02346 -32.3745
1.00678 -32.4215
0.990098 -32.4486
0.973417 -32.4809
0.956737 -32.533
0.940056 -32.5661
0.923375 -32.5949
0.906695 -32.6025
0.890014 -32.615
0.873333 -32.6305
0.856653 -32.6503
0.839972 -32.6367
0.823291 -32.6357
0.806611 -32.6123
0.78993 -32.5888
0.77325 -32.5742
0.756569 -32.5555
0.739888 -32.5405
0.723208 -32.5179
0.706527 -32.4894
0.689847 -32.4699
0.673166 -32.4632
0.656485 -32.4451
0.639805 -32.4538
0.623124 -32.4417
0.606443 -32.4265
0.589763 -32.4051
0.573082 -32.3811
0.556401 -32.3412
0.539721 -32.334
0.52304 -32.34
0.50636 -32.3345
0.489679 -32.348
0.472998 -32.3472
0.456318 -32.3742
0.439637 -32.3746
0.422956 -32.3604
0.406276 -32.3555
0.389595 -32.3698
0.372914 -32.4005
0.356234 -32.4169
0.339553 -32.4202
0.322873 -32.4442
0.306192 -32.4612
0.289511 -32.496
0.272831 -32.538
0.25615 -32.5602
0.23947 -32.5735
0.222789 -32.5787
0.206108 -32.5826
0.189428 -32.5899
0.172747 -32.6134
0.156066 -32.6453
0.139386 -32.6397
0.122705 -32.657
0.106024 -32.6487
0.0893439 -32.6562
0.0726632 -32.6765
0.0559826 -32.6849
0.039302 -32.6843
0.0226213 -32.6956
0.0059407 -32.6912
-0.0107399 -32.6881
-0.0274206 -32.6927
-0.0441012 -32.7087
-0.0607818 -32.7223
-0.0774624 -32.737
-0.0941431 -32.7116
-0.110824 -32.728
-0.127504 -32.5374
-0.144185 -32.8135
-0.160866 -31.9244
