3.15442 -1.01158
3.1378 -0.636625
3.12117 -0.0815966
3.10455 -0.197988
3.08793 -0.11086
3.0713 -0.0319539
3.05468 -0.0482351
3.03806 -0.0150129
3.02143 -0.0148532
3.00481 0
2.98819 -0.0230853
2.97156 -0.0474893
2.95494 -0.0432416
2.93832 -0.0251922
2.9217 -0.0260291
2.90507 -0.0283511
2.88845 -0.0303723
2.87183 -0.0366943
2.8552 -0.0599101
2.83858 -0.0687153
2.82196 -0.0654166
2.80533 -0.0522513
2.78871 -0.0137404
2.77209 -0.0250075
2.75546 -0.003254
2.73884 0.00319
2.72222 0.046831
2.7056 0.05858
2.68897 0.113529
2.67235 0.160762
2.65573 0.197341
2.6391 0.242156
2.62248 0.273293
2.60586 0.314715
2.58923 0.304953
2.57261 0.309022
2.55599 0.278386
2.53936 0.287244
2.52274 0.324282
2.50612 0.368555
2.48949 0.40329
2.47287 0.403194
2.45625 0.39001
2.43962 0.263862
2.423 -0.008598
2.40638 -0.349502
2.38976 -0.704759
2.37313 -1.14129
2.35651 -1.60966
2.33989 -2.1571
2.32326 -2.7498
2.30664 -3.3432
2.29002 -3.97346
2.27339 -4.61241
2.25677 -5.27397
2.24015 -5.89397
2.22352 -6.4903
2.2069 -7.04889
2.19028 -7.62744
2.17366 -8.1962
2.15703 -8.80866
2.14041 -9.41484
2.12379 -9.99329
2.10716 -10.6445
2.09054 -11.2849
2.07392 -11.903
2.05729 -12.5159
2.04067 -13.1176
2.02405 -13.7195
2.00743 -14.299
1.9908 -14.8911
1.97418 -15.4745
1.95756 -16.0938
1.94093 -16.687
1.92431 -17.2237
1.90769 -17.745
1.89106 -18.2792
1.87444 -18.7707
1.85782 -19.261
1.84119 -19.7766
1.82457 -20.2137
1.80795 -20.6815
1.79133 -21.1553
1.7747 -21.5886
1.75808 -22.0322
1.74145 -22.4544
1.72483 -22.8759
1.70821 -23.2801
1.69159 -23.6407
1.67496 -24.0196
1.65834 -24.3883
1.64172 -24.7275
1.62509 -25.0559
1.60847 -25.385
1.59185 -25.6948
1.57522 -26.0169
1.5586 -26.3148
1.54198 -26.6027
1.52536 -26.9026
1.50873 -27.1879
1.49211 -27.4834
1.47549 -27.7625
1.45886 -28.0402
1.44224 -28.247
1.42562 -28.4613
1.40899 -28.6559
1.39237 -28.855
1.37575 -29.0688
1.35912 -29.2769
1.3425 -29.5296
1.32588 -29.7209
1.30926 -29.9071
1.29263 -30.0838
1.27601 -30.2402
1.25939 -30.4105
1.24276 -30.56
1.22614 -30.6987
1.20952 -30.8145
1.19289 -30.9559
1.17627 -31.0935
1.15965 -31.2181
1.14302 -31.3048
1.1264 -31.385
1.10978 -31.4331
1.09316 -31.4401
1.07653 -31.5037
1.05991 -31.5331
1.04329 -31.5735
1.02666 -31.5937
1.01004 -31.6313
0.993416 -31.6644
0.976793 -31.6616
0.96017 -31.6868
0.943547 -31.7376
0.926924 -31.7398
0.910301 -31.7489
0.893678 -31.7513
0.877054 -31.7781
0.860431 -31.7938
0.843808 -31.8105
0.827185 -31.8651
0.810562 -31.8767
0.793939 -31.9023
0.777316 -31.9266
0.760693 -31.9601
0.74407 -31.9491
0.727446 -31.9207
0.710823 -31.8808
0.6942 -31.8219
0.677577 -31.7844
0.660954 -31.6913
0.644331 -31.6451
0.627708 -31.5826
0.611085 -31.5503
0.594462 -31.5259
0.577839 -31.5208
0.561216 -31.5226
0.544593 -31.4688
0.527969 -31.4016
0.511346 -31.3141
0.494723 -31.2409
0.4781 -31.1647
0.461477 -31.1022
0.444854 -31.0858
0.428231 -31.0927
0.411608 -31.1112
0.394985 -31.1338
0.378362 -31.1523
0.361738 -31.1632
0.345115 -31.1505
0.328492 -31.1734
0.311869 -31.1667
0.295246 -31.1777
0.278623 -31.1696
0.262 -31.1928
0.245377 -31.2017
0.228754 -31.184
0.212131 -31.1361
0.195508 -31.1138
0.178884 -31.0933
0.162261 -31.0937
0.145638 -31.1111
0.129015 -31.1035
0.112392 -31.0548
0.0957689 -31.0372
0.0791458 -31.0324
0.0625227 -31.0142
0.0458996 -31.0116
0.0292765 -31.0223
0.0126534 -31.0374
-0.00396967 -31.0426
-0.0205928 -31.0815
-0.0372159 -31.0789
-0.053839 -31.1135
-0.070462 -31.1402
-0.0870852 -31.1758
-0.103708 -31.193
-0.120331 -31.2067
-0.136954 -31.328
-0.153578 -32.1505
