3.15225 -0.869115
3.13553 -0.495669
3.11882 -0.240701
3.1021 -0.221056
3.08538 -0.186519
3.06867 -0.111686
3.05195 -0.0685738
3.03523 -0.0407622
3.01851 -0.0064817
3.0018 0
2.98508 -0.0086148
2.96836 -0.0181075
2.95165 -0.0368512
2.93493 -0.0498459
2.91821 -0.0717853
2.90149 -0.0687455
2.88478 -0.102348
2.86806 -0.167427
2.85134 -0.225308
2.83462 -0.313332
2.81791 -0.403625
2.80119 -0.513378
2.78447 -0.664468
2.76776 -0.853611
2.75104 -1.05747
2.73432 -1.25354
2.7176 -1.41649
2.70089 -1.59436
2.68417 -1.82173
2.66745 -2.08615
2.65074 -2.38182
2.63402 -2.68699
2.6173 -2.97352
2.60058 -3.27558
2.58387 -3.61692
2.56715 -3.98125
2.55043 -4.3948
2.53371 -4.79489
2.517 -5.19592
2.50028 -5.59255
2.48356 -6.03923
2.46685 -6.50759
2.45013 -6.99407
2.43341 -7.51535
2.41669 -7.99568
2.39998 -8.46587
2.38326 -8.95869
2.36654 -9.46199
2.34983 -9.97683
2.33311 -10.5179
2.31639 -11.0231
2.29967 -11.5298
2.28296 -12.0273
2.26624 -12.5491
2.24952 -13.1009
2.2328 -13.6562
2.21609 -14.1882
2.19937 -14.6806
2.18265 -15.1983
2.16594 -15.6981
2.14922 -16.2211
2.1325 -16.7022
2.11578 -17.2056
2.09907 -17.7023
2.08235 -18.2006
2.06563 -18.6931
2.04892 -19.1908
2.0322 -19.6547
2.01548 -20.1159
1.99876 -20.5345
1.98205 -20.9615
1.96533 -21.4098
1.94861 -21.8371
1.93189 -22.2835
1.91518 -22.7054
1.89846 -23.1347
1.88174 -23.5529
1.86503 -23.9823
1.84831 -24.4116
1.83159 -24.796
1.81488 -25.1503
1.79816 -25.4752
1.78144 -25.8058
1.76472 -26.1349
1.74801 -26.4551
1.73129 -26.7169
1.71457 -26.927
1.69785 -27.1369
1.68114 -27.3478
1.66442 -27.5252
1.6477 -27.7315
1.63099 -27.9542
1.61427 -28.1938
1.59755 -28.4098
1.58083 -28.6458
1.56412 -28.8578
1.5474 -29.0272
1.53068 -29.1783
1.51397 -29.2885
1.49725 -29.4017
1.48053 -29.5328
1.46381 -29.6732
1.4471 -29.7867
1.43038 -29.8789
1.41366 -29.9858
1.39695 -30.0799
1.38023 -30.1796
1.36351 -30.2916
1.34679 -30.3596
1.33008 -30.3955
1.31336 -30.3787
1.29664 -30.3781
1.27992 -30.3733
1.26321 -30.3714
1.24649 -30.3719
1.22977 -30.3709
1.21306 -30.3422
1.19634 -30.2969
1.17962 -30.2473
1.1629 -30.1704
1.14619 -30.0953
1.12947 -30.0241
1.11275 -29.9682
1.09604 -29.8951
1.07932 -29.8389
1.0626 -29.7357
1.04588 -29.5946
1.02917 -29.4005
1.01245 -29.1968
0.995732 -28.9746
0.979015 -28.747
0.962298 -28.5228
0.94558 -28.3162
0.928863 -28.1227
0.912146 -27.9209
0.895429 -27.7038
0.878711 -27.4702
0.861994 -27.212
0.845277 -26.9492
0.82856 -26.6715
0.811843 -26.3889
0.795125 -26.1136
0.778408 -25.8364
0.761691 -25.5352
0.744974 -25.2321
0.728257 -24.9292
0.711539 -24.581
0.694822 -24.2423
0.678105 -23.9019
0.661388 -23.5598
0.644671 -23.189
0.627953 -22.8055
0.611236 -22.4198
0.594519 -22.0356
0.577802 -21.6461
0.561085 -21.2274
0.544367 -20.7855
0.52765 -20.3254
0.510933 -19.8402
0.494216 -19.3498
0.477499 -18.8334
0.460781 -18.3723
0.444064 -17.9746
0.427347 -17.6182
0.41063 -17.2858
0.393912 -16.9849
0.377195 -16.7291
0.360478 -16.4252
0.343761 -16.0397
0.327044 -15.6376
0.310327 -15.209
0.293609 -14.8379
0.276892 -14.4786
0.260175 -14.1884
0.243458 -14.0079
0.226741 -13.9073
0.210023 -13.8367
0.193306 -13.7858
0.176589 -13.7404
0.159872 -13.6992
0.143154 -13.6523
0.126437 -13.5941
0.10972 -13.546
0.0930028 -13.5292
0.0762856 -13.5154
0.0595684 -13.4971
0.0428512 -13.4881
0.026134 -13.4713
0.00941681 -13.4627
-0.0073004 -13.4748
-0.0240176 -13.4735
-0.0407348 -13.4718
-0.057452 -13.5029
-0.0741692 -13.5429
-0.0908864 -13.6124
-0.107604 -13.6089
-0.124321 -13.5066
-0.141038 -13.9182
-0.157755 -14.2418
-0.174472 -16.7978
