3.16712 -0.829435
3.15041 -0.465564
3.1337 -0.140437
3.117 -0.167726
3.10029 0.0179588
3.08359 0.035839
3.06688 0.0034293
3.05017 0.0205826
3.03347 0.0109157
3.01676 0.0317902
3.00005 0
2.98335 -0.022385
2.96664 -0.0653839
2.94993 -0.140281
2.93323 -0.15589
2.91652 -0.180484
2.89982 -0.221509
2.88311 -0.267401
2.8664 -0.327298
2.8497 -0.376789
2.83299 -0.420294
2.81629 -0.454986
2.79958 -0.508922
2.78287 -0.570804
2.76617 -0.67706
2.74946 -0.787589
2.73275 -0.843196
2.71605 -0.874308
2.69934 -0.927934
2.68263 -0.998862
2.66593 -1.09917
2.64922 -1.19534
2.63252 -1.32536
2.61581 -1.4539
2.5991 -1.61008
2.5824 -1.83022
2.56569 -2.08311
2.54899 -2.37399
2.53228 -2.62129
2.51557 -2.84102
2.49887 -3.03272
2.48216 -3.27322
2.46545 -3.53661
2.44875 -3.88368
2.43204 -4.28892
2.41533 -4.74549
2.39863 -5.23494
2.38192 -5.73087
2.36522 -6.23325
2.34851 -6.76496
2.3318 -7.28407
2.3151 -7.73909
2.29839 -8.18863
2.28168 -8.6359
2.26498 -9.09981
2.24827 -9.58437
2.23156 -10.0856
2.21486 -10.59
2.19815 -11.1185
2.18145 -11.6534
2.16474 -12.2136
2.14803 -12.7689
2.13133 -13.2974
2.11462 -13.7929
2.09791 -14.2774
2.08121 -14.7693
2.0645 -15.2859
2.0478 -15.7893
2.03109 -16.2883
2.01438 -16.7784
1.99768 -17.283
1.98097 -17.8118
1.96426 -18.3372
1.94756 -18.8827
1.93085 -19.4355
1.91415 -19.9274
1.89744 -20.4374
1.88073 -20.9369
1.86403 -21.4565
1.84732 -21.9839
1.83062 -22.4592
1.81391 -22.8498
1.7972 -23.2383
1.7805 -23.5953
1.76379 -23.9474
1.74708 -24.2954
1.73038 -24.6735
1.71367 -25.0881
1.69696 -25.5015
1.68026 -25.9264
1.66355 -26.3507
1.64684 -26.7665
1.63014 -27.1307
1.61343 -27.4349
1.59673 -27.7264
1.58002 -28.0074
1.56331 -28.2535
1.54661 -28.5055
1.5299 -28.7017
1.5132 -28.8926
1.49649 -29.0795
1.47978 -29.2773
1.46308 -29.471
1.44637 -29.6597
1.42966 -29.8307
1.41296 -29.9753
1.39625 -30.1113
1.37955 -30.2368
1.36284 -30.38
1.34613 -30.5133
1.32943 -30.6114
1.31272 -30.6597
1.29601 -30.7136
1.27931 -30.7663
1.2626 -30.8216
1.24589 -30.8577
1.22919 -30.9086
1.21248 -30.9282
1.19578 -30.9455
1.17907 -30.951
1.16236 -30.9479
1.14566 -30.9461
1.12895 -30.9193
1.11224 -30.881
1.09554 -30.8374
1.07883 -30.8008
1.06213 -30.7492
1.04542 -30.6579
1.02871 -30.5423
1.01201 -30.3998
0.995301 -30.2407
0.978594 -30.1105
0.961888 -29.9665
0.945182 -29.8339
0.928475 -29.6622
0.911769 -29.5018
0.895063 -29.3339
0.878356 -29.1736
0.86165 -29.011
0.844944 -28.7883
0.828238 -28.5224
0.811531 -28.2307
0.794825 -27.9363
0.778119 -27.6033
0.761413 -27.2887
0.744706 -27.0257
0.728 -26.7473
0.711294 -26.4757
0.694587 -26.1987
0.677881 -25.9212
0.661175 -25.5922
0.644469 -25.1829
0.627762 -24.7308
0.611056 -24.2706
0.59435 -23.8172
0.577643 -23.3404
0.560937 -22.8826
0.544231 -22.3918
0.527525 -21.9023
0.510818 -21.4147
0.494112 -20.9088
0.477406 -20.393
0.460699 -19.9518
0.443993 -19.5428
0.427287 -19.2011
0.410581 -18.8723
0.393874 -18.5689
0.377168 -18.2784
0.360462 -18.0168
0.343755 -17.7265
0.327049 -17.42
0.310343 -17.1474
0.293637 -16.896
0.27693 -16.6716
0.260224 -16.471
0.243518 -16.278
0.226812 -16.0794
0.210105 -15.92
0.193399 -15.7781
0.176693 -15.6573
0.159986 -15.5674
0.14328 -15.5056
0.126574 -15.4444
0.109868 -15.4035
0.0931613 -15.3749
0.076455 -15.3665
0.0597488 -15.3762
0.0430425 -15.3995
0.0263362 -15.4149
0.00962992 -15.4202
-0.00707636 -15.4307
-0.0237826 -15.457
-0.0404889 -15.4786
-0.0571952 -15.5103
-0.0739015 -15.5344
-0.0906078 -15.5594
-0.107314 -15.5819
-0.12402 -15.8261
-0.140727 -15.6262
-0.157433 -15.7546
