3.16214 0.816126
3.14543 0.407741
3.12873 -0.128886
3.11203 -0.180358
3.09532 -0.0866895
3.07862 -0.0214639
3.06191 -0.0400721
3.04521 -0.0179446
3.0285 -0.0032322
3.0118 0.0055854
2.9951 0
2.97839 -0.0168613
2.96169 -0.0391332
2.94498 -0.0554592
2.92828 -0.049697
2.91157 -0.0539068
2.89487 -0.0541252
2.87817 -0.0744015
2.86146 -0.10865
2.84476 -0.123563
2.82805 -0.102652
2.81135 -0.0870829
2.79465 -0.0770589
2.77794 -0.0798231
2.76124 -0.0808101
2.74453 -0.100663
2.72783 -0.157654
2.71112 -0.205701
2.69442 -0.282956
2.67772 -0.396581
2.66101 -0.534223
2.64431 -0.699822
2.6276 -0.814391
2.6109 -0.956417
2.59419 -1.10878
2.57749 -1.31591
2.56079 -1.57118
2.54408 -1.90132
2.52738 -2.30823
2.51067 -2.76807
2.49397 -3.28665
2.47726 -3.85136
2.46056 -4.43579
2.44386 -5.0665
2.42715 -5.72363
2.41045 -6.36869
2.39374 -7.02593
2.37704 -7.71033
2.36034 -8.38266
2.34363 -9.06667
2.32693 -9.72984
2.31022 -10.3642
2.29352 -11.0123
2.27681 -11.6474
2.26011 -12.3081
2.24341 -12.9541
2.2267 -13.6035
2.21 -14.1466
2.19329 -14.6929
2.17659 -15.2272
2.15988 -15.7524
2.14318 -16.2668
2.12648 -16.8011
2.10977 -17.2729
2.09307 -17.773
2.07636 -18.2411
2.05966 -18.7024
2.04295 -19.1743
2.02625 -19.5922
2.00955 -19.9941
1.99284 -20.4003
1.97614 -20.7768
1.95943 -21.1331
1.94273 -21.5185
1.92603 -21.9047
1.90932 -22.2912
1.89262 -22.6722
1.87591 -23.0389
1.85921 -23.4232
1.8425 -23.7776
1.8258 -24.1252
1.80909 -24.48
1.79239 -24.8435
1.77569 -25.1954
1.75898 -25.5314
1.74228 -25.8223
1.72557 -26.0949
1.70887 -26.36
1.69217 -26.5976
1.67546 -26.8496
1.65876 -27.0763
1.64205 -27.3234
1.62535 -27.5623
1.60864 -27.8231
1.59194 -28.0845
1.57524 -28.3549
1.55853 -28.5865
1.54183 -28.8297
1.52512 -29.0121
1.50842 -29.1894
1.49171 -29.3586
1.47501 -29.5218
1.45831 -29.6638
1.4416 -29.7891
1.4249 -29.8429
1.40819 -29.8274
1.39149 -29.8273
1.37478 -29.8278
1.35808 -29.8208
1.34138 -29.8435
1.32467 -29.8319
1.30797 -29.8331
1.29126 -29.7889
1.27456 -29.7637
1.25786 -29.7252
1.24115 -29.6669
1.22445 -29.5756
1.20774 -29.4666
1.19104 -29.3644
1.17433 -29.2359
1.15763 -29.0974
1.14093 -28.9129
1.12422 -28.7693
1.10752 -28.6354
1.09081 -28.5138
1.07411 -28.4108
1.0574 -28.3185
1.0407 -28.1946
1.024 -28.0484
1.00729 -27.8925
0.990588 -27.7387
0.973884 -27.5841
0.957179 -27.4268
0.940475 -27.2445
0.923771 -27.0329
0.907067 -26.8536
0.890363 -26.6676
0.873658 -26.4947
0.856954 -26.3211
0.84025 -26.1561
0.823546 -26.0315
0.806841 -25.9005
0.790137 -25.781
0.773433 -25.6608
0.756729 -25.518
0.740024 -25.3182
0.72332 -25.0684
0.706616 -24.8206
0.689912 -24.5634
0.673208 -24.3082
0.656503 -24.1036
0.639799 -23.9114
0.623095 -23.7116
0.606391 -23.5421
0.589686 -23.3852
0.572982 -23.2367
0.556278 -23.1099
0.539574 -22.9632
0.522869 -22.8207
0.506165 -22.6955
0.489461 -22.5867
0.472757 -22.4935
0.456053 -22.3967
0.439348 -22.2832
0.422644 -22.19
0.40594 -22.0735
0.389236 -21.9769
0.372531 -21.9173
0.355827 -21.8789
0.339123 -21.8554
0.322419 -21.8026
0.305715 -21.7898
0.28901 -21.7525
0.272306 -21.7323
0.255602 -21.696
0.238898 -21.6778
0.222193 -21.6773
0.205489 -21.6696
0.188785 -21.6637
0.172081 -21.6796
0.155377 -21.6928
0.138672 -21.7134
0.121968 -21.7394
0.105264 -21.7797
0.0885595 -21.8094
0.0718553 -21.8414
0.0551511 -21.8721
0.0384468 -21.8857
0.0217426 -21.8791
0.00503838 -21.8805
-0.0116659 -21.9073
-0.0283701 -21.9248
-0.0450743 -21.9205
-0.0617785 -21.9271
-0.0784828 -21.9577
-0.095187 -21.9622
-0.111891 -22.0684
-0.128596 -21.9339
-0.1453 -22.2496
-0.162004 -21.4913
