3.15706 0.634859
3.14037 0.113259
3.12368 0.159779
3.10699 0.0053099
3.0903 0.0515943
3.07361 0.0840023
3.05692 0.121956
3.04023 0.0769808
3.02354 0.0447128
3.00685 0
2.99016 -0.0503111
2.97347 -0.0973526
2.95678 -0.149159
2.94009 -0.205265
2.9234 -0.222687
2.90671 -0.250388
2.89002 -0.290104
2.87333 -0.346765
2.85664 -0.418466
2.83995 -0.460727
2.82326 -0.494661
2.80657 -0.538124
2.78988 -0.565728
2.77319 -0.637073
2.7565 -0.71376
2.73981 -0.748007
2.72312 -0.772157
2.70643 -0.76745
2.68974 -0.769945
2.67305 -0.796337
2.65636 -0.831389
2.63967 -0.867435
2.62298 -0.881984
2.60629 -0.887101
2.5896 -0.902533
2.57291 -0.92566
2.55622 -0.946964
2.53953 -0.935233
2.52284 -0.894081
2.50615 -0.819586
2.48946 -0.727324
2.47277 -0.642477
2.45608 -0.551037
2.4394 -0.624635
2.42271 -0.970344
2.40602 -1.45529
2.38932 -1.99976
2.37264 -2.59902
2.35595 -3.24257
2.33926 -3.89836
2.32257 -4.52719
2.30588 -5.13729
2.28919 -5.7789
2.2725 -6.43303
2.25581 -7.14203
2.23912 -7.84868
2.22243 -8.55349
2.20574 -9.22987
2.18905 -9.88292
2.17236 -10.5408
2.15567 -11.1882
2.13898 -11.8379
2.12229 -12.4888
2.1056 -13.1654
2.08891 -13.8176
2.07222 -14.4646
2.05553 -15.1266
2.03884 -15.7797
2.02215 -16.3981
2.00546 -16.9608
1.98877 -17.5285
1.97208 -18.0882
1.95539 -18.6638
1.9387 -19.2301
1.92201 -19.7736
1.90532 -20.306
1.88863 -20.8221
1.87194 -21.3623
1.85525 -21.884
1.83856 -22.3921
1.82187 -22.8545
1.80518 -23.2886
1.78849 -23.6985
1.7718 -24.1168
1.75511 -24.5258
1.73842 -24.9191
1.72173 -25.2885
1.70504 -25.6251
1.68836 -25.9675
1.67166 -26.2952
1.65498 -26.622
1.63829 -26.9493
1.6216 -27.2661
1.60491 -27.582
1.58822 -27.8897
1.57153 -28.1702
1.55484 -28.4488
1.53815 -28.6927
1.52146 -28.9219
1.50477 -29.113
1.48808 -29.299
1.47139 -29.4696
1.4547 -29.6443
1.43801 -29.8248
1.42132 -30.0332
1.40463 -30.2039
1.38794 -30.35
1.37125 -30.4838
1.35456 -30.6093
1.33787 -30.6926
1.32118 -30.7896
1.30449 -30.8542
1.2878 -30.9483
1.27111 -31.0168
1.25442 -31.065
1.23773 -31.0672
1.22104 -31.025
1.20435 -30.9718
1.18766 -30.9349
1.17097 -30.9064
1.15428 -30.8406
1.13759 -30.7964
1.1209 -30.7628
1.10421 -30.7041
1.08752 -30.6499
1.07083 -30.5992
1.05414 -30.512
1.03745 -30.4334
1.02076 -30.3116
1.00407 -30.1766
0.987384 -30.0457
0.970695 -29.886
0.954005 -29.7233
0.937315 -29.5061
0.920625 -29.2759
0.903936 -29.0779
0.887246 -28.8531
0.870556 -28.6377
0.853866 -28.423
0.837176 -28.1836
0.820487 -27.9471
0.803797 -27.7083
0.787107 -27.4671
0.770417 -27.237
0.753727 -26.9814
0.737038 -26.6787
0.720348 -26.3639
0.703658 -26.0515
0.686968 -25.7341
0.670279 -25.4402
0.653589 -25.1802
0.636899 -24.9743
0.620209 -24.7638
0.60352 -24.556
0.58683 -24.3576
0.57014 -24.1417
0.55345 -23.9197
0.53676 -23.6851
0.520071 -23.4553
0.503381 -23.2396
0.486691 -23.0311
0.470001 -22.8366
0.453312 -22.6343
0.436622 -22.434
0.419932 -22.2478
0.403242 -22.0754
0.386553 -21.9125
0.369863 -21.7948
0.353173 -21.7044
0.336483 -21.6536
0.319793 -21.6137
0.303104 -21.611
0.286414 -21.5924
0.269724 -21.5975
0.253034 -21.5799
0.236345 -21.5632
0.219655 -21.5339
0.202965 -21.5383
0.186275 -21.5323
0.169585 -21.5478
0.152896 -21.5421
0.136206 -21.5473
0.119516 -21.5058
0.102826 -21.4746
0.0861365 -21.4634
0.0694468 -21.4586
0.052757 -21.4568
0.0360672 -21.4557
0.0193774 -21.4786
0.00268767 -21.503
-0.0140021 -21.5378
-0.0306919 -21.5712
-0.0473817 -21.6202
-0.0640714 -21.6811
-0.0807612 -21.7385
-0.097451 -21.7709
-0.114141 -21.78
-0.13083 -21.8435
-0.14752 -21.4642
-0.16421 -22.2397
