3.1535 1.08119
3.1368 -0.102067
3.12009 0.036699
3.10339 -0.248917
3.08669 -0.145437
3.06998 -0.058435
3.05328 -0.046437
3.03657 -0.015669
3.01987 0.003665
3.00317 0
2.98646 0.000557
2.96976 -0.014121
2.95306 -0.039204
2.93635 -0.038026
2.91965 -0.014438
2.90295 -0.024294
2.88624 -0.04263
2.86954 -0.091693
2.85284 -0.131268
2.83613 -0.161223
2.81943 -0.171703
2.80273 -0.165678
2.78602 -0.200131
2.76932 -0.226248
2.75262 -0.252368
2.73591 -0.27155
2.71921 -0.274828
2.70251 -0.298748
2.6858 -0.353888
2.6691 -0.435455
2.6524 -0.541918
2.63569 -0.750457
2.61899 -1.05338
2.60229 -1.39
2.58558 -1.76273
2.56888 -2.18155
2.55218 -2.6188
2.53547 -3.04685
2.51877 -3.42738
2.50206 -3.81193
2.48536 -4.23086
2.46866 -4.68985
2.45195 -5.18367
2.43525 -5.73035
2.41855 -6.36301
2.40184 -7.00749
2.38514 -7.64103
2.36844 -8.27744
2.35173 -8.92891
2.33503 -9.56591
2.31833 -10.1745
2.30162 -10.7479
2.28492 -11.3097
2.26822 -11.8992
2.25151 -12.4869
2.23481 -13.0568
2.21811 -13.6224
2.2014 -14.1916
2.1847 -14.7363
2.168 -15.2902
2.15129 -15.8177
2.13459 -16.3273
2.11789 -16.787
2.10118 -17.2419
2.08448 -17.707
2.06778 -18.1605
2.05107 -18.6192
2.03437 -19.0829
2.01767 -19.5166
2.00096 -19.9484
1.98426 -20.3631
1.96756 -20.771
1.95085 -21.1695
1.93415 -21.5668
1.91745 -21.9479
1.90074 -22.3194
1.88404 -22.6969
1.86733 -23.066
1.85063 -23.4161
1.83393 -23.7452
1.81723 -24.0383
1.80052 -24.3268
1.78382 -24.6023
1.76711 -24.887
1.75041 -25.1628
1.73371 -25.4271
1.717 -25.6643
1.7003 -25.8742
1.6836 -26.0859
1.66689 -26.3126
1.65019 -26.5043
1.63349 -26.6815
1.61678 -26.8565
1.60008 -27.0265
1.58338 -27.1865
1.56667 -27.3667
1.54997 -27.5107
1.53327 -27.6526
1.51656 -27.7553
1.49986 -27.8611
1.48316 -27.9908
1.46645 -28.1087
1.44975 -28.2266
1.43305 -28.2993
1.41634 -28.3703
1.39964 -28.4236
1.38294 -28.4814
1.36623 -28.5226
1.34953 -28.5424
1.33283 -28.5448
1.31612 -28.5299
1.29942 -28.4955
1.28272 -28.4555
1.26601 -28.4312
1.24931 -28.3729
1.23261 -28.2681
1.2159 -28.1374
1.1992 -28.0082
1.1825 -27.8791
1.16579 -27.7329
1.14909 -27.6193
1.13238 -27.5071
1.11568 -27.4131
1.09898 -27.3173
1.08228 -27.1885
1.06557 -27.0578
1.04887 -26.8949
1.03216 -26.7211
1.01546 -26.5075
0.998758 -26.3221
0.982054 -26.1248
0.965351 -25.9494
0.948647 -25.759
0.931944 -25.5322
0.915241 -25.3286
0.898537 -25.1047
0.881834 -24.9024
0.86513 -24.6864
0.848427 -24.4224
0.831724 -24.1445
0.81502 -23.8522
0.798317 -23.5576
0.781613 -23.2503
0.76491 -22.9653
0.748206 -22.6568
0.731503 -22.3111
0.7148 -21.9473
0.698096 -21.5859
0.681393 -21.2319
0.664689 -20.9056
0.647986 -20.6337
0.631283 -20.3851
0.614579 -20.169
0.597876 -19.9758
0.581172 -19.8137
0.564469 -19.6701
0.547766 -19.462
0.531062 -19.2041
0.514359 -18.9397
0.497655 -18.7063
0.480952 -18.4786
0.464249 -18.298
0.447545 -18.1629
0.430842 -18.1016
0.414138 -18.0784
0.397435 -18.0652
0.380731 -18.0689
0.364028 -18.0382
0.347325 -17.9423
0.330621 -17.7704
0.313918 -17.6288
0.297214 -17.4901
0.280511 -17.3952
0.263807 -17.3054
0.247104 -17.2706
0.230401 -17.2475
0.213697 -17.2296
0.196994 -17.1911
0.18029 -17.1841
0.163587 -17.1859
0.146884 -17.1755
0.13018 -17.1851
0.113477 -17.17
0.0967733 -17.1578
0.0800699 -17.1304
0.0633665 -17.1463
0.0466631 -17.1811
0.0299597 -17.1775
0.0132563 -17.1847
-0.00344715 -17.2083
-0.0201506 -17.2274
-0.036854 -17.2441
-0.0535574 -17.2771
-0.0702608 -17.3119
-0.0869642 -17.3636
-0.103668 -17.3839
-0.120371 -17.4352
-0.137074 -17.3937
-0.153778 -18.6018
-0.170481 -19.6241
