3.16709 1.55706
3.15033 0.815691
3.13358 0.437871
3.11682 0.307752
3.10006 0.185129
3.0833 0.127218
3.06655 0.109169
3.04979 0.075655
3.03303 0.047506
3.01627 0.025726
2.99952 0
2.98276 -0.031892
2.966 -0.09194
2.94924 -0.145996
2.93249 -0.159968
2.91573 -0.187331
2.89897 -0.223027
2.88221 -0.273967
2.86546 -0.323053
2.8487 -0.346451
2.83194 -0.380887
2.81518 -0.387434
2.79842 -0.401405
2.78167 -0.425981
2.76491 -0.435447
2.74815 -0.47471
2.7314 -0.478598
2.71464 -0.505413
2.69788 -0.508739
2.68112 -0.505151
2.66437 -0.509657
2.64761 -0.491021
2.63085 -0.486517
2.61409 -0.460667
2.59734 -0.438536
2.58058 -0.41922
2.56382 -0.415193
2.54706 -0.438001
2.5303 -0.430282
2.51355 -0.465192
2.49679 -0.508154
2.48003 -0.601942
2.46327 -0.759288
2.44652 -0.972995
2.42976 -1.26638
2.413 -1.60379
2.39624 -1.98913
2.37949 -2.42958
2.36273 -2.9288
2.34597 -3.47889
2.32921 -4.01547
2.31246 -4.58084
2.2957 -5.14802
2.27894 -5.75999
2.26218 -6.37044
2.24543 -7.01004
2.22867 -7.6773
2.21191 -8.28711
2.19515 -8.88218
2.1784 -9.4855
2.16164 -10.0865
2.14488 -10.6853
2.12812 -11.2693
2.11137 -11.8861
2.09461 -12.4928
2.07785 -13.1254
2.06109 -13.7213
2.04434 -14.3231
2.02758 -14.8968
2.01082 -15.4193
1.99406 -15.962
1.97731 -16.4986
1.96055 -17.0189
1.94379 -17.5382
1.92703 -18.0426
1.91028 -18.5312
1.89352 -19.0251
1.87676 -19.525
1.86 -20.0034
1.84325 -20.5019
1.82649 -20.9521
1.80973 -21.3898
1.79297 -21.8195
1.77622 -22.2557
1.75946 -22.6769
1.7427 -23.0871
1.72594 -23.4451
1.70918 -23.7589
1.69243 -24.0824
1.67567 -24.3846
1.65891 -24.7096
1.64216 -25.0263
1.6254 -25.2814
1.60864 -25.5006
1.59188 -25.7317
1.57513 -25.9884
1.55837 -26.2369
1.54161 -26.4474
1.52485 -26.6357
1.50809 -26.8158
1.49134 -26.9738
1.47458 -27.1566
1.45782 -27.2942
1.44107 -27.454
1.42431 -27.6181
1.40755 -27.7839
1.39079 -27.9502
1.37403 -28.0982
1.35728 -28.2525
1.34052 -28.3471
1.32376 -28.4062
1.307 -28.4469
1.29025 -28.4822
1.27349 -28.5129
1.25673 -28.5396
1.23997 -28.5472
1.22322 -28.5438
1.20646 -28.5502
1.1897 -28.5262
1.17294 -28.507
1.15619 -28.4651
1.13943 -28.4158
1.12267 -28.3179
1.10591 -28.2234
1.08916 -28.1136
1.0724 -27.9687
1.05564 -27.8223
1.03888 -27.6621
1.02213 -27.5096
1.00537 -27.3329
0.988611 -27.1641
0.971854 -26.9981
0.955096 -26.8224
0.938338 -26.6688
0.921581 -26.5076
0.904823 -26.3354
0.888066 -26.1505
0.871308 -25.9515
0.854551 -25.769
0.837793 -25.5338
0.821036 -25.2883
0.804278 -25.0307
0.787521 -24.7615
0.770763 -24.4788
0.754005 -24.1959
0.737248 -23.9265
0.72049 -23.6697
0.703733 -23.391
0.686975 -23.12
0.670218 -22.8109
0.65346 -22.4382
0.636703 -22.0112
0.619945 -21.5925
0.603188 -21.1958
0.58643 -20.8112
0.569673 -20.4334
0.552915 -20.0695
0.536157 -19.6936
0.5194 -19.3386
0.502642 -18.9705
0.485885 -18.618
0.469127 -18.3032
0.45237 -18.0077
0.435612 -17.7353
0.418855 -17.443
0.402097 -17.1708
0.38534 -16.931
0.368582 -16.7007
0.351824 -16.5515
0.335067 -16.4735
0.318309 -16.4048
0.301552 -16.3524
0.284794 -16.2957
0.268037 -16.2602
0.251279 -16.1899
0.234522 -16.0912
0.217764 -15.988
0.201007 -15.8938
0.184249 -15.8133
0.167492 -15.7393
0.150734 -15.714
0.133976 -15.6869
0.117219 -15.6463
0.100461 -15.6022
0.0837038 -15.5666
0.0669463 -15.5263
0.0501888 -15.4937
0.0334312 -15.4965
0.0166737 -15.5028
-8.38494e-05 -15.5204
-0.0168414 -15.5534
-0.0335989 -15.5944
-0.0503565 -15.6278
-0.067114 -15.6915
-0.0838716 -15.7754
-0.100629 -15.7952
-0.117387 -15.9173
-0.134144 -15.5015
-0.150902 -15.2321
-0.167659 -15.2107
