3.16591 -0.729995
3.1492 -0.492164
3.1325 -0.279236
3.11579 -0.180982
3.09909 -0.13611
3.08238 -0.108967
3.06567 -0.0585676
3.04897 -0.0376919
3.03226 -0.0288986
3.01556 -0.0127472
2.99885 0
2.98215 -0.0063022
2.96544 -0.0131599
2.94873 -0.0097407
2.93203 0.0005486
2.91532 0.0270879
2.89862 0.0496129
2.88191 0.061683
2.86521 0.0511457
2.8485 0.0696906
2.8318 0.117062
2.81509 0.164488
2.79838 0.18917
2.78168 0.224866
2.76497 0.253084
2.74827 0.283945
2.73156 0.317759
2.71486 0.370887
2.69815 0.399489
2.68145 0.445544
2.66474 0.48107
2.64803 0.526156
2.63133 0.578446
2.61462 0.656575
2.59792 0.722355
2.58121 0.785637
2.56451 0.832419
2.5478 0.892988
2.5311 0.987477
2.51439 1.0821
2.49768 1.17781
2.48098 1.25771
2.46427 1.33763
2.44757 1.42249
2.43086 1.5131
2.41416 1.59133
2.39745 1.68301
2.38074 1.75114
2.36404 1.78871
2.34733 1.85348
2.33063 1.94977
2.31392 2.03942
2.29722 2.11572
2.28051 2.18012
2.26381 2.20728
2.2471 2.23812
2.23039 2.19275
2.21369 2.12823
2.19698 2.04412
2.18028 1.91869
2.16357 1.777
2.14687 1.66603
2.13016 1.57153
2.11346 1.48881
2.09675 1.39966
2.08004 1.28439
2.06334 1.1316
2.04663 0.967257
2.02993 0.78901
2.01322 0.602486
1.99652 0.424227
1.97981 0.21204
1.96311 0.0068793
1.9464 -0.178303
1.92969 -0.381883
1.91299 -0.574261
1.89628 -0.779919
1.87958 -0.982622
1.86287 -1.19742
1.84617 -1.39526
1.82946 -1.56915
1.81275 -1.70812
1.79605 -1.87359
1.77934 -2.0136
1.76264 -2.17706
1.74593 -2.3294
1.72923 -2.46626
1.71252 -2.62466
1.69582 -2.77432
1.67911 -2.94913
1.6624 -3.0871
1.6457 -3.23093
1.62899 -3.35267
1.61229 -3.49085
1.59558 -3.63586
1.57888 -3.7773
1.56217 -3.93704
1.54547 -4.0474
1.52876 -4.14577
1.51205 -4.21007
1.49535 -4.27572
1.47864 -4.34535
1.46194 -4.41887
1.44523 -4.49474
1.42853 -4.55904
1.41182 -4.62491
1.39512 -4.68472
1.37841 -4.73814
1.3617 -4.78693
1.345 -4.84415
1.32829 -4.89053
1.31159 -4.91411
1.29488 -4.97208
1.27818 -5.01097
1.26147 -5.08567
1.24476 -5.12993
1.22806 -5.14441
1.21135 -5.14545
1.19465 -5.14929
1.17794 -5.17047
1.16124 -5.1918
1.14453 -5.21314
1.12783 -5.20987
1.11112 -5.20304
1.09441 -5.19312
1.07771 -5.18779
1.061 -5.19691
1.0443 -5.2226
1.02759 -5.24937
1.01089 -5.26592
0.994181 -5.30166
0.977475 -5.34019
0.960769 -5.38758
0.944064 -5.43273
0.927358 -5.45672
0.910652 -5.513
0.893947 -5.55667
0.877241 -5.60596
0.860536 -5.65707
0.84383 -5.69494
0.827125 -5.69199
0.810419 -5.69379
0.793713 -5.70921
0.777008 -5.7312
0.760302 -5.7697
0.743597 -5.8136
0.726891 -5.85265
0.710186 -5.909
0.69348 -5.9621
0.676774 -6.04037
0.660069 -6.10652
0.643363 -6.17503
0.626657 -6.2253
0.609952 -6.28138
0.593246 -6.34782
0.576541 -6.40742
0.559835 -6.4968
0.54313 -6.5826
0.526424 -6.66176
0.509718 -6.73771
0.493013 -6.82744
0.476307 -6.92281
0.459602 -7.02161
0.442896 -7.11823
0.42619 -7.18352
0.409485 -7.26269
0.392779 -7.34595
0.376074 -7.42487
0.359368 -7.49395
0.342662 -7.58556
0.325957 -7.63132
0.309251 -7.69267
0.292546 -7.75422
0.27584 -7.81081
0.259135 -7.87326
0.242429 -7.92022
0.225723 -7.95873
0.209018 -8.00476
0.192312 -8.02711
0.175607 -8.08562
0.158901 -8.12609
0.142195 -8.16199
0.12549 -8.18762
0.108784 -8.20996
0.0920787 -8.22582
0.0753731 -8.25656
0.0586675 -8.27118
0.0419619 -8.303
0.0252563 -8.29573
0.00855072 -8.30047
-0.00815487 -8.28751
-0.0248605 -8.28661
-0.0415661 -8.28732
-0.0582716 -8.2911
-0.0749772 -8.29457
-0.0916828 -8.32789
-0.108388 -8.35893
-0.125094 -8.03202
-0.1418 -8.31898
-0.158505 -7.73909
