3.15287 -0.693711
3.13619 0.171025
3.11951 0.104539
3.10282 -0.096737
3.08614 -0.0527904
3.06946 -0.0500387
3.05278 -0.0252049
3.03609 0.0036417
3.01941 0.0070653
3.00273 0
2.98605 0.0093001
2.96937 0.0086967
2.95269 -0.0239092
2.936 -0.0100707
2.91932 0.018343
2.90264 0.0221389
2.88596 0.0153479
2.86928 -0.003841
2.85259 -0.0023741
2.83591 0.0060507
2.81923 0.0390208
2.80255 0.0622794
2.78587 0.0805153
2.76918 0.0738889
2.7525 0.100472
2.73582 0.146573
2.71914 0.177842
2.70246 0.195064
2.68577 0.240892
2.66909 0.271539
2.65241 0.277479
2.63573 0.313157
2.61905 0.380018
2.60236 0.423774
2.58568 0.481393
2.569 0.508358
2.55232 0.555312
2.53564 0.61921
2.51896 0.703216
2.50227 0.805182
2.48559 0.906577
2.46891 0.967132
2.45223 1.07279
2.43554 1.14622
2.41886 1.29308
2.40218 1.41062
2.3855 1.49239
2.36882 1.59747
2.35214 1.67541
2.33545 1.7833
2.31877 1.89923
2.30209 2.0045
2.28541 2.13389
2.26872 2.21425
2.25204 2.31783
2.23536 2.45687
2.21868 2.59516
2.202 2.70671
2.18532 2.81994
2.16863 2.91195
2.15195 2.98751
2.13527 3.0444
2.11859 3.12069
2.10191 3.15622
2.08522 3.18157
2.06854 3.14921
2.05186 3.10123
2.03518 3.03115
2.0185 2.96845
2.00181 2.87896
1.98513 2.73988
1.96845 2.59209
1.95177 2.39731
1.93509 2.20367
1.9184 1.98228
1.90172 1.76854
1.88504 1.55908
1.86836 1.28474
1.85168 1.07065
1.83499 0.825606
1.81831 0.610359
1.80163 0.417341
1.78495 0.17139
1.76827 -0.0424567
1.75158 -0.286767
1.7349 -0.503496
1.71822 -0.717905
1.70154 -0.908008
1.68486 -1.10899
1.66817 -1.29037
1.65149 -1.52004
1.63481 -1.72358
1.61813 -1.8984
1.60145 -2.07817
1.58476 -2.25561
1.56808 -2.44355
1.5514 -2.60453
1.53472 -2.78645
1.51804 -2.93479
1.50136 -3.11849
1.48467 -3.2951
1.46799 -3.45136
1.45131 -3.6006
1.43463 -3.70688
1.41795 -3.80687
1.40126 -3.91094
1.38458 -4.02591
1.3679 -4.15922
1.35122 -4.2734
1.33454 -4.38088
1.31785 -4.45885
1.30117 -4.53478
1.28449 -4.62793
1.26781 -4.71218
1.25113 -4.8097
1.23444 -4.85197
1.21776 -4.8922
1.20108 -4.95001
1.1844 -5.00061
1.16772 -5.04176
1.15103 -5.08359
1.13435 -5.10398
1.11767 -5.08907
1.10099 -5.09205
1.08431 -5.11007
1.06763 -5.12299
1.05094 -5.16359
1.03426 -5.17392
1.01758 -5.19095
1.0009 -5.18596
0.984215 -5.19503
0.967533 -5.20234
0.950851 -5.21458
0.934169 -5.22978
0.917487 -5.24161
0.900805 -5.2542
0.884123 -5.27629
0.867441 -5.30234
0.850759 -5.28893
0.834077 -5.3139
0.817395 -5.3348
0.800713 -5.37
0.784031 -5.42488
0.76735 -5.47341
0.750668 -5.52918
0.733986 -5.6095
0.717304 -5.66216
0.700622 -5.70851
0.68394 -5.78434
0.667258 -5.86996
0.650576 -5.94109
0.633894 -5.98467
0.617212 -6.06435
0.60053 -6.13015
0.583848 -6.18954
0.567166 -6.26493
0.550484 -6.35694
0.533802 -6.37764
0.51712 -6.44178
0.500438 -6.49497
0.483756 -6.55983
0.467074 -6.62804
0.450392 -6.70088
0.43371 -6.75804
0.417029 -6.79876
0.400346 -6.83981
0.383665 -6.89975
0.366983 -6.94795
0.350301 -6.98952
0.333619 -7.02954
0.316937 -7.05844
0.300255 -7.12195
0.283573 -7.17816
0.266891 -7.22148
0.250209 -7.25886
0.233527 -7.29327
0.216845 -7.3236
0.200163 -7.33376
0.183481 -7.37157
0.166799 -7.37749
0.150117 -7.41114
0.133435 -7.43721
0.116753 -7.43006
0.100071 -7.46523
0.0833894 -7.4721
0.0667074 -7.47179
0.0500255 -7.51017
0.0333435 -7.50195
0.0166616 -7.48338
-2.0386e-05 -7.46152
-0.0167023 -7.45384
-0.0333843 -7.45226
-0.0500662 -7.47632
-0.0667482 -7.49975
-0.0834302 -7.48181
-0.100112 -7.38375
-0.116794 -7.24698
-0.133476 -7.60196
-0.150158 -7.68858
-0.16684 -8.66208
