3.16792 -0.528351
3.15127 -0.875491
3.13461 -0.290892
3.11796 -0.3489
3.1013 -0.145434
3.08465 -0.0654914
3.06799 -0.0663712
3.05134 -0.049603
3.03468 -0.0272358
3.01803 -0.0144175
3.00137 0
2.98472 -0.0007102
2.96806 -0.0290672
2.9514 -0.0234508
2.93475 -0.0175404
2.91809 0.0103527
2.90144 0.0076791
2.88478 0.0084676
2.86813 -0.010395
2.85147 -0.0122479
2.83482 -0.0086181
2.81816 0.0127149
2.80151 0.0176114
2.78485 0.0341593
2.7682 0.0076231
2.75154 0.0088505
2.73489 0.0158897
2.71823 0.0359216
2.70158 0.0236896
2.68492 0.0398394
2.66827 0.0367511
2.65161 0.0452185
2.63496 0.0389221
2.6183 0.0669779
2.60164 0.0965642
2.58499 0.132331
2.56833 0.145562
2.55168 0.166232
2.53502 0.184919
2.51837 0.234017
2.50171 0.297858
2.48506 0.352984
2.4684 0.387585
2.45175 0.399772
2.43509 0.461162
2.41844 0.520451
2.40178 0.546281
2.38513 0.601448
2.36847 0.607793
2.35182 0.624892
2.33516 0.663994
2.31851 0.694144
2.30185 0.72117
2.2852 0.731584
2.26854 0.727131
2.25189 0.657967
2.23523 0.568119
2.21857 0.431226
2.20192 0.265119
2.18526 0.0726205
2.16861 -0.143504
2.15195 -0.345283
2.1353 -0.569841
2.11864 -0.765801
2.10199 -0.966484
2.08533 -1.19275
2.06868 -1.43711
2.05202 -1.69374
2.03537 -1.94743
2.01871 -2.19629
2.00206 -2.44914
1.9854 -2.68325
1.96875 -2.92943
1.95209 -3.19367
1.93544 -3.44348
1.91878 -3.62564
1.90213 -3.8234
1.88547 -4.02139
1.86882 -4.22621
1.85216 -4.41736
1.8355 -4.63669
1.81885 -4.80106
1.80219 -4.99128
1.78554 -5.16406
1.76888 -5.35575
1.75223 -5.53703
1.73557 -5.70549
1.71892 -5.86227
1.70226 -6.00255
1.68561 -6.14494
1.66895 -6.28146
1.6523 -6.40193
1.63564 -6.52948
1.61899 -6.66809
1.60233 -6.83534
1.58568 -6.97403
1.56902 -7.11881
1.55237 -7.24145
1.53571 -7.35989
1.51906 -7.47819
1.5024 -7.55155
1.48575 -7.64714
1.46909 -7.70688
1.45243 -7.79458
1.43578 -7.82718
1.41912 -7.85374
1.40247 -7.85476
1.38581 -7.9107
1.36916 -7.91776
1.3525 -7.97667
1.33585 -7.97128
1.31919 -7.95649
1.30254 -7.95903
1.28588 -7.95079
1.26923 -7.94665
1.25257 -7.97042
1.23592 -7.94768
1.21926 -7.88956
1.20261 -7.86272
1.18595 -7.82267
1.1693 -7.80512
1.15264 -7.78371
1.13599 -7.69551
1.11933 -7.64344
1.10268 -7.55649
1.08602 -7.50961
1.06936 -7.44617
1.05271 -7.41617
1.03605 -7.37395
1.0194 -7.36457
1.00274 -7.31385
0.986089 -7.30286
0.969434 -7.2553
0.952779 -7.24566
0.936124 -7.21926
0.919468 -7.19792
0.902813 -7.19956
0.886158 -7.19008
0.869503 -7.19584
0.852847 -7.21011
0.836192 -7.20504
0.819537 -7.18771
0.802882 -7.18304
0.786227 -7.1504
0.769571 -7.16994
0.752916 -7.16345
0.736261 -7.14479
0.719606 -7.08295
0.702951 -7.02433
0.686295 -6.97695
0.66964 -6.96835
0.652985 -6.93544
0.63633 -6.9744
0.619675 -7.00347
0.603019 -7.07726
0.586364 -7.1361
0.569709 -7.23704
0.553054 -7.30408
0.536398 -7.35516
0.519743 -7.40396
0.503088 -7.45116
0.486433 -7.51712
0.469778 -7.58951
0.453122 -7.6769
0.436467 -7.72921
0.419812 -7.76059
0.403157 -7.7953
0.386501 -7.82668
0.369846 -7.88006
0.353191 -7.89764
0.336536 -7.9386
0.319881 -7.949
0.303225 -7.99408
0.28657 -8.05862
0.269915 -8.09318
0.25326 -8.13856
0.236604 -8.17757
0.219949 -8.19754
0.203294 -8.23051
0.186639 -8.27891
0.169984 -8.28309
0.153329 -8.33859
0.136673 -8.35497
0.120018 -8.37367
0.103363 -8.36472
0.0867076 -8.37101
0.0700524 -8.37339
0.0533972 -8.39636
0.036742 -8.4135
0.0200867 -8.41004
0.00343152 -8.41532
-0.0132237 -8.43138
-0.0298789 -8.44534
-0.0465341 -8.49874
-0.0631893 -8.4842
-0.0798446 -8.49867
-0.0964998 -8.55445
-0.113155 -8.47709
-0.12981 -8.5611
-0.146465 -9.41937
