3.15695 -0.158356
3.14032 -0.628529
3.12369 -0.238336
3.10706 -0.0980921
3.09043 -0.131241
3.07381 -0.0532443
3.05718 -0.021752
3.04055 -0.0034302
3.02392 0.0033411
3.00729 0
2.99066 -0.0059525
2.97404 -0.025961
2.95741 -0.0521804
2.94078 -0.0566469
2.92415 -0.0665581
2.90752 -0.0470591
2.89089 -0.0714002
2.87427 -0.0925376
2.85764 -0.126623
2.84101 -0.144753
2.82438 -0.134117
2.80775 -0.130006
2.79113 -0.134808
2.7745 -0.14888
2.75787 -0.160304
2.74124 -0.168212
2.72461 -0.15605
2.70798 -0.166917
2.69136 -0.15241
2.67473 -0.176364
2.6581 -0.186181
2.64147 -0.162369
2.62484 -0.145989
2.60821 -0.112928
2.59159 -0.0943493
2.57496 -0.0784903
2.55833 -0.0652282
2.5417 -0.0505165
2.52507 0.0092299
2.50845 0.0679318
2.49182 0.112469
2.47519 0.166019
2.45856 0.199775
2.44193 0.250592
2.4253 0.309474
2.40868 0.383751
2.39205 0.434888
2.37542 0.490279
2.35879 0.565608
2.34216 0.631063
2.32553 0.739469
2.30891 0.836219
2.29228 0.918042
2.27565 0.998761
2.25902 1.05952
2.24239 1.11969
2.22576 1.18761
2.20914 1.22465
2.19251 1.24131
2.17588 1.22538
2.15925 1.17225
2.14262 1.10156
2.126 0.993806
2.10937 0.870425
2.09274 0.717386
2.07611 0.547293
2.05948 0.336996
2.04285 0.161741
2.02623 0.008134
2.0096 -0.137775
1.99297 -0.312477
1.97634 -0.497202
1.95971 -0.729694
1.94308 -0.964468
1.92646 -1.2109
1.90983 -1.46222
1.8932 -1.73403
1.87657 -2.0234
1.85994 -2.31168
1.84332 -2.61665
1.82669 -2.87491
1.81006 -3.1453
1.79343 -3.39361
1.7768 -3.63883
1.76017 -3.90091
1.74355 -4.13977
1.72692 -4.4172
1.71029 -4.66049
1.69366 -4.89383
1.67703 -5.14164
1.6604 -5.38904
1.64378 -5.62117
1.62715 -5.81381
1.61052 -5.98678
1.59389 -6.1655
1.57726 -6.33628
1.56063 -6.51171
1.54401 -6.66195
1.52738 -6.80808
1.51075 -6.95107
1.49412 -7.10652
1.47749 -7.24008
1.46087 -7.40504
1.44424 -7.52526
1.42761 -7.64851
1.41098 -7.77161
1.39435 -7.88159
1.37773 -7.99418
1.3611 -8.08787
1.34447 -8.18018
1.32784 -8.24626
1.31121 -8.27561
1.29458 -8.3333
1.27795 -8.36431
1.26133 -8.4178
1.2447 -8.44407
1.22807 -8.46111
1.21144 -8.45227
1.19481 -8.45636
1.17819 -8.47125
1.16156 -8.47446
1.14493 -8.46089
1.1283 -8.40574
1.11167 -8.34647
1.09505 -8.28597
1.07842 -8.24614
1.06179 -8.20428
1.04516 -8.16647
1.02853 -8.11613
1.0119 -8.06829
0.995275 -8.02984
0.978647 -7.98042
0.962019 -7.95869
0.945391 -7.91262
0.928762 -7.86836
0.912134 -7.83581
0.895506 -7.80023
0.878878 -7.7794
0.862249 -7.75899
0.845621 -7.72438
0.828993 -7.69256
0.812365 -7.65723
0.795736 -7.64121
0.779108 -7.63489
0.76248 -7.61387
0.745852 -7.6035
0.729224 -7.55278
0.712595 -7.50719
0.695967 -7.48505
0.679339 -7.46644
0.662711 -7.44117
0.646082 -7.45997
0.629454 -7.4471
0.612826 -7.44197
0.596198 -7.44275
0.579569 -7.44872
0.562941 -7.49232
0.546313 -7.51727
0.529685 -7.54769
0.513057 -7.5647
0.496428 -7.60646
0.4798 -7.63665
0.463172 -7.66769
0.446544 -7.71133
0.429915 -7.70052
0.413287 -7.73279
0.396659 -7.72743
0.380031 -7.76666
0.363402 -7.79205
0.346774 -7.81771
0.330146 -7.83441
0.313518 -7.87487
0.296889 -7.88037
0.280261 -7.91002
0.263633 -7.92821
0.247005 -7.95507
0.230377 -7.97039
0.213748 -7.96957
0.19712 -7.99928
0.180492 -8.02678
0.163864 -8.03354
0.147235 -8.04553
0.130607 -8.04233
0.113979 -8.01944
0.0973506 -8.02232
0.0807224 -8.0245
0.0640941 -8.01722
0.0474659 -8.01828
0.0308377 -8.01906
0.0142094 -8.01798
-0.0024188 -8.01556
-0.019047 -8.01967
-0.0356753 -8.00975
-0.0523035 -8.0257
-0.0689317 -8.03199
-0.08556 -8.0346
-0.102188 -8.09342
-0.118817 -8.08871
-0.135445 -8.19794
-0.152073 -8.62161
