3.16616 -0.0495525
3.14955 0.462676
3.13294 -0.187993
3.11633 -0.0630342
3.09973 -0.113441
3.08312 -0.0620992
3.06651 -0.0544197
3.04991 -0.0569212
3.0333 -0.0317119
3.01669 -0.0157855
3.00009 0
2.98348 -0.00578954
2.96687 -0.0149
2.95026 -0.0309618
2.93366 -0.0517638
2.91705 -0.0460553
2.90044 -0.0406377
2.88384 -0.0558078
2.86723 -0.0885808
2.85062 -0.129845
2.83401 -0.130463
2.81741 -0.13008
2.8008 -0.131356
2.78419 -0.140176
2.76759 -0.173285
2.75098 -0.2129
2.73437 -0.24213
2.71776 -0.23402
2.70116 -0.266486
2.68455 -0.281171
2.66794 -0.320263
2.65134 -0.32894
2.63473 -0.368683
2.61812 -0.373129
2.60152 -0.366273
2.58491 -0.357265
2.5683 -0.359023
2.5517 -0.34142
2.53509 -0.292365
2.51848 -0.21646
2.50187 -0.132215
2.48527 -0.048587
2.46866 0.0174276
2.45205 0.11869
2.43545 0.232016
2.41884 0.359503
2.40223 0.487961
2.38562 0.629828
2.36902 0.749776
2.35241 0.877921
2.3358 1.04
2.3192 1.22849
2.30259 1.42391
2.28598 1.61007
2.26937 1.77871
2.25277 1.9325
2.23616 2.1045
2.21955 2.31941
2.20295 2.54652
2.18634 2.79315
2.16973 3.0442
2.15313 3.28725
2.13652 3.54104
2.11991 3.81436
2.1033 4.11916
2.0867 4.39183
2.07009 4.65512
2.05348 4.9202
2.03688 5.16373
2.02027 5.4314
2.00366 5.6928
1.98705 5.96108
1.97045 6.21975
1.95384 6.46135
1.93723 6.72353
1.92063 6.99454
1.90402 7.20747
1.88741 7.42513
1.87081 7.64998
1.8542 7.87595
1.83759 8.11261
1.82098 8.38007
1.80438 8.64856
1.78777 8.90961
1.77116 9.16913
1.75456 9.46329
1.73795 9.79031
1.72134 10.1603
1.70473 10.5375
1.68813 10.9184
1.67152 11.293
1.65491 11.674
1.63831 11.9887
1.6217 12.2966
1.60509 12.6129
1.58848 12.9474
1.57188 13.297
1.55527 13.6435
1.53866 14.0492
1.52206 14.4865
1.50545 14.9324
1.48884 15.3638
1.47223 15.8362
1.45563 16.3083
1.43902 16.7896
1.42241 17.2928
1.40581 17.8095
1.3892 18.3431
1.37259 18.8385
1.35598 19.3581
1.33938 19.9077
1.32277 20.4658
1.30616 21.0601
1.28956 21.6659
1.27295 22.281
1.25634 22.8634
1.23974 23.4242
1.22313 23.993
1.20652 24.555
1.18992 25.1344
1.17331 25.6819
1.1567 26.3076
1.14009 26.9363
1.12349 27.644
1.10688 28.3361
1.09027 29.1277
1.07367 29.8932
1.05706 30.6579
1.04045 31.3801
1.02384 32.0831
1.00724 32.8055
0.99063 33.4989
0.974023 34.1979
0.957415 34.9177
0.940809 35.671
0.924201 36.4367
0.907594 37.1677
0.890987 37.9063
0.87438 38.6512
0.857773 39.4614
0.841166 40.3416
0.824559 41.2806
0.807952 42.2116
0.791345 43.1441
0.774738 44.0673
0.758131 44.9657
0.741524 45.8782
0.724916 46.8165
0.708309 47.7835
0.691702 48.7685
0.675095 49.7185
0.658488 50.5976
0.641881 51.4908
0.625274 52.3829
0.608667 53.2582
0.59206 54.153
0.575453 55.0524
0.558846 55.9981
0.542239 56.9801
0.525632 57.9746
0.509024 58.9733
0.492418 59.9719
0.47581 60.8966
0.459203 61.7069
0.442596 62.4615
0.425989 63.2278
0.409382 63.9825
0.392775 64.7632
0.376168 65.5931
0.359561 66.5195
0.342954 67.4816
0.326347 68.4503
0.30974 69.4348
0.293133 70.4262
0.276525 71.4528
0.259918 72.4664
0.243311 73.5204
0.226704 74.561
0.210097 75.5826
0.19349 76.6268
0.176883 77.6288
0.160276 78.6013
0.143669 79.5558
0.127062 80.5201
0.110455 81.5039
0.0938477 82.4867
0.0772406 83.4696
0.0606336 84.4748
0.0440265 85.4797
0.0274194 86.486
0.0108123 87.4984
-0.00579475 88.493
-0.0224018 89.4993
-0.0390089 90.4961
-0.055616 91.528
-0.072223 92.4687
-0.0888301 93.3582
-0.105437 94.32
-0.122044 96.1559
-0.138651 96.104
