3.15112 -0.504303
3.13439 -0.0004448
3.11765 -0.120179
3.10092 -0.00836
3.08418 0.0342418
3.06745 0.0034399
3.05071 0.0288511
3.03398 0.0250076
3.01725 0.0259701
3.00051 0
2.98378 -0.0066034
2.96704 -0.0411989
2.95031 -0.0765783
2.93357 -0.0986783
2.91684 -0.0756754
2.9001 -0.0593038
2.88337 -0.06527
2.86664 -0.110321
2.8499 -0.0798048
2.83317 -0.0520676
2.81643 -0.0114484
2.7997 0.0278256
2.78296 0.0484823
2.76623 0.0722213
2.74949 0.10933
2.73276 0.164694
2.71602 0.211185
2.69929 0.253799
2.68255 0.265534
2.66582 0.30504
2.64908 0.326713
2.63235 0.399308
2.61562 0.451859
2.59888 0.51436
2.58215 0.581255
2.56541 0.644293
2.54868 0.731008
2.53194 0.836507
2.51521 0.956954
2.49847 1.10341
2.48174 1.21686
2.465 1.33897
2.44827 1.47742
2.43153 1.64319
2.4148 1.82705
2.39807 2.01276
2.38133 2.2102
2.3646 2.38102
2.34786 2.57224
2.33113 2.81318
2.31439 3.086
2.29766 3.37627
2.28092 3.61909
2.26419 3.89962
2.24745 4.17286
2.23072 4.48016
2.21399 4.77322
2.19725 5.08223
2.18052 5.39585
2.16378 5.67568
2.14705 5.98822
2.13031 6.28814
2.11358 6.59855
2.09684 6.90843
2.08011 7.20829
2.06337 7.53564
2.04664 7.85341
2.0299 8.15575
2.01317 8.50067
1.99643 8.7759
1.9797 9.06125
1.96297 9.35817
1.94623 9.67144
1.9295 10.0125
1.91276 10.3504
1.89603 10.6336
1.87929 10.9121
1.86256 11.1628
1.84582 11.4201
1.82909 11.7179
1.81235 12.0191
1.79562 12.3179
1.77889 12.6245
1.76215 12.9252
1.74542 13.2171
1.72868 13.5567
1.71195 13.8794
1.69521 14.2419
1.67848 14.5997
1.66174 14.9329
1.64501 15.2409
1.62827 15.5452
1.61154 15.857
1.59481 16.1699
1.57807 16.5147
1.56134 16.8454
1.5446 17.2343
1.52787 17.6905
1.51113 18.1421
1.4944 18.6132
1.47766 19.0425
1.46093 19.4839
1.44419 19.9576
1.42746 20.393
1.41072 20.8648
1.39399 21.3611
1.37725 21.8308
1.36052 22.3696
1.34379 22.9071
1.32705 23.453
1.31032 24.0169
1.29358 24.5709
1.27685 25.1367
1.26011 25.6831
1.24338 26.2617
1.22664 26.8076
1.20991 27.3855
1.19318 27.9439
1.17644 28.5316
1.1597 29.0814
1.14297 29.7074
1.12624 30.3204
1.1095 30.9887
1.09277 31.6045
1.07603 32.2615
1.0593 32.9685
1.04256 33.7063
1.02583 34.4321
1.00909 35.1397
0.992359 35.8584
0.975625 36.5591
0.95889 37.2788
0.942156 38.0101
0.925421 38.7831
0.908686 39.5442
0.891952 40.3342
0.875217 41.141
0.858483 41.8938
0.841748 42.6644
0.825013 43.4135
0.808279 44.1669
0.791544 44.9202
0.77481 45.6479
0.758075 46.46
0.74134 47.3032
0.724606 48.1562
0.707871 49.0083
0.691137 49.8697
0.674402 50.7529
0.657667 51.6102
0.640933 52.4627
0.624198 53.3389
0.607464 54.2085
0.590729 55.0942
0.573994 55.9759
0.55726 56.8493
0.540525 57.7117
0.523791 58.5921
0.507056 59.4632
0.490321 60.3522
0.473587 61.2643
0.456852 62.1896
0.440118 63.113
0.423383 64.0514
0.406648 64.9765
0.389914 65.8685
0.373179 66.8344
0.356445 67.8383
0.33971 68.8846
0.322975 69.9128
0.306241 70.9635
0.289506 72.0028
0.272772 73.0083
0.256037 73.9759
0.239302 74.9273
0.222568 75.9333
0.205833 76.9167
0.189099 77.9288
0.172364 78.963
0.155629 80.011
0.138895 81.0414
0.12216 82.0792
0.105426 83.1455
0.088691 84.1743
0.0719564 85.2151
0.0552218 86.1351
0.0384872 86.7219
0.0217526 87.017
0.005018 86.9355
-0.0117166 86.5274
-0.0284512 85.8156
-0.0451858 84.9299
-0.0619204 83.9602
-0.078655 82.9298
-0.0953896 81.8715
-0.112124 80.7746
-0.128859 79.6445
-0.145593 78.6541
-0.162328 77.2013
-0.179063 76.0295
