3.15309 15.9855
3.13648 16.5029
3.11988 16.4943
3.10328 16.602
3.08667 16.6266
3.07007 16.6398
3.05347 16.6664
3.03686 16.6862
3.02026 16.6812
3.00366 16.7
2.98705 16.6805
2.97045 16.6623
2.95385 16.6308
2.93724 16.6326
2.92064 16.6287
2.90403 16.6399
2.88743 16.638
2.87083 16.6094
2.85423 16.6037
2.83762 16.5947
2.82102 16.626
2.80441 16.638
2.78781 16.63
2.77121 16.6084
2.7546 16.6201
2.738 16.6086
2.7214 16.6356
2.70479 16.6643
2.68819 16.6602
2.67159 16.6664
2.65498 16.6642
2.63838 16.6531
2.62177 16.6671
2.60517 16.6917
2.58857 16.6877
2.57197 16.7002
2.55536 16.6862
2.53876 16.717
2.52215 16.7713
2.50555 16.8193
2.48895 16.8623
2.47234 16.8778
2.45574 16.9009
2.43914 16.951
2.42253 17.031
2.40593 17.1107
2.38933 17.1742
2.37272 17.2142
2.35612 17.2541
2.33952 17.2635
2.32291 17.3038
2.30631 17.3056
2.28971 17.3262
2.2731 17.3193
2.2565 17.3055
2.23989 17.2655
2.22329 17.2562
2.20669 17.2384
2.19008 17.2144
2.17348 17.1829
2.15688 17.104
2.14027 17.0481
2.12367 16.925
2.10707 16.8391
2.09046 16.7145
2.07386 16.5828
2.05726 16.4445
2.04065 16.3383
2.02405 16.2546
2.00745 16.2044
1.99084 16.1184
1.97424 16.0601
1.95763 15.9465
1.94103 15.8373
1.92443 15.7354
1.90782 15.6212
1.89122 15.497
1.87462 15.3722
1.85801 15.2486
1.84141 15.12
1.82481 15.0227
1.8082 14.9482
1.7916 14.8847
1.775 14.82
1.75839 14.755
1.74179 14.7125
1.72518 14.6849
1.70858 14.6638
1.69198 14.6494
1.67538 14.6199
1.65877 14.596
1.64217 14.5639
1.62556 14.5498
1.60896 14.5493
1.59236 14.5559
1.57575 14.5633
1.55915 14.5714
1.54255 14.6075
1.52594 14.6441
1.50934 14.6828
1.49274 14.7398
1.47613 14.7843
1.45953 14.8235
1.44293 14.8861
1.42632 14.9882
1.40972 15.1188
1.39312 15.2038
1.37651 15.2957
1.35991 15.4034
1.3433 15.4772
1.3267 15.5505
1.3101 15.6255
1.29349 15.7182
1.27689 15.7778
1.26029 15.857
1.24368 15.9787
1.22708 16.1379
1.21048 16.2869
1.19387 16.4581
1.17727 16.6041
1.16067 16.7742
1.14406 16.9649
1.12746 17.1506
1.11085 17.3562
1.09425 17.5615
1.07765 17.7996
1.06104 18.0419
1.04444 18.2856
1.02784 18.5564
1.01123 18.8145
0.99463 19.066
0.978026 19.3187
0.961423 19.5707
0.944819 19.838
0.928216 20.152
0.911612 20.4674
0.895009 20.7879
0.878405 21.1083
0.861802 21.4069
0.845198 21.6975
0.828595 22.0085
0.811991 22.337
0.795388 22.6538
0.778784 22.9794
0.762181 23.3362
0.745577 23.6986
0.728974 24.095
0.71237 24.4558
0.695766 24.8293
0.679163 25.178
0.662559 25.5369
0.645956 25.9204
0.629352 26.337
0.612749 26.7831
0.596145 27.2132
0.579542 27.6666
0.562938 28.051
0.546335 28.4029
0.529731 28.6954
0.513128 28.9593
0.496524 29.2087
0.479921 29.3901
0.463317 29.5682
0.446714 29.7108
0.43011 29.8141
0.413507 29.9242
0.396903 29.995
0.3803 30.0542
0.363696 30.0701
0.347093 30.1121
0.330489 30.1192
0.313885 30.1505
0.297282 30.1356
0.280678 30.1163
0.264075 30.095
0.247471 30.0855
0.230868 30.1108
0.214264 30.1422
0.197661 30.1658
0.181057 30.178
0.164454 30.1791
0.14785 30.1967
0.131247 30.1908
0.114643 30.1918
0.0980396 30.1871
0.081436 30.1857
0.0648325 30.156
0.048229 30.1516
0.0316255 30.1584
0.0150219 30.1468
-0.00158158 30.158
-0.0181851 30.1675
-0.0347886 30.1265
-0.0513922 30.1184
-0.0679957 30.0814
-0.0845992 30.0849
-0.101203 29.9971
-0.117806 29.9271
-0.13441 30.1932
-0.151013 29.8206
