3.14879 17.8399
3.13213 16.5626
3.11546 16.5305
3.0988 16.5532
3.08214 16.6432
3.06547 16.6659
3.04881 16.6533
3.03215 16.697
3.01548 16.7007
2.99882 16.7
2.98216 16.696
2.9655 16.6643
2.94883 16.6441
2.93217 16.6531
2.91551 16.6493
2.89885 16.6569
2.88218 16.6389
2.86552 16.6299
2.84886 16.6195
2.83219 16.6157
2.81553 16.621
2.79887 16.6413
2.7822 16.6456
2.76554 16.6268
2.74888 16.6315
2.73222 16.6445
2.71555 16.6604
2.69889 16.6883
2.68223 16.7184
2.66556 16.7111
2.6489 16.7423
2.63224 16.7538
2.61558 16.7725
2.59891 16.7927
2.58225 16.8111
2.56559 16.8165
2.54892 16.8365
2.53226 16.8943
2.5156 16.9141
2.49893 16.9923
2.48227 17.0166
2.46561 17.0558
2.44895 17.1085
2.43228 17.1506
2.41562 17.2423
2.39896 17.3116
2.38229 17.3937
2.36563 17.4794
2.34897 17.5625
2.3323 17.6152
2.31564 17.6789
2.29898 17.74
2.28232 17.8155
2.26565 17.8502
2.24899 17.927
2.23233 18.0057
2.21566 18.062
2.199 18.1241
2.18234 18.1698
2.16568 18.1766
2.14901 18.1461
2.13235 18.1266
2.11569 18.0953
2.09902 18.07
2.08236 17.9751
2.0657 17.8802
2.04903 17.8089
2.03237 17.8043
2.01571 17.8211
1.99905 17.8068
1.98238 17.7779
1.96572 17.68
1.94906 17.5292
1.9324 17.3202
1.91573 17.1294
1.89907 16.9278
1.88241 16.7758
1.86574 16.5969
1.84908 16.4022
1.83242 16.2269
1.81575 16.0351
1.79909 15.8522
1.78243 15.6766
1.76577 15.4827
1.7491 15.2896
1.73244 15.1666
1.71578 15.0446
1.69911 14.9114
1.68245 14.7838
1.66579 14.663
1.64912 14.513
1.63246 14.4033
1.6158 14.2973
1.59914 14.2085
1.58247 14.1269
1.56581 14.0238
1.54915 13.9682
1.53248 13.9125
1.51582 13.8717
1.49916 13.8107
1.48249 13.7951
1.46583 13.7571
1.44917 13.7346
1.43251 13.7535
1.41584 13.7685
1.39918 13.772
1.38252 13.804
1.36586 13.802
1.34919 13.8202
1.33253 13.8629
1.31587 13.9125
1.2992 13.9546
1.28254 14.002
1.26588 14.06
1.24921 14.1091
1.23255 14.161
1.21589 14.2341
1.19923 14.3007
1.18256 14.3775
1.1659 14.4799
1.14924 14.5989
1.13257 14.7388
1.11591 14.921
1.09925 15.09
1.08258 15.2781
1.06592 15.4498
1.04926 15.6568
1.0326 15.8526
1.01593 16.0473
0.99927 16.2736
0.982608 16.4622
0.965945 16.6639
0.949282 16.8857
0.932619 17.096
0.915956 17.3352
0.899293 17.5798
0.88263 17.8409
0.865967 18.091
0.849304 18.3765
0.832641 18.7214
0.815978 19.0507
0.799315 19.4354
0.782652 19.8184
0.765989 20.1775
0.749327 20.5022
0.732664 20.8538
0.716001 21.2038
0.699338 21.5802
0.682675 21.9581
0.666012 22.3546
0.649349 22.7596
0.632686 23.1972
0.616023 23.6275
0.59936 24.0608
0.582697 24.4899
0.566034 24.9083
0.549371 25.3336
0.532709 25.7595
0.516046 26.148
0.499383 26.5354
0.48272 26.9269
0.466057 27.3123
0.449394 27.7373
0.432731 28.19
0.416068 28.6444
0.399405 29.018
0.382742 29.401
0.366079 29.7129
0.349416 29.9295
0.332753 30.0876
0.31609 30.1676
0.299428 30.2102
0.282764 30.2475
0.266102 30.2937
0.249439 30.4122
0.232776 30.6322
0.216113 30.8534
0.19945 31.0189
0.182787 31.153
0.166124 31.2769
0.149461 31.3233
0.132798 31.313
0.116135 31.3148
0.0994723 31.302
0.0828094 31.282
0.0661464 31.2744
0.0494835 31.2589
0.0328206 31.2891
0.0161576 31.3287
-0.000505293 31.3399
-0.0171682 31.343
-0.0338311 31.3272
-0.0504941 31.3359
-0.067157 31.2932
-0.0838199 31.3004
-0.100483 31.2171
-0.117146 31.1586
-0.133809 30.9189
-0.150472 29.9614
-0.167135 28.2423
