3.15309 0.0688
3.13648 0.1163
3.11988 0.1025
3.10328 0.0759
3.08667 0.0115
3.07007 0.0164
3.05347 0.0161
3.03686 -0.0108
3.02026 -0.0074
3.00366 0
2.98705 0.0147
2.97045 0.0145
2.95385 -0.0055
2.93724 -0.0145
2.92064 -0.0314
2.90403 -0.0258
2.88743 0.0078
2.87083 0.0007
2.85423 -0.0103
2.83762 -0.0434
2.82102 -0.033
2.80441 -0.0379
2.78781 -0.0261
2.77121 -0.0251
2.7546 -0.0686
2.738 -0.1213
2.7214 -0.1427
2.70479 -0.1414
2.68819 -0.1845
2.67159 -0.1831
2.65498 -0.2341
2.63838 -0.2539
2.62177 -0.2683
2.60517 -0.2634
2.58857 -0.2493
2.57197 -0.21
2.55536 -0.1859
2.53876 -0.1495
2.52215 -0.1262
2.50555 -0.0645
2.48895 -0.0015
2.47234 0.0484
2.45574 0.0832
2.43914 0.1485
2.42253 0.2624
2.40593 0.3927
2.38933 0.5231
2.37272 0.6692
2.35612 0.7812
2.33952 0.9052
2.32291 1.0591
2.30631 1.2758
2.28971 1.4933
2.2731 1.6943
2.2565 1.901
2.23989 2.0571
2.22329 2.2078
2.20669 2.3699
2.19008 2.5814
2.17348 2.8101
2.15688 3.0673
2.14027 3.3336
2.12367 3.6114
2.10707 3.9015
2.09046 4.2029
2.07386 4.4703
2.05726 4.7336
2.04065 5.004
2.02405 5.3005
2.00745 5.5861
1.99084 5.8811
1.97424 6.1789
1.95763 6.4734
1.94103 6.7597
1.92443 7.0398
1.90782 7.3326
1.89122 7.5377
1.87462 7.7726
1.85801 7.9694
1.84141 8.1578
1.82481 8.3378
1.8082 8.5317
1.7916 8.7205
1.775 8.9136
1.75839 9.102
1.74179 9.332
1.72518 9.5825
1.70858 9.8849
1.69198 10.1902
1.67538 10.4987
1.65877 10.7832
1.64217 11.0529
1.62556 11.2496
1.60896 11.4213
1.59236 11.6253
1.57575 11.8187
1.55915 12.0339
1.54255 12.2442
1.52594 12.4846
1.50934 12.7381
1.49274 12.9919
1.47613 13.2338
1.45953 13.4779
1.44293 13.708
1.42632 13.9433
1.40972 14.1889
1.39312 14.3965
1.37651 14.5995
1.35991 14.801
1.3433 14.973
1.3267 15.1443
1.3101 15.3049
1.29349 15.4699
1.27689 15.5939
1.26029 15.7222
1.24368 15.8771
1.22708 16.0605
1.21048 16.2301
1.19387 16.4169
1.17727 16.5785
1.16067 16.7617
1.14406 16.9652
1.12746 17.1617
1.11085 17.3779
1.09425 17.5892
1.07765 17.8334
1.06104 18.081
1.04444 18.329
1.02784 18.6036
1.01123 18.8629
0.99463 19.1156
0.978026 19.3661
0.961423 19.6168
0.944819 19.8846
0.928216 20.1981
0.911612 20.5122
0.895009 20.8281
0.878405 21.1453
0.861802 21.4409
0.845198 21.7294
0.828595 22.0401
0.811991 22.3673
0.795388 22.6813
0.778784 23.0035
0.762181 23.3577
0.745577 23.7216
0.728974 24.1199
0.71237 24.4819
0.695766 24.8546
0.679163 25.2022
0.662559 25.56
0.645956 25.9478
0.629352 26.3703
0.612749 26.8202
0.596145 27.253
0.579542 27.7085
0.562938 28.0964
0.546335 28.4543
0.529731 28.7567
0.513128 29.031
0.496524 29.29
0.479921 29.4789
0.463317 29.6632
0.446714 29.812
0.43011 29.9219
0.413506 30.0353
0.396903 30.1085
0.3803 30.1704
0.363696 30.1891
0.347092 30.2319
0.330489 30.2386
0.313885 30.2682
0.297282 30.2525
0.280678 30.2318
0.264075 30.2082
0.247471 30.1949
0.230868 30.2217
0.214264 30.2547
0.197661 30.2782
0.181057 30.2906
0.164454 30.2913
0.14785 30.3092
0.131247 30.3054
0.114643 30.3081
0.0980395 30.3048
0.081436 30.3059
0.0648325 30.276
0.048229 30.2738
0.0316254 30.2803
0.0150219 30.2704
-0.00158161 30.2823
-0.0181851 30.2914
-0.0347887 30.2509
-0.0513922 30.2446
-0.0679957 30.2075
-0.0845992 30.2104
-0.101203 30.1194
-0.117806 30.0528
-0.13441 30.2971
-0.151013 29.952
