3.16157 -0.49594
3.14484 0.00587
3.12811 -0.11365
3.11139 -0.00212
3.09466 0.04063
3.07793 0.00994
3.06121 0.03533
3.04448 0.03155
3.02775 0.03253
3.01102 0.00661
2.9943 0
2.97757 -0.03456
2.96084 -0.0699
2.94412 -0.09199
2.92739 -0.069
2.91066 -0.05265
2.89393 -0.05857
2.87721 -0.10357
2.86048 -0.07314
2.84375 -0.04546
2.82703 -0.00486
2.8103 0.03435
2.79357 0.05499
2.77685 0.0787
2.76012 0.11574
2.74339 0.17098
2.72667 0.21748
2.70994 0.26008
2.69321 0.27178
2.67648 0.31128
2.65976 0.33288
2.64303 0.40538
2.6263 0.45788
2.60958 0.52038
2.59285 0.58718
2.57612 0.65018
2.55939 0.73678
2.54267 0.84208
2.52594 0.96248
2.50921 1.10868
2.49249 1.22198
2.47576 1.34388
2.45903 1.48198
2.44231 1.64758
2.42558 1.83108
2.40885 2.01648
2.39213 2.21348
2.3754 2.38398
2.35867 2.57478
2.34194 2.81518
2.32522 3.08728
2.30849 3.37678
2.29176 3.61898
2.27504 3.89858
2.25831 4.17078
2.24158 4.47688
2.22486 4.76858
2.20813 5.07618
2.1914 5.38798
2.17468 5.66608
2.15795 5.97578
2.14122 6.27248
2.12449 6.57898
2.10777 6.88398
2.09104 7.17798
2.07431 7.49728
2.05759 7.80538
2.04086 8.09818
2.02413 8.43358
2.0074 8.70018
1.99068 8.97488
1.97395 9.25708
1.95722 9.55108
1.9405 9.86428
1.92377 10.1665
1.90704 10.412
1.89032 10.6461
1.87359 10.8474
1.85686 11.047
1.84014 11.2693
1.82341 11.4876
1.80668 11.6886
1.78995 11.8869
1.77323 12.0614
1.7565 12.2084
1.73977 12.3816
1.72305 12.5216
1.70632 12.6621
1.68959 12.7706
1.67287 12.8574
1.65614 12.9023
1.63941 12.9373
1.62268 12.969
1.60596 13.0117
1.58923 13.0449
1.5725 13.0472
1.55578 13.0791
1.53905 13.1242
1.52232 13.1583
1.5056 13.1824
1.48887 13.1887
1.47214 13.1902
1.45541 13.2136
1.43869 13.2146
1.42196 13.2421
1.40523 13.2716
1.38851 13.2972
1.37178 13.3291
1.35505 13.3629
1.33833 13.4262
1.3216 13.4891
1.30487 13.5731
1.28815 13.6467
1.27142 13.7409
1.25469 13.8366
1.23796 13.9202
1.22124 14.0377
1.20451 14.1418
1.18778 14.2387
1.17106 14.3704
1.15433 14.481
1.1376 14.6265
1.12088 14.7816
1.10415 14.9405
1.08742 15.1007
1.07069 15.266
1.05397 15.4442
1.03724 15.6571
1.02051 15.8868
1.00379 16.1484
0.987059 16.38
0.970332 16.6334
0.953605 16.872
0.936878 17.1218
0.920151 17.4097
0.903424 17.6718
0.886697 17.9567
0.86997 18.235
0.853243 18.516
0.836516 18.8413
0.819789 19.1571
0.803062 19.4924
0.786335 19.8205
0.769608 20.1652
0.752881 20.4987
0.736154 20.8729
0.719427 21.2612
0.7027 21.6527
0.685973 22.0605
0.669246 22.478
0.65252 22.875
0.635792 23.2933
0.619066 23.6919
0.602338 24.1085
0.585611 24.5136
0.568885 24.9237
0.552158 25.3415
0.535431 25.7811
0.518704 26.1876
0.501977 26.5925
0.48525 26.985
0.468523 27.3524
0.451796 27.7279
0.435069 28.0689
0.418342 28.3873
0.401615 28.661
0.384888 28.8977
0.368161 29.1083
0.351434 29.2554
0.334707 29.3876
0.31798 29.4695
0.301253 29.5154
0.284526 29.5545
0.267799 29.5845
0.251072 29.6673
0.234345 29.819
0.217618 29.9669
0.200891 30.0913
0.184164 30.1706
0.167437 30.2409
0.15071 30.2854
0.133983 30.2974
0.117256 30.3191
0.100529 30.324
0.0838021 30.3264
0.0670752 30.3151
0.0503482 30.3114
0.0336212 30.3252
0.0168942 30.3511
0.000167232 30.3667
-0.0165598 30.3639
-0.0332867 30.3446
-0.0500137 30.3329
-0.0667407 30.3275
-0.0834677 30.2706
-0.100195 30.2041
-0.116922 30.3143
-0.133649 29.9479
-0.150376 29.5606
-0.167103 28.6775
