3.15368 0.132599
3.13721 -0.955109
3.12075 -0.288451
3.10429 -0.256846
3.08782 -0.104201
3.07136 -0.0691599
3.05489 -0.0182923
3.03843 -0.0314542
3.02197 -0.0270284
3.0055 0
2.98904 -0.0298607
2.97257 -0.0237371
2.95611 -0.0719696
2.93965 -0.0668226
2.92318 -0.0830803
2.90672 -0.0695631
2.89025 -0.0616231
2.87379 -0.0741221
2.85733 -0.0783219
2.84086 -0.115611
2.8244 -0.101902
2.80793 -0.106808
2.79147 -0.117063
2.77501 -0.132123
2.75854 -0.16866
2.74208 -0.163315
2.72561 -0.155609
2.70915 -0.175622
2.69269 -0.14536
2.67622 -0.177896
2.65976 -0.203136
2.6433 -0.209121
2.62683 -0.181719
2.61037 -0.156091
2.5939 -0.143824
2.57744 -0.133127
2.56098 -0.107808
2.54451 -0.0750807
2.52805 -0.0021651
2.51158 0.0758973
2.49512 0.161983
2.47865 0.261502
2.46219 0.339033
2.44573 0.428611
2.42926 0.550975
2.4128 0.66804
2.39634 0.801432
2.37987 0.922147
2.36341 1.05338
2.34694 1.2041
2.33048 1.34068
2.31401 1.43708
2.29755 1.57049
2.28109 1.68511
2.26462 1.80906
2.24816 2.02413
2.2317 2.28312
2.21523 2.56742
2.19877 2.83641
2.1823 3.07806
2.16584 3.26927
2.14938 3.45417
2.13291 3.55484
2.11645 3.65281
2.09998 3.74512
2.08352 3.80677
2.06705 3.8723
2.05059 3.98256
2.03413 4.17422
2.01766 4.45242
2.0012 4.68647
1.98473 4.94534
1.96827 5.12023
1.95181 5.30405
1.93534 5.48868
1.91888 5.68874
1.90242 5.92232
1.88595 6.1198
1.86949 6.33925
1.85302 6.51082
1.83656 6.71904
1.8201 6.95604
1.80363 7.19728
1.78717 7.42563
1.7707 7.67075
1.75424 7.91106
1.73778 8.17039
1.72131 8.41492
1.70485 8.68214
1.68838 8.97458
1.67192 9.26472
1.65546 9.55162
1.63899 9.89804
1.62253 10.267
1.60606 10.6176
1.5896 10.9816
1.57314 11.3282
1.55667 11.6919
1.54021 12.08
1.52374 12.4868
1.50728 12.9391
1.49082 13.3726
1.47435 13.7987
1.45789 14.2044
1.44142 14.6309
1.42496 15.0551
1.4085 15.4839
1.39203 15.9659
1.37557 16.4372
1.3591 16.9464
1.34264 17.4831
1.32618 18.0567
1.30971 18.6242
1.29325 19.1913
1.27678 19.7392
1.26032 20.2936
1.24386 20.8178
1.22739 21.348
1.21093 21.8882
1.19446 22.4435
1.178 22.9811
1.16154 23.5061
1.14507 24.0929
1.12861 24.7058
1.11214 25.3457
1.09568 26.0004
1.07922 26.6408
1.06275 27.3279
1.04629 28.0365
1.02982 28.7786
1.01336 29.5109
0.996897 30.2733
0.980433 31.0092
0.963969 31.716
0.947505 32.42
0.931041 33.1312
0.914577 33.8438
0.898113 34.5372
0.881649 35.2314
0.865185 35.9106
0.848721 36.6497
0.832257 37.4031
0.815793 38.1993
0.799329 39.0183
0.782865 39.8309
0.766401 40.6721
0.749937 41.543
0.733473 42.3984
0.717009 43.2433
0.700545 44.0759
0.684081 44.9013
0.667617 45.7607
0.651153 46.6188
0.634689 47.4457
0.618225 48.3176
0.601761 49.1998
0.585297 50.0796
0.568833 50.922
0.552369 51.7178
0.535905 52.4946
0.519441 53.2728
0.502977 54.0544
0.486513 54.8413
0.470049 55.6457
0.453585 56.4631
0.437121 57.2815
0.420657 58.1047
0.404193 58.9333
0.387729 59.7787
0.371265 60.6197
0.354801 61.5134
0.338337 62.4465
0.321873 63.3762
0.305409 64.319
0.288945 65.2734
0.272481 66.2071
0.256018 67.1201
0.239554 68.0385
0.223089 68.9446
0.206625 69.8507
0.190162 70.7812
0.173698 71.7927
0.157234 72.9299
0.14077 74.1264
0.124306 75.3667
0.107842 76.5691
0.0913777 77.726
0.0749137 78.8179
0.0584497 79.8589
0.0419857 80.9347
0.0255217 82.0338
0.00905776 83.1758
-0.00740622 84.3047
-0.0238702 85.4219
-0.0403342 86.583
-0.0567982 87.6125
-0.0732621 88.7299
-0.0897261 89.7818
-0.10619 90.3629
-0.122654 91.1261
