3.15881 -0.47431
3.14222 -0.136062
3.12562 -0.0997601
3.10903 -0.0836822
3.09244 -0.105901
3.07584 -0.0523671
3.05925 -0.0259046
3.04265 -0.0136419
3.02606 -0.0070352
3.00947 -0.0108373
2.99287 0
2.97628 -0.0249518
2.95968 -0.0536586
2.94309 -0.0551536
2.9265 -0.0565156
2.9099 -0.0408823
2.89331 -0.0486307
2.87671 -0.0415548
2.86012 -0.04508
2.84353 -0.0434629
2.82693 -0.0028843
2.81034 0.0575508
2.79374 0.0909772
2.77715 0.109663
2.76056 0.141207
2.74396 0.184127
2.72737 0.237844
2.71077 0.31983
2.69418 0.389654
2.67759 0.437587
2.66099 0.507788
2.6444 0.583755
2.6278 0.648499
2.61121 0.740644
2.59462 0.824724
2.57802 0.897994
2.56143 0.982798
2.54483 1.10498
2.52824 1.24151
2.51165 1.38691
2.49505 1.54197
2.47846 1.67405
2.46186 1.82824
2.44527 1.98512
2.42868 2.16119
2.41208 2.35677
2.39549 2.54301
2.37889 2.73079
2.3623 2.92781
2.34571 3.15534
2.32911 3.42987
2.31252 3.68198
2.29592 3.94331
2.27933 4.19873
2.26274 4.43099
2.24614 4.71975
2.22955 4.9938
2.21295 5.26401
2.19636 5.55287
2.17977 5.816
2.16317 6.07867
2.14658 6.36327
2.12998 6.65446
2.11339 6.93365
2.0968 7.21837
2.0802 7.46626
2.06361 7.70308
2.04701 7.89754
2.03042 8.05105
2.01383 8.17692
1.99723 8.29615
1.98064 8.40589
1.96404 8.50851
1.94745 8.63222
1.93085 8.78361
1.91426 8.92784
1.89767 9.06916
1.88107 9.20286
1.86448 9.33369
1.84788 9.46824
1.83129 9.65663
1.8147 9.84403
1.7981 10.0134
1.78151 10.198
1.76491 10.3643
1.74832 10.5496
1.73173 10.761
1.71513 10.9865
1.69854 11.2198
1.68194 11.4348
1.66535 11.6909
1.64876 11.9559
1.63216 12.2698
1.61557 12.5621
1.59897 12.8496
1.58238 13.1528
1.56579 13.4499
1.54919 13.7676
1.5326 14.1474
1.516 14.551
1.49941 14.9437
1.48282 15.351
1.46622 15.7655
1.44963 16.1959
1.43303 16.6395
1.41644 17.0892
1.39985 17.5422
1.38325 17.9962
1.36666 18.4588
1.35006 18.9405
1.33347 19.4438
1.31688 19.9657
1.30028 20.4778
1.28369 20.9934
1.26709 21.5293
1.2505 22.034
1.23391 22.5474
1.21731 23.0605
1.20072 23.5776
1.18412 24.103
1.16753 24.6271
1.15094 25.141
1.13434 25.6943
1.11775 26.239
1.10115 26.7953
1.08456 27.3725
1.06797 27.9619
1.05137 28.5589
1.03478 29.1694
1.01818 29.7904
1.00159 30.4032
0.984995 31.0312
0.968401 31.6955
0.951807 32.3996
0.935213 33.1385
0.918619 33.8765
0.902025 34.6066
0.885431 35.3384
0.868837 36.0759
0.852243 36.786
0.835649 37.4908
0.819055 38.2269
0.802461 38.9381
0.785867 39.6761
0.769273 40.4308
0.752679 41.2054
0.736085 41.9991
0.719491 42.7829
0.702897 43.5743
0.686303 44.358
0.669709 45.1789
0.653114 46.0033
0.63652 46.8315
0.619926 47.6603
0.603332 48.4847
0.586738 49.3319
0.570144 50.151
0.55355 51.0374
0.536956 51.9303
0.520362 52.8481
0.503768 53.765
0.487174 54.6779
0.47058 55.6021
0.453986 56.5012
0.437392 57.4008
0.420798 58.34
0.404204 59.2291
0.38761 60.1465
0.371016 61.037
0.354422 61.9509
0.337828 62.878
0.321234 63.8076
0.30464 64.743
0.288046 65.6795
0.271452 66.6403
0.254858 67.6457
0.238264 68.6551
0.22167 69.6664
0.205076 70.6651
0.188482 71.6868
0.171888 72.6878
0.155294 73.6654
0.1387 74.647
0.122106 75.6292
0.105511 76.6085
0.0889174 77.5858
0.0723234 78.6036
0.0557293 79.6593
0.0391353 80.7219
0.0225413 81.7834
0.00594726 82.8539
-0.0106468 83.9223
-0.0272408 84.9671
-0.0438348 86.0505
-0.0604289 87.1233
-0.0770229 88.1349
-0.0936169 89.2746
-0.110211 90.2364
-0.126805 90.6354
-0.143399 92.673
