3.17235 20.6571
3.15552 18.4773
3.13869 18.1758
3.12187 17.7115
3.10504 17.8401
3.08821 17.8655
3.07139 17.8706
3.05456 17.8858
3.03774 17.9318
3.02091 17.9391
3.00408 17.95
2.98726 17.9354
2.97043 17.9238
2.95361 17.8998
2.93678 17.8975
2.91995 17.9158
2.90313 17.9358
2.8863 17.9116
2.86947 17.9071
2.85265 17.9097
2.83582 17.9229
2.819 17.9384
2.80217 17.939
2.78534 17.9409
2.76852 17.9301
2.75169 17.9495
2.73486 17.9593
2.71804 17.9757
2.70121 17.9799
2.68438 17.9822
2.66756 17.9852
2.65073 17.9802
2.63391 18.0121
2.61708 18.0342
2.60025 18.0894
2.58343 18.1007
2.5666 18.1292
2.54977 18.1693
2.53295 18.2266
2.51612 18.2697
2.4993 18.3248
2.48247 18.3542
2.46564 18.3888
2.44882 18.4253
2.43199 18.4662
2.41516 18.5003
2.39834 18.5444
2.38151 18.5405
2.36469 18.5592
2.34786 18.5514
2.33103 18.5571
2.31421 18.5581
2.29738 18.5491
2.28055 18.5095
2.26373 18.4568
2.2469 18.3891
2.23007 18.3432
2.21325 18.3029
2.19642 18.2118
2.1796 18.1035
2.16277 17.9698
2.14594 17.8186
2.12912 17.6586
2.11229 17.4997
2.09546 17.3248
2.07864 17.1334
2.06181 16.9117
2.04499 16.7061
2.02816 16.4969
2.01133 16.2818
1.99451 16.0803
1.97768 15.8606
1.96086 15.6521
1.94403 15.4537
1.9272 15.3001
1.91038 15.1649
1.89355 15.0333
1.87672 14.892
1.8599 14.762
1.84307 14.613
1.82624 14.4718
1.80942 14.3203
1.79259 14.158
1.77577 14.0143
1.75894 13.864
1.74211 13.7135
1.72529 13.612
1.70846 13.5214
1.69163 13.4321
1.67481 13.3404
1.65798 13.2497
1.64116 13.1632
1.62433 13.1317
1.6075 13.106
1.59068 13.0729
1.57385 13.0471
1.55702 13.0156
1.5402 12.9943
1.52337 12.9536
1.50655 12.942
1.48972 12.9105
1.47289 12.882
1.45607 12.8664
1.43924 12.8841
1.42241 12.9481
1.40559 13.0327
1.38876 13.0906
1.37193 13.1428
1.35511 13.2096
1.33828 13.2723
1.32146 13.354
1.30463 13.4442
1.2878 13.5384
1.27098 13.6139
1.25415 13.7139
1.23733 13.8107
1.2205 13.9147
1.20367 14.0374
1.18685 14.166
1.17002 14.2647
1.15319 14.3793
1.13637 14.502
1.11954 14.6382
1.10271 14.7615
1.08589 14.9028
1.06906 15.0124
1.05224 15.1816
1.03541 15.3825
1.01858 15.6044
1.00176 15.8225
0.984931 16.0389
0.968105 16.2339
0.951279 16.4503
0.934452 16.67
0.917626 16.9042
0.9008 17.1312
0.883973 17.3519
0.867147 17.6154
0.850321 17.9014
0.833495 18.2403
0.816668 18.5859
0.799842 18.9187
0.783016 19.2673
0.76619 19.6193
0.749363 19.9576
0.732537 20.3238
0.715711 20.7025
0.698885 21.0797
0.682058 21.4359
0.665232 21.8036
0.648406 22.1652
0.631579 22.5121
0.614753 22.8791
0.597927 23.2107
0.581101 23.5513
0.564274 23.8511
0.547448 24.1477
0.530622 24.4018
0.513795 24.6254
0.496969 24.7986
0.480143 24.9416
0.463317 25.0892
0.44649 25.2471
0.429664 25.4249
0.412838 25.5827
0.396012 25.6962
0.379185 25.783
0.362359 25.8427
0.345533 25.9479
0.328707 26.0684
0.31188 26.1812
0.295054 26.2678
0.278228 26.3224
0.261401 26.3485
0.244575 26.3553
0.227749 26.3212
0.210923 26.3163
0.194096 26.2895
0.17727 26.2729
0.160444 26.2435
0.143618 26.2221
0.126791 26.2137
0.109965 26.1938
0.0931387 26.1859
0.0763124 26.1597
0.0594861 26.1251
0.0426598 26.1358
0.0258336 26.1405
0.00900728 26.1332
-0.00781899 26.1385
-0.0246453 26.1381
-0.0414715 26.1222
-0.0582978 26.1026
-0.0751241 26.0925
-0.0919504 26.042
-0.108777 26.1536
-0.125603 25.8499
-0.142429 25.8979
-0.159255 26.0936
-0.176082 25.3664
