3.15649 18.3209
3.13986 17.7834
3.12323 17.681
3.1066 17.8512
3.08998 17.8022
3.07335 17.875
3.05672 17.9175
3.04009 17.9303
3.02347 17.9731
3.00684 17.95
2.99021 17.9684
2.97358 17.9849
2.95695 17.9592
2.94033 17.9608
2.9237 17.9709
2.90707 17.9941
2.89045 17.9925
2.87382 18.0003
2.85719 18.0045
2.84056 18.0111
2.82394 18.0419
2.80731 18.0305
2.79068 18.0589
2.77405 18.0636
2.75742 18.0581
2.7408 18.0557
2.72417 18.1078
2.70754 18.1246
2.69091 18.1439
2.67429 18.1468
2.65766 18.1404
2.64103 18.1614
2.6244 18.2284
2.60778 18.2847
2.59115 18.3118
2.57452 18.3276
2.55789 18.3687
2.54127 18.4263
2.52464 18.5009
2.50801 18.5642
2.49138 18.6325
2.47476 18.6713
2.45813 18.7369
2.4415 18.7783
2.42487 18.8503
2.40825 18.9387
2.39162 19.0262
2.37499 19.0757
2.35836 19.1191
2.34173 19.2271
2.32511 19.3593
2.30848 19.4828
2.29185 19.6011
2.27522 19.7356
2.2586 19.8515
2.24197 19.9181
2.22534 19.9702
2.20872 20.0129
2.19209 20.0148
2.17546 19.9765
2.15883 19.9005
2.1422 19.8484
2.12558 19.7803
2.10895 19.6805
2.09232 19.5769
2.07569 19.4205
2.05907 19.248
2.04244 19.0774
2.02581 18.8458
2.00918 18.5642
1.99256 18.2807
1.97593 17.99
1.9593 17.6901
1.94267 17.3663
1.92605 17.1079
1.90942 16.872
1.89279 16.6363
1.87616 16.4027
1.85954 16.1746
1.84291 15.9403
1.82628 15.675
1.80965 15.3905
1.79303 15.1383
1.7764 14.9008
1.75977 14.6472
1.74314 14.4143
1.72652 14.2067
1.70989 14.0145
1.69326 13.8169
1.67663 13.6138
1.66 13.4287
1.64338 13.2157
1.62675 13.0864
1.61012 12.9645
1.5935 12.8272
1.57687 12.7155
1.56024 12.597
1.54361 12.5163
1.52698 12.4563
1.51036 12.3977
1.49373 12.3483
1.4771 12.2792
1.46047 12.2583
1.44385 12.2208
1.42722 12.1933
1.41059 12.1761
1.39396 12.1634
1.37734 12.1648
1.36071 12.1556
1.34408 12.151
1.32745 12.1664
1.31083 12.2053
1.2942 12.195
1.27757 12.2228
1.26094 12.2323
1.24432 12.2972
1.22769 12.3934
1.21106 12.4954
1.19443 12.5953
1.1778 12.6855
1.16118 12.8198
1.14455 12.9415
1.12792 13.0946
1.11129 13.2267
1.09467 13.385
1.07804 13.5306
1.06141 13.6878
1.04479 13.8858
1.02816 14.1141
1.01153 14.3849
0.994902 14.6217
0.978275 14.9031
0.961647 15.1154
0.945019 15.3518
0.928392 15.6041
0.911764 15.8459
0.895137 16.1286
0.878509 16.4104
0.861882 16.7227
0.845254 17.0717
0.828627 17.4053
0.811999 17.7257
0.795371 18.0655
0.778744 18.3776
0.762116 18.6995
0.745489 19.0445
0.728861 19.4603
0.712233 19.8677
0.695606 20.2842
0.678978 20.6995
0.662351 21.1097
0.645723 21.4771
0.629096 21.8306
0.612468 22.1922
0.59584 22.5604
0.579213 22.9532
0.562585 23.3567
0.545958 23.7992
0.52933 24.2429
0.512703 24.6858
0.496075 25.0975
0.479448 25.5342
0.46282 25.936
0.446192 26.2857
0.429565 26.5916
0.412937 26.8669
0.39631 27.1055
0.379682 27.3145
0.363055 27.5678
0.346427 27.8171
0.329799 28.1368
0.313172 28.4152
0.296544 28.673
0.279917 28.8858
0.263289 29.0625
0.246662 29.1423
0.230034 29.1401
0.213406 29.1186
0.196779 29.0891
0.180151 29.0777
0.163524 29.0357
0.146896 29.0397
0.130269 29.0623
0.113641 29.0741
0.0970134 29.09
0.0803858 29.1053
0.0637583 29.1271
0.0471307 29.1114
0.0305031 29.1029
0.0138756 29.1053
-0.002752 29.1121
-0.0193796 29.1013
-0.0360071 29.0851
-0.0526347 29.0821
-0.0692623 29.0396
-0.0858899 28.9618
-0.102517 29.0566
-0.119145 28.8238
-0.135773 28.5659
-0.1524 28.3638
