3.17235 0.1634
3.15552 -0.92429
3.13869 -0.2582
3.12187 -0.227
3.10504 -0.0744
3.08821 -0.0394
3.07139 0.0114
3.05456 -0.0017
3.03774 0.0028
3.02091 0.0298
3.00408 0
2.98726 0.0061
2.97043 -0.0422
2.95361 -0.037
2.93678 -0.0533
2.91995 -0.0398
2.90313 -0.0318
2.8863 -0.0443
2.86947 -0.0485
2.85265 -0.0858
2.83582 -0.0721
2.819 -0.0769
2.80217 -0.0872
2.78534 -0.1022
2.76852 -0.1388
2.75169 -0.1334
2.73486 -0.1257
2.71804 -0.1457
2.70121 -0.1154
2.68438 -0.1479
2.66756 -0.1732
2.65073 -0.1791
2.63391 -0.1517
2.61708 -0.1261
2.60025 -0.1138
2.58343 -0.1031
2.5666 -0.0778
2.54977 -0.045
2.53295 0.0279
2.51612 0.1059
2.4993 0.192
2.48247 0.2914
2.46564 0.3689
2.44882 0.4584
2.43199 0.5807
2.41516 0.6977
2.39834 0.831
2.38151 0.9516
2.36469 1.0827
2.34786 1.2332
2.33103 1.3697
2.31421 1.4659
2.29738 1.5992
2.28055 1.7135
2.26373 1.8372
2.2469 2.0518
2.23007 2.3102
2.21325 2.5939
2.19642 2.862
2.1796 3.1027
2.16277 3.2928
2.14594 3.4765
2.12912 3.5762
2.11229 3.673
2.09546 3.764
2.07864 3.8243
2.06181 3.8881
2.04499 3.9962
2.02816 4.1847
2.01133 4.4584
1.99451 4.6877
1.97768 4.9402
1.96086 5.1092
1.94403 5.2861
1.9272 5.4638
1.91038 5.656
1.89355 5.8798
1.87672 6.067
1.8599 6.2743
1.84307 6.4333
1.82624 6.6258
1.80942 6.843
1.79259 7.0605
1.77577 7.2636
1.75894 7.4778
1.74211 7.6832
1.72529 7.9058
1.70846 8.1117
1.69163 8.3325
1.67481 8.5685
1.65798 8.7947
1.64116 9.0113
1.62433 9.2772
1.6075 9.5519
1.59068 9.7998
1.57385 10.0475
1.55702 10.2697
1.5402 10.4936
1.52337 10.7112
1.50655 10.9348
1.48972 11.1543
1.47289 11.3439
1.45607 11.5162
1.43924 11.6838
1.42241 11.8766
1.40559 12.0699
1.38876 12.2355
1.37193 12.3995
1.35511 12.5572
1.33828 12.711
1.32146 12.8729
1.30463 13.0368
1.2878 13.1916
1.27098 13.3211
1.25415 13.4603
1.23733 13.5931
1.2205 13.7254
1.20367 13.8712
1.18685 14.0182
1.17002 14.1344
1.15319 14.2639
1.13637 14.3989
1.11954 14.5462
1.10271 14.6794
1.08589 14.8272
1.06906 14.9422
1.05224 15.1147
1.03541 15.3216
1.01858 15.5484
1.00176 15.7696
0.984931 15.987
0.968105 16.1814
0.951279 16.3999
0.934452 16.6213
0.917626 16.8569
0.9008 17.0853
0.883973 17.3062
0.867147 17.5694
0.850321 17.8581
0.833495 18.2016
0.816668 18.5533
0.799842 18.8908
0.783016 19.241
0.766189 19.5948
0.749363 19.934
0.732537 20.3003
0.715711 20.6782
0.698884 21.0554
0.682058 21.4127
0.665232 21.7817
0.648406 22.1437
0.631579 22.4925
0.614753 22.8613
0.597927 23.195
0.581101 23.5382
0.564274 23.8406
0.547448 24.1392
0.530622 24.3994
0.513795 24.6272
0.496969 24.8053
0.480143 24.9496
0.463317 25.0958
0.44649 25.2555
0.429664 25.437
0.412838 25.5948
0.396012 25.7082
0.379185 25.7944
0.362359 25.8519
0.345533 25.9593
0.328706 26.0847
0.31188 26.1984
0.295054 26.2834
0.278228 26.3384
0.261401 26.3632
0.244575 26.3688
0.227749 26.3347
0.210923 26.3294
0.194096 26.3021
0.17727 26.2847
0.160444 26.2551
0.143617 26.234
0.126791 26.2255
0.109965 26.2061
0.0931386 26.1981
0.0763123 26.1731
0.059486 26.1382
0.0426597 26.1488
0.0258335 26.1547
0.00900718 26.1491
-0.00781909 26.1537
-0.0246454 26.1538
-0.0414716 26.1369
-0.0582979 26.1199
-0.0751242 26.1098
-0.0919505 26.0591
-0.108777 26.1732
-0.125603 25.8553
-0.142429 25.8863
-0.159256 25.8917
-0.176082 24.6432
