3.17167 -0.28457
3.15484 0.11064
3.138 0.1849
3.12116 -0.03382
3.10433 0.03488
3.08749 0.02936
3.07066 0.01381
3.05382 0.01974
3.03699 0.02446
3.02015 0.01524
3.00332 0
2.98648 -0.03734
2.96964 -0.04524
2.95281 -0.07588
2.93597 -0.04759
2.91914 -0.04188
2.9023 -0.05649
2.88547 -0.06788
2.86863 -0.07686
2.85179 -0.05684
2.83496 -0.0013
2.81812 0.05919
2.80129 0.06763
2.78445 0.12269
2.76762 0.12234
2.75078 0.17095
2.73394 0.23585
2.71711 0.31235
2.70027 0.35695
2.68344 0.43395
2.6666 0.48095
2.64977 0.55965
2.63293 0.65855
2.6161 0.74505
2.59926 0.81715
2.58242 0.90985
2.56559 0.98205
2.54875 1.12195
2.53192 1.28105
2.51508 1.43115
2.49824 1.58855
2.48141 1.72805
2.46457 1.88695
2.44774 2.05455
2.4309 2.22145
2.41407 2.37925
2.39723 2.56425
2.3804 2.74535
2.36356 2.93535
2.34672 3.18915
2.32989 3.46665
2.31305 3.71965
2.29622 3.98325
2.27938 4.22925
2.26255 4.47455
2.24571 4.75425
2.22887 4.99255
2.21204 5.26085
2.1952 5.51805
2.17837 5.78425
2.16153 6.05545
2.1447 6.30895
2.12786 6.55885
2.11103 6.84405
2.09419 7.08065
2.07735 7.27575
2.06052 7.48035
2.04368 7.67945
2.02685 7.83555
2.01001 7.99405
1.99317 8.11975
1.97634 8.24595
1.9595 8.37625
1.94267 8.48855
1.92583 8.65095
1.909 8.77385
1.89216 8.89545
1.87533 9.00925
1.85849 9.10915
1.84165 9.18755
1.82482 9.32745
1.80798 9.43615
1.79115 9.55165
1.77431 9.65655
1.75748 9.77015
1.74064 9.87805
1.72381 10.0105
1.70697 10.1252
1.69013 10.2591
1.6733 10.3522
1.65646 10.4588
1.63963 10.5258
1.62279 10.5972
1.60596 10.6486
1.58912 10.6749
1.57228 10.6911
1.55545 10.7191
1.53861 10.7617
1.52178 10.8388
1.50494 10.919
1.48811 10.9643
1.47127 10.9959
1.45443 11.0268
1.4376 11.0709
1.42076 11.1076
1.40393 11.1545
1.38709 11.186
1.37026 11.212
1.35342 11.2319
1.33658 11.2584
1.31975 11.3091
1.30291 11.3369
1.28608 11.3917
1.26924 11.4304
1.25241 11.4664
1.23557 11.5452
1.21873 11.6435
1.2019 11.734
1.18506 11.8242
1.16823 11.9335
1.15139 12.0451
1.13456 12.1848
1.11772 12.3308
1.10088 12.4754
1.08405 12.628
1.06721 12.7872
1.05038 12.971
1.03354 13.1834
1.01671 13.4194
0.999871 13.6689
0.983035 13.9042
0.966199 14.1288
0.949364 14.3654
0.932528 14.609
0.915692 14.8602
0.898857 15.1294
0.882021 15.397
0.865185 15.6779
0.84835 15.9741
0.831514 16.2959
0.814678 16.6078
0.797843 16.9273
0.781007 17.2392
0.764171 17.5566
0.747336 17.9049
0.7305 18.2709
0.713664 18.6557
0.696829 19.0209
0.679993 19.4044
0.663157 19.7627
0.646322 20.1174
0.629486 20.4825
0.61265 20.855
0.595815 21.2469
0.578979 21.6491
0.562143 22.062
0.545308 22.4849
0.528472 22.9167
0.511636 23.3336
0.494801 23.7298
0.477965 24.1506
0.461129 24.5547
0.444294 24.9564
0.427458 25.3473
0.410622 25.73
0.393787 26.0705
0.376951 26.4049
0.360115 26.7328
0.34328 26.9897
0.326444 27.2484
0.309608 27.4704
0.292773 27.6608
0.275937 27.8389
0.259101 27.9616
0.242266 28.0338
0.22543 28.0778
0.208594 28.0982
0.191759 28.1076
0.174923 28.1241
0.158087 28.1255
0.141252 28.1234
0.124416 28.1292
0.10758 28.1348
0.0907446 28.1361
0.073909 28.1456
0.0570733 28.1451
0.0402376 28.1564
0.023402 28.1658
0.00656629 28.1979
-0.0102694 28.1912
-0.027105 28.1889
-0.0439407 28.1579
-0.0607764 28.1367
-0.0776121 28.0641
-0.0944477 28.0069
-0.111283 27.919
-0.128119 27.6615
-0.144955 27.6889
-0.16179 27.1035
-0.178626 27.5528
