3.15363 -1.12044
3.137 -0.025595
3.12037 -0.094267
3.10373 -0.061655
3.0871 -0.158391
3.07046 -0.020995
3.05383 0.003101
3.0372 -0.00144
3.02056 -0.010603
3.00393 0
2.98729 0.007254
2.97066 -0.021538
2.95403 -0.025858
2.93739 -0.021917
2.92076 -0.002106
2.90413 -0.002517
2.88749 0.014764
2.87086 0.023524
2.85422 0.008079
2.83759 0.008883
2.82096 0.025116
2.80432 0.040291
2.78769 0.059237
2.77105 0.066529
2.75442 0.075431
2.73779 0.081476
2.72115 0.126747
2.70452 0.141194
2.68789 0.17214
2.67125 0.190572
2.65462 0.233795
2.63798 0.310189
2.62135 0.39634
2.60472 0.484541
2.58808 0.548652
2.57145 0.632968
2.55481 0.680219
2.53818 0.691135
2.52155 0.709893
2.50491 0.712238
2.48828 0.654383
2.47164 0.569545
2.45501 0.476817
2.43838 0.476149
2.42174 0.514187
2.40511 0.542818
2.38848 0.544294
2.37184 0.484787
2.35521 0.378413
2.33857 0.155203
2.32194 -0.180131
2.30531 -0.546109
2.28867 -0.921959
2.27204 -1.29448
2.2554 -1.68873
2.23877 -2.02635
2.22214 -2.32963
2.2055 -2.63412
2.18887 -2.9788
2.17224 -3.33535
2.1556 -3.71607
2.13897 -4.05651
2.12233 -4.37097
2.1057 -4.62174
2.08907 -4.92038
2.07243 -5.21699
2.0558 -5.53222
2.03916 -5.83279
2.02253 -6.15828
2.0059 -6.48322
1.98926 -6.79433
1.97263 -7.10001
1.95599 -7.42847
1.93936 -7.74744
1.92273 -8.02911
1.90609 -8.28156
1.88946 -8.52833
1.87282 -8.81234
1.85619 -9.08134
1.83956 -9.33432
1.82292 -9.5733
1.80629 -9.82831
1.78966 -10.1172
1.77302 -10.3935
1.75639 -10.6568
1.73975 -10.9455
1.72312 -11.1985
1.70649 -11.4493
1.68985 -11.6985
1.67322 -11.9435
1.65658 -12.1909
1.63995 -12.4357
1.62332 -12.5876
1.60668 -12.7821
1.59005 -12.9531
1.57342 -13.1022
1.55678 -13.3019
1.54015 -13.4757
1.52351 -13.6393
1.50688 -13.8095
1.49025 -13.9514
1.47361 -14.1378
1.45698 -14.286
1.44034 -14.4058
1.42371 -14.4826
1.40708 -14.5606
1.39044 -14.6288
1.37381 -14.7048
1.35718 -14.7937
1.34054 -14.8859
1.32391 -14.9556
1.30727 -15.0108
1.29064 -15.082
1.27401 -15.1738
1.25737 -15.2594
1.24074 -15.363
1.2241 -15.4228
1.20747 -15.4911
1.19084 -15.5676
1.1742 -15.6286
1.15757 -15.671
1.14094 -15.6788
1.1243 -15.6398
1.10767 -15.6246
1.09103 -15.5884
1.0744 -15.5626
1.05777 -15.5576
1.04113 -15.5422
1.0245 -15.5245
1.00786 -15.5154
0.99123 -15.501
0.974596 -15.5021
0.957962 -15.5098
0.941328 -15.4147
0.924694 -15.3211
0.908061 -15.1973
0.891427 -15.0791
0.874793 -14.9714
0.858159 -14.9153
0.841525 -14.8826
0.824891 -14.868
0.808257 -14.8704
0.791624 -14.8961
0.77499 -14.902
0.758356 -14.9662
0.741722 -14.9608
0.725088 -14.9479
0.708454 -14.9182
0.69182 -14.9216
0.675187 -14.9297
0.658553 -14.9239
0.641919 -14.9393
0.625285 -14.959
0.608651 -14.9777
0.592017 -15.0054
0.575383 -15.0539
0.558749 -15.0832
0.542115 -15.1245
0.525482 -15.1634
0.508848 -15.1945
0.492214 -15.2469
0.47558 -15.3051
0.458946 -15.3694
0.442312 -15.4075
0.425678 -15.4495
0.409044 -15.4412
0.392411 -15.4692
0.375777 -15.4931
0.359143 -15.5368
0.342509 -15.56
0.325875 -15.5615
0.309241 -15.5778
0.292607 -15.591
0.275974 -15.6383
0.25934 -15.648
0.242706 -15.652
0.226072 -15.6809
0.209438 -15.6731
0.192804 -15.6684
0.17617 -15.7177
0.159536 -15.725
0.142903 -15.7352
0.126269 -15.7183
0.109635 -15.7398
0.093001 -15.706
0.0763671 -15.698
0.0597332 -15.681
0.0430994 -15.696
0.0264655 -15.6643
0.00983163 -15.631
-0.00680224 -15.6411
-0.0234361 -15.6359
-0.04007 -15.6717
-0.0567039 -15.6526
-0.0733377 -15.6986
-0.0899716 -15.6081
-0.106606 -15.601
-0.123239 -15.5298
-0.139873 -16.0297
-0.156507 -16.613
