3.15767 0.801718
3.141 -0.578353
3.12433 -0.158479
3.10765 -0.0582469
3.09098 -0.0517421
3.07431 -0.0298585
3.05763 0.0185843
3.04096 0.0260388
3.02429 0.0162767
3.00761 0
2.99094 -0.0060781
2.97427 -0.0360816
2.95759 -0.0569342
2.94092 -0.0808197
2.92425 -0.0647662
2.90757 -0.0455897
2.8909 -0.0568341
2.87423 -0.0671143
2.85755 -0.0876009
2.84088 -0.110963
2.82421 -0.111471
2.80754 -0.110407
2.79086 -0.0948502
2.77419 -0.120034
2.75752 -0.144366
2.74084 -0.143189
2.72417 -0.119913
2.7075 -0.0899597
2.69082 -0.0720283
2.67415 -0.0612006
2.65747 -0.0509465
2.6408 -0.0222611
2.62413 0.0232369
2.60746 0.0814742
2.59078 0.140194
2.57411 0.186368
2.55744 0.22095
2.54076 0.294223
2.52409 0.34208
2.50742 0.432108
2.49074 0.49373
2.47407 0.564571
2.4574 0.652414
2.44072 0.728918
2.42405 0.823292
2.40738 0.91861
2.3907 0.989531
2.37403 1.04125
2.35736 1.07472
2.34068 1.09948
2.32401 1.15355
2.30734 1.19263
2.29066 1.20223
2.27399 1.16131
2.25732 1.08067
2.24064 0.995909
2.22397 0.918503
2.2073 0.828981
2.19062 0.691277
2.17395 0.518476
2.15728 0.273159
2.1406 -0.0629543
2.12393 -0.451369
2.10726 -0.904527
2.09058 -1.34937
2.07391 -1.81107
2.05724 -2.26977
2.04056 -2.72121
2.02389 -3.14418
2.00722 -3.5444
1.99055 -3.94977
1.97387 -4.34561
1.9572 -4.76156
1.94053 -5.15751
1.92385 -5.55852
1.90718 -5.94584
1.89051 -6.32079
1.87383 -6.70641
1.85716 -7.10319
1.84048 -7.49385
1.82381 -7.85205
1.80714 -8.16921
1.79047 -8.50024
1.77379 -8.82878
1.75712 -9.14892
1.74045 -9.46715
1.72377 -9.75849
1.7071 -10.057
1.69043 -10.3525
1.67375 -10.6463
1.65708 -10.9357
1.64041 -11.2171
1.62373 -11.4786
1.60706 -11.75
1.59039 -12.026
1.57371 -12.2897
1.55704 -12.5375
1.54037 -12.7636
1.52369 -12.9868
1.50702 -13.1775
1.49035 -13.3957
1.47367 -13.589
1.457 -13.7956
1.44033 -13.9777
1.42365 -14.1549
1.40698 -14.3278
1.39031 -14.4985
1.37363 -14.6727
1.35696 -14.8564
1.34029 -14.9836
1.32361 -15.1332
1.30694 -15.2454
1.29027 -15.3549
1.27359 -15.4743
1.25692 -15.5821
1.24025 -15.6665
1.22358 -15.7602
1.2069 -15.8138
1.19023 -15.9012
1.17355 -15.9642
1.15688 -16.0272
1.14021 -16.0627
1.12353 -16.0731
1.10686 -16.0866
1.09019 -16.0802
1.07351 -16.0837
1.05684 -16.097
1.04017 -16.1141
1.0235 -16.1402
1.00682 -16.138
0.990149 -16.1461
0.973476 -16.1527
0.956802 -16.1647
0.940129 -16.1333
0.923456 -16.0811
0.906783 -16.0348
0.890109 -15.973
0.873436 -15.9354
0.856763 -15.8947
0.840089 -15.8462
0.823416 -15.7951
0.806743 -15.757
0.79007 -15.7344
0.773396 -15.7119
0.756723 -15.694
0.74005 -15.6675
0.723377 -15.6074
0.706703 -15.5651
0.69003 -15.5285
0.673357 -15.5073
0.656683 -15.4755
0.64001 -15.4806
0.623337 -15.4322
0.606664 -15.4234
0.58999 -15.4167
0.573317 -15.4213
0.556644 -15.4186
0.539971 -15.4354
0.523297 -15.4422
0.506624 -15.453
0.489951 -15.4672
0.473278 -15.4824
0.456604 -15.5175
0.439931 -15.5167
0.423258 -15.5344
0.406585 -15.5553
0.389911 -15.5765
0.373238 -15.6176
0.356565 -15.6336
0.339892 -15.6634
0.323218 -15.6743
0.306545 -15.6881
0.289872 -15.7049
0.273198 -15.7115
0.256525 -15.739
0.239852 -15.7599
0.223179 -15.7809
0.206505 -15.807
0.189832 -15.831
0.173159 -15.8525
0.156486 -15.8818
0.139812 -15.8792
0.123139 -15.8762
0.106466 -15.875
0.0897925 -15.8751
0.0731192 -15.9018
0.056446 -15.9062
0.0397727 -15.92
0.0230995 -15.9268
0.00642618 -15.9056
-0.0102471 -15.9088
-0.0269203 -15.916
-0.0435936 -15.9385
-0.0602669 -15.9372
-0.0769401 -15.967
-0.0936134 -16.0337
-0.110287 -16.0105
-0.12696 -16.3189
-0.143633 -15.469
-0.160306 -16.3735
