3.1544 0.203564
3.13797 -0.187607
3.12155 0.040919
3.10512 0.0004784
3.0887 0.15312
3.07227 0.149059
3.05585 0.0953396
3.03942 0.0508297
3.023 0.0292601
3.00657 0
2.99015 -0.0403005
2.97372 -0.122614
2.9573 -0.16016
2.94087 -0.18775
2.92445 -0.243173
2.90802 -0.249557
2.8916 -0.307585
2.87517 -0.354729
2.85875 -0.445549
2.84232 -0.525299
2.8259 -0.569902
2.80947 -0.628386
2.79305 -0.707723
2.77662 -0.780098
2.76019 -0.882374
2.74377 -0.980563
2.72735 -1.04039
2.71092 -1.1132
2.69449 -1.16743
2.67807 -1.26441
2.66164 -1.38206
2.64522 -1.48322
2.62879 -1.55926
2.61237 -1.59391
2.59594 -1.6446
2.57952 -1.70625
2.56309 -1.74457
2.54667 -1.81547
2.53024 -1.85761
2.51382 -1.93339
2.49739 -1.96289
2.48097 -2.00616
2.46454 -2.04931
2.44812 -2.06195
2.43169 -2.06262
2.41527 -2.0608
2.39884 -2.08144
2.38242 -2.08002
2.36599 -2.11916
2.34957 -2.15721
2.33314 -2.1398
2.31672 -2.07256
2.30029 -1.99949
2.28387 -1.95687
2.26744 -1.90242
2.25102 -1.83503
2.23459 -1.80489
2.21817 -1.69932
2.20174 -1.60786
2.18532 -1.50108
2.16889 -1.40161
2.15247 -1.34555
2.13604 -1.28018
2.11962 -1.18462
2.10319 -1.09939
2.08677 -1.01724
2.07034 -0.925109
2.05391 -0.856227
2.03749 -0.773364
2.02107 -0.687915
2.00464 -0.596626
1.98822 -0.497725
1.97179 -0.444052
1.95536 -0.339193
1.93894 -0.174735
1.92251 0.040536
1.90609 0.258649
1.88966 0.463498
1.87324 0.696205
1.85681 0.880424
1.84039 1.07266
1.82396 1.29131
1.80754 1.51659
1.79111 1.73831
1.77469 1.97716
1.75826 2.23197
1.74184 2.53692
1.72541 2.88195
1.70899 3.20727
1.69256 3.56703
1.67614 3.92151
1.65971 4.27177
1.64329 4.53533
1.62686 4.81486
1.61044 5.10806
1.59401 5.40041
1.57759 5.70079
1.56116 5.9836
1.54474 6.25047
1.52831 6.56437
1.51189 6.86338
1.49546 7.19246
1.47904 7.52901
1.46261 7.87192
1.44619 8.29417
1.42976 8.7299
1.41334 9.18094
1.39691 9.62189
1.38049 10.0487
1.36406 10.4883
1.34763 10.9166
1.33121 11.3412
1.31479 11.8221
1.29836 12.2948
1.28194 12.8124
1.26551 13.3351
1.24909 13.8953
1.23266 14.4763
1.21623 15.1067
1.19981 15.7304
1.18338 16.3623
1.16696 17.0272
1.15053 17.6728
1.13411 18.3261
1.11768 18.9933
1.10126 19.6307
1.08483 20.2947
1.06841 20.9264
1.05198 21.5138
1.03556 22.0696
1.01913 22.6798
1.00271 23.2794
0.986283 23.9066
0.969858 24.5516
0.953433 25.1541
0.937008 25.7869
0.920582 26.3997
0.904157 27.044
0.887732 27.7235
0.871307 28.4611
0.854882 29.2606
0.838457 30.064
0.822032 30.8471
0.805607 31.6551
0.789182 32.4704
0.772756 33.2687
0.756331 34.0377
0.739906 34.8697
0.723481 35.6846
0.707056 36.5268
0.690631 37.3611
0.674206 38.2148
0.657781 38.9913
0.641356 39.7573
0.624931 40.5313
0.608505 41.3186
0.59208 42.1052
0.575655 42.8925
0.55923 43.6526
0.542805 44.4246
0.52638 45.1739
0.509955 45.9284
0.49353 46.6733
0.477105 47.443
0.460679 48.3228
0.444254 49.3152
0.427829 50.3271
0.411404 51.348
0.394979 52.3915
0.378554 53.3612
0.362129 54.218
0.345704 55.0272
0.329279 55.8028
0.312854 56.6236
0.296428 57.4412
0.280003 58.3197
0.263578 59.3141
0.247153 60.3185
0.230728 61.341
0.214303 62.3439
0.197878 63.337
0.181453 64.267
0.165027 65.1633
0.148602 66.1093
0.132177 67.0757
0.115752 68.0394
0.099327 69.0482
0.0829019 70.1163
0.0664768 71.233
0.0500517 72.3969
0.0336266 73.575
0.0172015 74.7323
0.000776359 75.9012
-0.0156487 77.0624
-0.0320739 78.233
-0.048499 79.4029
-0.0649241 80.4392
-0.0813492 81.7684
-0.0977743 82.6691
-0.114199 85.1733
