3.18306 -4.00366
3.16609 0.133355
3.14913 -0.321402
3.13216 -0.486012
3.11519 -0.344163
3.09823 -0.177697
3.08126 -0.104123
3.0643 -0.082798
3.04733 -0.075361
3.03037 -0.018082
3.0134 -0.03953
2.99643 0
2.97947 0.016501
2.9625 0.004217
2.94554 0.01656
2.92857 0.019748
2.9116 0.063597
2.89464 0.087973
2.87767 0.09282
2.86071 0.115118
2.84374 0.143935
2.82678 0.188624
2.80981 0.235096
2.79284 0.290785
2.77588 0.280715
2.75891 0.321195
2.74195 0.360962
2.72498 0.409793
2.70801 0.430955
2.69105 0.482441
2.67408 0.508736
2.65712 0.524148
2.64015 0.555076
2.62318 0.597438
2.60622 0.629877
2.58925 0.66526
2.57229 0.689314
2.55532 0.672613
2.53836 0.706032
2.52139 0.756817
2.50442 0.821185
2.48746 0.877485
2.47049 0.933229
2.45353 0.959506
2.43656 1.04256
2.4196 1.06395
2.40263 1.1231
2.38566 1.17233
2.3687 1.17397
2.35173 1.19402
2.33477 1.27217
2.3178 1.29519
2.30083 1.33972
2.28387 1.37087
2.2669 1.4057
2.24994 1.4167
2.23297 1.40835
2.21601 1.42011
2.19904 1.38825
2.18207 1.37439
2.16511 1.30924
2.14814 1.2526
2.13118 1.18466
2.11421 1.13591
2.09725 1.10821
2.08028 1.07715
2.06331 1.02699
2.04635 0.980051
2.02938 0.928713
2.01242 0.920467
1.99545 0.876526
1.97848 0.837976
1.96152 0.789195
1.94455 0.748171
1.92759 0.721167
1.91062 0.69188
1.89366 0.686959
1.87669 0.63477
1.85972 0.584058
1.84276 0.566338
1.82579 0.571947
1.80883 0.615724
1.79186 0.633482
1.77489 0.673365
1.75793 0.689436
1.74096 0.708804
1.724 0.744692
1.70703 0.795126
1.69006 0.840501
1.6731 0.911262
1.65613 1.00629
1.63917 1.09036
1.6222 1.20239
1.60524 1.33801
1.58827 1.48729
1.5713 1.66424
1.55434 1.85336
1.53737 2.03235
1.52041 2.2483
1.50344 2.43519
1.48647 2.66596
1.46951 2.87633
1.45254 3.14777
1.43558 3.49443
1.41861 3.82615
1.40165 4.19829
1.38468 4.53138
1.36771 4.89351
1.35075 5.22038
1.33378 5.54667
1.31682 5.88494
1.29985 6.25353
1.28289 6.60142
1.26592 6.9977
1.24895 7.45866
1.23199 7.91161
1.21502 8.39292
1.19806 8.87411
1.18109 9.32188
1.16413 9.84531
1.14716 10.4183
1.13019 11.0806
1.11323 11.7506
1.09626 12.4317
1.07929 13.0847
1.06233 13.7346
1.04536 14.3267
1.0284 14.9389
1.01143 15.5607
0.994466 16.1756
0.9775 16.8119
0.960535 17.4484
0.943569 18.1057
0.926603 18.8119
0.909637 19.5133
0.892671 20.2345
0.875706 20.9205
0.85874 21.5862
0.841774 22.2615
0.824808 22.9519
0.807842 23.6571
0.790876 24.4072
0.773911 25.1945
0.756945 26.0722
0.739979 27.0042
0.723013 27.9373
0.706047 28.8858
0.689082 29.8412
0.672116 30.7389
0.65515 31.5656
0.638184 32.3646
0.621218 33.1889
0.604252 34.0195
0.587287 34.8684
0.570321 35.7592
0.553355 36.6957
0.536389 37.6729
0.519423 38.6474
0.502458 39.6295
0.485492 40.6091
0.468526 41.5691
0.45156 42.5571
0.434594 43.5363
0.417629 44.5123
0.400663 45.511
0.383697 46.5295
0.366731 47.6055
0.349765 48.7117
0.332799 49.8175
0.315834 50.9484
0.298868 52.0829
0.281902 53.1795
0.264936 54.2189
0.24797 55.1974
0.231005 56.1894
0.214039 57.1841
0.197073 58.2049
0.180107 59.2488
0.163141 60.3518
0.146175 61.4717
0.12921 62.6106
0.112244 63.764
0.0952779 64.8822
0.0783121 66.0488
0.0613463 67.1024
0.0443805 68.0436
0.0274146 68.8052
0.0104488 69.3866
-0.00651699 69.6202
-0.0234828 69.4725
-0.0404486 68.9281
-0.0574144 68.1763
-0.0743803 67.1655
-0.0913461 66.0367
-0.108312 64.8407
-0.125278 63.5033
-0.142243 62.3623
-0.159209 60.8834
-0.176175 59.6643
-0.193141 0.109437
