3.16135 -0.13411
3.14465 -0.129533
3.12795 -0.0425016
3.11124 -0.0966339
3.09454 0.0309695
3.07784 0.0076966
3.06114 0.0328191
3.04444 0.0132428
3.02774 0.0041111
3.01104 0.0055623
2.99433 0
2.97763 -0.0151085
2.96093 -0.0463034
2.94423 -0.065549
2.92753 -0.0693765
2.91083 -0.0758629
2.89413 -0.0860705
2.87743 -0.112091
2.86072 -0.125384
2.84402 -0.142121
2.82732 -0.164741
2.81062 -0.184978
2.79392 -0.211186
2.77722 -0.259246
2.76052 -0.316631
2.74382 -0.35356
2.72711 -0.377471
2.71041 -0.390512
2.69371 -0.402856
2.67701 -0.432569
2.66031 -0.477652
2.64361 -0.499701
2.6269 -0.496596
2.6102 -0.510635
2.5935 -0.545906
2.5768 -0.591086
2.5601 -0.658416
2.5434 -0.679987
2.5267 -0.695627
2.50999 -0.705945
2.49329 -0.707506
2.47659 -0.71807
2.45989 -0.722485
2.44319 -0.752116
2.42649 -0.758341
2.40979 -0.769863
2.39309 -0.768658
2.37638 -0.767684
2.35968 -0.773816
2.34298 -0.802758
2.32628 -0.856431
2.30958 -0.890141
2.29288 -0.944084
2.27618 -0.958075
2.25947 -1.02308
2.24277 -1.09649
2.22607 -1.2534
2.20937 -1.4395
2.19267 -1.65011
2.17597 -1.84524
2.15927 -2.05426
2.14256 -2.21082
2.12586 -2.30204
2.10916 -2.41461
2.09246 -2.52338
2.07576 -2.66488
2.05906 -2.83537
2.04236 -3.0029
2.02565 -3.17664
2.00895 -3.38162
1.99225 -3.58444
1.97555 -3.80828
1.95885 -4.01443
1.94215 -4.24572
1.92545 -4.40787
1.90874 -4.58367
1.89204 -4.73928
1.87534 -4.91674
1.85864 -5.06087
1.84194 -5.26076
1.82524 -5.36752
1.80854 -5.48827
1.79184 -5.61018
1.77513 -5.75009
1.75843 -5.89029
1.74173 -6.01074
1.72503 -6.06759
1.70833 -6.05245
1.69163 -6.0603
1.67493 -6.09517
1.65823 -6.11624
1.64152 -6.14483
1.62482 -6.13603
1.60812 -6.13231
1.59142 -6.10289
1.57472 -6.0657
1.55802 -6.03644
1.54131 -5.96814
1.52461 -5.89258
1.50791 -5.79627
1.49121 -5.71492
1.47451 -5.65622
1.45781 -5.57579
1.44111 -5.48424
1.4244 -5.38171
1.4077 -5.26456
1.391 -5.16639
1.3743 -5.06683
1.3576 -4.95234
1.3409 -4.79376
1.3242 -4.60943
1.3075 -4.4181
1.29079 -4.22698
1.27409 -4.04927
1.25739 -3.8392
1.24069 -3.67935
1.22399 -3.49513
1.20729 -3.2965
1.19059 -3.05947
1.17388 -2.82181
1.15718 -2.5629
1.14048 -2.26044
1.12378 -1.95573
1.10708 -1.66108
1.09038 -1.35585
1.07368 -1.09039
1.05697 -0.799562
1.04027 -0.571093
1.02357 -0.305083
1.00687 -0.0487145
0.990169 0.224241
0.973468 0.517793
0.956766 0.854596
0.940065 1.2165
0.923364 1.61847
0.906662 2.04867
0.889961 2.47014
0.873259 2.8992
0.856558 3.30236
0.839857 3.74247
0.823155 4.12234
0.806454 4.5123
0.789753 4.87808
0.773051 5.25975
0.75635 5.71862
0.739648 6.26865
0.722947 6.80965
0.706246 7.3734
0.689544 7.92796
0.672843 8.48849
0.656142 9.04981
0.63944 9.6429
0.622739 10.2457
0.606037 10.8406
0.589336 11.4488
0.572635 12.0314
0.555933 12.5924
0.539232 13.1106
0.52253 13.628
0.505829 14.1557
0.489128 14.6759
0.472426 15.2035
0.455725 15.6794
0.439024 16.1743
0.422322 16.6995
0.405621 17.2433
0.388919 17.7393
0.372218 18.2806
0.355517 18.8653
0.338815 19.4565
0.322114 19.9972
0.305412 20.4771
0.288711 20.8835
0.27201 21.2422
0.255308 21.6668
0.238607 22.134
0.221906 22.6434
0.205204 23.0761
0.188503 23.4982
0.171801 23.8441
0.1551 24.1017
0.138399 24.1546
0.121697 24.1717
0.104996 24.2006
0.0882944 24.2215
0.071593 24.231
0.0548917 24.2585
0.0381903 24.2984
0.0214889 24.3433
0.00478749 24.3837
-0.0119139 24.36
-0.0286153 24.3697
-0.0453167 24.317
-0.062018 24.2859
-0.0787194 24.2904
-0.0954208 24.2657
-0.112122 24.1225
-0.128824 23.9852
-0.145525 23.5515
-0.162226 23.9276
