3.16647 -1.07076
3.14976 0.064157
3.13305 -0.12632
3.11634 -0.203103
3.09964 -0.0776892
3.08293 -0.004337
3.06622 0.033102
3.04952 0.050598
3.03281 0.046204
3.0161 0.033077
2.99939 0
2.98269 -0.025385
2.96598 -0.069346
2.94927 -0.0964179
2.93257 -0.135332
2.91586 -0.122696
2.89915 -0.152315
2.88245 -0.188109
2.86574 -0.209912
2.84903 -0.26725
2.83232 -0.294392
2.81562 -0.325243
2.79891 -0.352296
2.7822 -0.425213
2.7655 -0.483901
2.74879 -0.547572
2.73208 -0.569552
2.71537 -0.582815
2.69867 -0.607954
2.68196 -0.667168
2.66525 -0.725774
2.64855 -0.782033
2.63184 -0.799459
2.61513 -0.830369
2.59842 -0.829028
2.58172 -0.851857
2.56501 -0.878858
2.5483 -0.896207
2.5316 -0.899526
2.51489 -0.891373
2.49818 -0.893895
2.48148 -0.926251
2.46477 -0.95498
2.44806 -0.967194
2.43135 -0.957945
2.41465 -0.937378
2.39794 -0.908885
2.38123 -0.918389
2.36452 -0.936844
2.34782 -0.963449
2.33111 -0.929951
2.3144 -0.876202
2.2977 -0.858647
2.28099 -0.84588
2.26428 -0.861988
2.24757 -0.866173
2.23087 -0.881645
2.21416 -0.881032
2.19745 -0.902878
2.18075 -0.907263
2.16404 -0.971327
2.14733 -1.06436
2.13063 -1.20013
2.11392 -1.34146
2.09721 -1.50347
2.0805 -1.6729
2.0638 -1.88924
2.04709 -2.12438
2.03038 -2.35599
2.01368 -2.55504
1.99697 -2.78298
1.98026 -2.97829
1.96355 -3.21369
1.94685 -3.4464
1.93014 -3.68138
1.91343 -3.88485
1.89673 -4.11436
1.88002 -4.30875
1.86331 -4.51167
1.8466 -4.71203
1.8299 -4.8441
1.81319 -5.02677
1.79648 -5.21898
1.77978 -5.37127
1.76307 -5.55252
1.74636 -5.7202
1.72965 -5.87988
1.71295 -6.03359
1.69624 -6.17036
1.67953 -6.32324
1.66283 -6.44255
1.64612 -6.57598
1.62941 -6.66001
1.61271 -6.73836
1.596 -6.83639
1.57929 -6.9218
1.56258 -6.98277
1.54588 -7.04089
1.52917 -7.08576
1.51246 -7.13976
1.49575 -7.21014
1.47905 -7.26934
1.46234 -7.36543
1.44563 -7.41089
1.42893 -7.34926
1.41222 -7.25027
1.39551 -7.14373
1.37881 -7.02538
1.3621 -6.92306
1.34539 -6.84724
1.32868 -6.7857
1.31198 -6.7182
1.29527 -6.63347
1.27856 -6.57328
1.26185 -6.43923
1.24515 -6.32149
1.22844 -6.17711
1.21173 -5.99725
1.19503 -5.81921
1.17832 -5.6499
1.16161 -5.47787
1.14491 -5.28477
1.1282 -5.09469
1.11149 -4.88712
1.09478 -4.6634
1.07808 -4.43169
1.06137 -4.2095
1.04466 -3.96856
1.02796 -3.65663
1.01125 -3.35498
0.994541 -3.04641
0.977834 -2.75772
0.961127 -2.45633
0.94442 -2.141
0.927713 -1.74575
0.911006 -1.35603
0.894299 -0.947854
0.877592 -0.534303
0.860885 -0.113729
0.844177 0.246941
0.82747 0.597389
0.810763 0.946971
0.794056 1.32611
0.777349 1.73271
0.760642 2.21576
0.743935 2.71668
0.727228 3.194
0.71052 3.71264
0.693813 4.19793
0.677106 4.68516
0.660399 5.18513
0.643692 5.68858
0.626985 6.2044
0.610278 6.74059
0.593571 7.27868
0.576863 7.83508
0.560156 8.4479
0.543449 9.03078
0.526742 9.65802
0.510035 10.2754
0.493328 10.8839
0.476621 11.4875
0.459914 12.1146
0.443207 12.6978
0.426499 13.3174
0.409792 13.9187
0.393085 14.4941
0.376378 15.0916
0.359671 15.6907
0.342964 16.2876
0.326257 16.9006
0.30955 17.5129
0.292843 18.1336
0.276135 18.7409
0.259428 19.3528
0.242721 19.9425
0.226014 20.5041
0.209307 21.0125
0.1926 21.5286
0.175893 21.9986
0.159186 22.4386
0.142479 22.8423
0.125771 23.1946
0.109064 23.522
0.0923572 23.7564
0.0756501 23.9278
0.058943 24.0532
0.0422358 24.0856
0.0255287 24.093
0.00882162 24.0657
-0.00788549 24.0321
-0.0245926 23.9647
-0.0412997 23.8691
-0.0580068 23.7244
-0.074714 23.5526
-0.0914211 23.3192
-0.108128 23.111
-0.124835 22.7336
-0.141542 22.3393
-0.158249 20.3426
