3.16332 0.322326
3.14661 -0.162558
3.1299 -0.392985
3.11319 -0.31668
3.09648 -0.197456
3.07977 -0.112139
3.06306 -0.0934258
3.04635 -0.0799449
3.02964 -0.0222565
3.01294 -0.0175149
2.99623 0
2.97952 -0.013713
2.96281 -0.0152324
2.9461 -0.0117128
2.92939 0.0012098
2.91268 0.0154059
2.89597 0.0346707
2.87927 0.0506918
2.86256 0.059347
2.84585 0.0873416
2.82914 0.127221
2.81243 0.15629
2.79572 0.190334
2.77901 0.216996
2.76231 0.248239
2.7456 0.280778
2.72889 0.316348
2.71218 0.366081
2.69547 0.432781
2.67876 0.475106
2.66205 0.520569
2.64534 0.573677
2.62864 0.643834
2.61193 0.709396
2.59522 0.768513
2.57851 0.802801
2.5618 0.857326
2.54509 0.893491
2.52838 0.95776
2.51167 1.01137
2.49497 1.07583
2.47826 1.10845
2.46155 1.11848
2.44484 1.1111
2.42813 1.09878
2.41142 1.05516
2.39471 0.979164
2.378 0.859583
2.36129 0.709382
2.34459 0.507012
2.32788 0.306484
2.31117 0.0774258
2.29446 -0.193327
2.27775 -0.489397
2.26104 -0.825169
2.24433 -1.16862
2.22762 -1.52238
2.21091 -1.88319
2.19421 -2.25039
2.1775 -2.62745
2.16079 -3.01831
2.14408 -3.42847
2.12737 -3.79108
2.11066 -4.15554
2.09395 -4.50667
2.07725 -4.85891
2.06054 -5.2314
2.04383 -5.59887
2.02712 -5.93904
2.01041 -6.28228
1.9937 -6.61279
1.97699 -6.95335
1.96028 -7.30618
1.94358 -7.652
1.92687 -7.98782
1.91016 -8.27049
1.89345 -8.58966
1.87674 -8.88647
1.86003 -9.18496
1.84332 -9.50805
1.82661 -9.80183
1.80991 -10.1119
1.7932 -10.4186
1.77649 -10.7168
1.75978 -11.0117
1.74307 -11.2701
1.72636 -11.5183
1.70965 -11.751
1.69294 -11.9881
1.67623 -12.2103
1.65953 -12.4276
1.64282 -12.6395
1.62611 -12.875
1.6094 -13.0999
1.59269 -13.3358
1.57598 -13.551
1.55927 -13.7756
1.54256 -13.9644
1.52586 -14.1251
1.50915 -14.2688
1.49244 -14.419
1.47573 -14.5909
1.45902 -14.7249
1.44231 -14.8737
1.4256 -14.987
1.40889 -15.1077
1.39219 -15.2437
1.37548 -15.3882
1.35877 -15.5147
1.34206 -15.6672
1.32535 -15.8059
1.30864 -15.9269
1.29193 -16.055
1.27522 -16.1972
1.25852 -16.3136
1.24181 -16.4141
1.2251 -16.4921
1.20839 -16.5587
1.19168 -16.6396
1.17497 -16.7107
1.15826 -16.7909
1.14155 -16.8506
1.12485 -16.8764
1.10814 -16.9101
1.09143 -16.9381
1.07472 -16.9774
1.05801 -17.0135
1.0413 -17.0603
1.02459 -17.0639
1.00788 -17.0998
0.991175 -17.1271
0.974466 -17.1678
0.957757 -17.2096
0.941049 -17.2367
0.92434 -17.2488
0.907631 -17.257
0.890922 -17.2951
0.874213 -17.3397
0.857505 -17.3917
0.840796 -17.4362
0.824087 -17.4428
0.807378 -17.4613
0.79067 -17.468
0.773961 -17.5074
0.757252 -17.5373
0.740543 -17.5772
0.723835 -17.6164
0.707126 -17.6848
0.690417 -17.7327
0.673708 -17.7933
0.656999 -17.8481
0.640291 -17.9419
0.623582 -18.0191
0.606873 -18.106
0.590164 -18.1895
0.573456 -18.2902
0.556747 -18.3769
0.540038 -18.4479
0.523329 -18.5078
0.50662 -18.5735
0.489912 -18.6587
0.473203 -18.7565
0.456494 -18.8572
0.439785 -18.9492
0.423077 -19.005
0.406368 -19.0579
0.389659 -19.1217
0.37295 -19.1913
0.356241 -19.2654
0.339533 -19.306
0.322824 -19.3375
0.306115 -19.385
0.289406 -19.4326
0.272698 -19.4801
0.255989 -19.5382
0.23928 -19.5819
0.222571 -19.6151
0.205863 -19.6571
0.189154 -19.6971
0.172445 -19.7572
0.155736 -19.7829
0.139027 -19.8193
0.122319 -19.8396
0.10561 -19.8696
0.0889011 -19.8911
0.0721923 -19.9103
0.0554835 -19.9449
0.0387747 -19.945
0.022066 -19.9405
0.00535719 -19.9499
-0.0113516 -19.9426
-0.0280604 -19.9716
-0.0447691 -19.9855
-0.0614779 -19.9997
-0.0781867 -19.9853
-0.0948955 -20.0177
-0.111604 -20.001
-0.128313 -19.9228
-0.145022 -20.132
-0.161731 -20.0729
