3.15802 -1.17833
3.14135 -0.448887
3.12468 0.412136
3.10801 -0.241602
3.09134 -0.151387
3.07468 -0.087186
3.05801 -0.04722
3.04134 -0.02035
3.02467 -0.003581
3.008 0
2.99133 -0.010131
2.97467 -0.041801
2.958 -0.028246
2.94133 -0.053504
2.92466 -0.048499
2.90799 -0.025487
2.89133 -0.040229
2.87466 -0.029705
2.85799 -0.029614
2.84132 -0.033259
2.82465 -0.010959
2.80799 0.019882
2.79132 0.036329
2.77465 0.066033
2.75798 0.063981
2.74131 0.109354
2.72465 0.143786
2.70798 0.200979
2.69131 0.25073
2.67464 0.292599
2.65797 0.353402
2.64131 0.436968
2.62464 0.505096
2.60797 0.58932
2.5913 0.690652
2.57463 0.776553
2.55796 0.860257
2.5413 0.95703
2.52463 1.07148
2.50796 1.2012
2.49129 1.3233
2.47462 1.46278
2.45796 1.58851
2.44129 1.72877
2.42462 1.85432
2.40795 2.02267
2.39128 2.15017
2.37461 2.2642
2.35795 2.39923
2.34128 2.51188
2.32461 2.63364
2.30794 2.71176
2.29127 2.83026
2.27461 2.87425
2.25794 2.89524
2.24127 2.81844
2.2246 2.59196
2.20793 2.26808
2.19127 1.92
2.1746 1.51323
2.15793 1.0932
2.14126 0.677936
2.12459 0.296841
2.10792 -0.098016
2.09126 -0.508333
2.07459 -0.949183
2.05792 -1.37618
2.04125 -1.82143
2.02459 -2.20614
2.00792 -2.61477
1.99125 -3.0373
1.97458 -3.42743
1.95791 -3.87027
1.94124 -4.30451
1.92458 -4.73102
1.90791 -5.15584
1.89124 -5.57798
1.87457 -5.99527
1.8579 -6.41055
1.84124 -6.80572
1.82457 -7.20516
1.8079 -7.60303
1.79123 -7.94865
1.77456 -8.33435
1.75789 -8.73407
1.74123 -9.0977
1.72456 -9.45895
1.70789 -9.76956
1.69122 -10.0944
1.67456 -10.412
1.65789 -10.7352
1.64122 -11.0277
1.62455 -11.3184
1.60788 -11.5784
1.59121 -11.8394
1.57455 -12.1124
1.55788 -12.3755
1.54121 -12.6189
1.52454 -12.8562
1.50787 -13.092
1.4912 -13.2922
1.47454 -13.49
1.45787 -13.7104
1.4412 -13.9149
1.42453 -14.0819
1.40786 -14.2248
1.3912 -14.3843
1.37453 -14.5636
1.35786 -14.696
1.34119 -14.8579
1.32452 -15.0141
1.30786 -15.1451
1.29119 -15.258
1.27452 -15.3827
1.25785 -15.4978
1.24118 -15.6089
1.22452 -15.7183
1.20785 -15.8162
1.19118 -15.9303
1.17451 -16.026
1.15784 -16.1498
1.14118 -16.2482
1.12451 -16.3315
1.10784 -16.4108
1.09117 -16.492
1.0745 -16.5647
1.05784 -16.616
1.04117 -16.6739
1.0245 -16.7238
1.00783 -16.7854
0.991162 -16.8358
0.974494 -16.8907
0.957826 -16.9584
0.941158 -16.9946
0.92449 -16.9737
0.907822 -16.9576
0.891154 -16.9642
0.874486 -16.981
0.857818 -16.9859
0.841149 -17.0156
0.824481 -17.0425
0.807813 -17.0233
0.791145 -17.0314
0.774477 -17.0505
0.757809 -17.0518
0.741141 -17.0921
0.724473 -17.1481
0.707805 -17.2125
0.691137 -17.3165
0.674468 -17.4261
0.6578 -17.5158
0.641132 -17.5751
0.624464 -17.5571
0.607796 -17.5515
0.591128 -17.5689
0.57446 -17.6122
0.557792 -17.6363
0.541123 -17.6767
0.524455 -17.7189
0.507787 -17.7607
0.491119 -17.8004
0.474451 -17.8673
0.457783 -17.9133
0.441115 -17.9512
0.424447 -17.9805
0.407779 -18.0102
0.391111 -18.0457
0.374443 -18.0553
0.357774 -18.0942
0.341106 -18.1351
0.324438 -18.1275
0.30777 -18.1477
0.291102 -18.2003
0.274434 -18.2114
0.257766 -18.244
0.241098 -18.2855
0.22443 -18.275
0.207761 -18.2944
0.191093 -18.3116
0.174425 -18.3007
0.157757 -18.3422
0.141089 -18.3363
0.124421 -18.3465
0.107753 -18.3565
0.0910847 -18.356
0.0744166 -18.3589
0.0577485 -18.3813
0.0410804 -18.3913
0.0244123 -18.3848
0.00774419 -18.3706
-0.00892391 -18.3806
-0.025592 -18.3931
-0.0422601 -18.3838
-0.0589282 -18.3958
-0.0755963 -18.4164
-0.0922644 -18.4343
-0.108933 -18.4729
-0.125601 -18.3519
-0.142269 -18.3841
-0.158937 -19.5278
