3.1504 -0.787062
3.13388 -0.184357
3.11736 -0.0515254
3.10084 -0.0083787
3.08432 0.0460802
3.0678 0.0459777
3.05128 0.0609344
3.03476 0.0518912
3.01824 0.0330064
3.00172 0
2.98521 -0.0333768
2.96869 -0.107262
2.95217 -0.177686
2.93565 -0.22882
2.91913 -0.255197
2.90261 -0.330596
2.88609 -0.399828
2.86957 -0.469847
2.85305 -0.550098
2.83653 -0.585051
2.82001 -0.605306
2.80349 -0.65004
2.78697 -0.682825
2.77045 -0.740356
2.75393 -0.821852
2.73741 -0.901485
2.7209 -1.00761
2.70438 -1.1028
2.68786 -1.20992
2.67134 -1.31224
2.65482 -1.41526
2.6383 -1.51313
2.62178 -1.57618
2.60526 -1.62642
2.58874 -1.70883
2.57222 -1.77264
2.5557 -1.86971
2.53918 -1.95457
2.52266 -1.99983
2.50614 -2.0613
2.48962 -2.13528
2.4731 -2.22249
2.45658 -2.29448
2.44007 -2.32882
2.42354 -2.31747
2.40703 -2.30937
2.39051 -2.31879
2.37399 -2.31989
2.35747 -2.36064
2.34095 -2.38474
2.32443 -2.42897
2.30791 -2.49668
2.29139 -2.59581
2.27487 -2.72809
2.25835 -2.90515
2.24183 -3.01637
2.22531 -3.02942
2.20879 -2.96315
2.19227 -2.94685
2.17575 -2.93783
2.15923 -2.96398
2.14271 -3.00741
2.1262 -3.08814
2.10968 -3.19098
2.09316 -3.28824
2.07664 -3.39065
2.06012 -3.55859
2.0436 -3.67627
2.02708 -3.84298
2.01056 -4.03639
1.99404 -4.20818
1.97752 -4.3922
1.961 -4.59811
1.94448 -4.7621
1.92796 -4.90828
1.91144 -5.0773
1.89492 -5.20432
1.8784 -5.34261
1.86188 -5.50042
1.84536 -5.66318
1.82885 -5.78655
1.81233 -5.90775
1.79581 -6.01879
1.77929 -6.11742
1.76277 -6.20151
1.74625 -6.25667
1.72973 -6.29339
1.71321 -6.31468
1.69669 -6.31607
1.68017 -6.33969
1.66365 -6.3726
1.64713 -6.40886
1.63061 -6.38305
1.61409 -6.31729
1.59757 -6.24261
1.58105 -6.18484
1.56454 -6.09589
1.54801 -6.02631
1.5315 -5.90261
1.51498 -5.74199
1.49846 -5.5529
1.48194 -5.36085
1.46542 -5.16932
1.4489 -4.94283
1.43238 -4.70975
1.41586 -4.53039
1.39934 -4.29934
1.38282 -4.08375
1.3663 -3.83291
1.34978 -3.52475
1.33326 -3.17388
1.31674 -2.8018
1.30022 -2.38073
1.2837 -1.97072
1.26719 -1.53855
1.25066 -1.1332
1.23415 -0.732547
1.21763 -0.302655
1.20111 0.0918499
1.18459 0.531874
1.16807 0.959959
1.15155 1.34203
1.13503 1.74338
1.11851 2.16198
1.10199 2.58226
1.08547 3.01985
1.06895 3.46019
1.05243 3.88878
1.03591 4.36291
1.01939 4.79483
1.00287 5.28167
0.986354 5.73606
0.969835 6.19937
0.953315 6.68235
0.936796 7.19891
0.920277 7.73276
0.903757 8.29203
0.887238 8.86487
0.870718 9.44269
0.854199 10.073
0.837679 10.7369
0.82116 11.431
0.80464 12.1026
0.788121 12.7896
0.771602 13.4629
0.755082 14.1907
0.738563 14.9349
0.722043 15.6936
0.705524 16.4568
0.689005 17.1955
0.672485 17.9475
0.655966 18.6976
0.639446 19.4505
0.622927 20.2097
0.606407 20.9833
0.589888 21.7677
0.573368 22.5601
0.556849 23.2768
0.54033 24.0065
0.52381 24.743
0.507291 25.4715
0.490771 26.2073
0.474252 26.964
0.457732 27.7557
0.441213 28.5814
0.424694 29.3969
0.408174 30.2309
0.391655 31.075
0.375135 31.9268
0.358616 32.8159
0.342096 33.6461
0.325577 34.5037
0.309057 35.3274
0.292538 36.1562
0.276019 36.9375
0.259499 37.6971
0.24298 38.5056
0.22646 39.3435
0.209941 40.1829
0.193421 41.0721
0.176902 41.9439
0.160383 42.75
0.143863 43.5538
0.127344 44.3662
0.110824 45.2037
0.0943048 46.0693
0.0777854 46.956
0.061266 47.814
0.0447465 48.7172
0.0282271 49.6651
0.0117077 50.651
-0.00481176 51.6335
-0.0213312 52.598
-0.0378506 53.6154
-0.0543701 54.5966
-0.0708895 55.7496
-0.0874089 56.6557
-0.103928 57.251
-0.120448 58.0153
-0.136967 61.2128
