3.15554 -0.741101
3.13898 -0.827162
3.12243 -0.394985
3.10587 -0.133582
3.08932 -0.117398
3.07276 -0.141964
3.0562 -0.118884
3.03965 -0.0557452
3.02309 -0.0238974
3.00653 0
2.98998 0.0326842
2.97342 0.0422911
2.95687 0.0302528
2.94031 0.03882
2.92375 0.0665731
2.9072 0.0943196
2.89064 0.120147
2.87408 0.133136
2.85753 0.145074
2.84097 0.17742
2.82441 0.220539
2.80786 0.267051
2.7913 0.311187
2.77474 0.342229
2.75819 0.365979
2.74163 0.414006
2.72507 0.475021
2.70852 0.516283
2.69196 0.562339
2.67541 0.601822
2.65885 0.620029
2.64229 0.662655
2.62574 0.725393
2.60918 0.790641
2.59262 0.838089
2.57607 0.880492
2.55951 0.902643
2.54296 0.911491
2.5264 0.967421
2.50984 0.985247
2.49329 0.999806
2.47673 1.01085
2.46017 0.987301
2.44362 0.994517
2.42706 0.974377
2.4105 0.965395
2.39395 0.977934
2.37739 0.96472
2.36083 0.911217
2.34428 0.864618
2.32772 0.858145
2.31116 0.841193
2.29461 0.846906
2.27805 0.812154
2.2615 0.75727
2.24494 0.718752
2.22838 0.679848
2.21183 0.617736
2.19527 0.550774
2.17871 0.44535
2.16216 0.319297
2.1456 0.215579
2.12904 0.123906
2.11249 0.0776484
2.09593 0.0069018
2.07938 -0.0620383
2.06282 -0.183338
2.04626 -0.326217
2.02971 -0.548401
2.01315 -0.774136
1.99659 -1.01624
1.98004 -1.27828
1.96348 -1.52966
1.94692 -1.7745
1.93037 -2.00373
1.91381 -2.21771
1.89725 -2.4537
1.8807 -2.71461
1.86414 -2.96605
1.84759 -3.21935
1.83103 -3.42308
1.81447 -3.6108
1.79792 -3.76997
1.78136 -3.93431
1.7648 -4.10787
1.74825 -4.27476
1.73169 -4.42882
1.71513 -4.56947
1.69858 -4.71763
1.68202 -4.85726
1.66546 -4.97188
1.64891 -5.10269
1.63235 -5.174
1.6158 -5.26242
1.59924 -5.34658
1.58268 -5.41377
1.56613 -5.49789
1.54957 -5.5643
1.53301 -5.6032
1.51646 -5.62472
1.4999 -5.65057
1.48334 -5.69251
1.46679 -5.70834
1.45023 -5.72089
1.43368 -5.7045
1.41712 -5.67379
1.40056 -5.63477
1.38401 -5.57784
1.36745 -5.52506
1.35089 -5.42107
1.33434 -5.27184
1.31778 -5.09886
1.30122 -4.89044
1.28467 -4.68279
1.26811 -4.46332
1.25155 -4.25991
1.235 -4.04253
1.21844 -3.80213
1.20189 -3.56693
1.18533 -3.31603
1.16877 -3.0657
1.15222 -2.81829
1.13566 -2.52828
1.1191 -2.20359
1.10255 -1.87406
1.08599 -1.54054
1.06943 -1.19739
1.05288 -0.842311
1.03632 -0.468956
1.01977 -0.097725
1.00321 0.285019
0.986652 0.665047
0.970096 1.05058
0.953539 1.46446
0.936983 1.91627
0.920427 2.38134
0.90387 2.86853
0.887314 3.36181
0.870757 3.87201
0.854201 4.4085
0.837644 4.94326
0.821088 5.49837
0.804532 6.06884
0.787975 6.63786
0.771419 7.22633
0.754862 7.83468
0.738306 8.44784
0.72175 9.07728
0.705193 9.71986
0.688637 10.3504
0.67208 11.0176
0.655524 11.6902
0.638968 12.3854
0.622411 13.0737
0.605855 13.7822
0.589298 14.4963
0.572742 15.221
0.556185 15.9924
0.539629 16.8074
0.523073 17.6251
0.506516 18.4298
0.48996 19.2456
0.473403 20.0681
0.456847 20.9098
0.440291 21.7534
0.423734 22.5879
0.407178 23.4139
0.390621 24.2512
0.374065 25.0855
0.357509 25.93
0.340952 26.8104
0.324396 27.69
0.307839 28.6082
0.291283 29.5252
0.274726 30.4476
0.25817 31.3812
0.241614 32.329
0.225057 33.283
0.208501 34.2438
0.191944 35.2296
0.175388 36.2098
0.158832 37.1879
0.142275 38.1729
0.125719 39.1709
0.109162 40.1787
0.092606 41.2004
0.0760495 42.2335
0.0594931 43.2486
0.0429367 44.257
0.0263803 45.2966
0.0098239 46.3181
-0.00673251 47.3541
-0.0232889 48.3656
-0.0398453 49.4285
-0.0564017 50.4417
-0.0729581 51.5417
-0.0895146 52.7
-0.106071 53.9858
-0.122627 55.6481
-0.139184 59.4917
