3.17377 18.7327
3.15695 18.9609
3.14013 19.0292
3.12332 18.8357
3.1065 18.6136
3.08968 18.6426
3.07286 18.6268
3.05605 18.6657
3.03923 18.6972
3.02241 18.6851
3.00559 18.7
2.98877 18.6944
2.97195 18.6868
2.95514 18.675
2.93832 18.6758
2.9215 18.6774
2.90468 18.6831
2.88787 18.6854
2.87105 18.6806
2.85423 18.6616
2.83741 18.6687
2.82059 18.6867
2.80377 18.7044
2.78696 18.7148
2.77014 18.719
2.75332 18.7217
2.7365 18.736
2.71969 18.7715
2.70287 18.8138
2.68605 18.8227
2.66923 18.8484
2.65241 18.855
2.63559 18.897
2.61878 18.9859
2.60196 19.0627
2.58514 19.1217
2.56832 19.1973
2.55151 19.2725
2.53469 19.3537
2.51787 19.4267
2.50105 19.4977
2.48423 19.5727
2.46742 19.6493
2.4506 19.7252
2.43378 19.8146
2.41696 19.8893
2.40014 19.9441
2.38333 19.9793
2.36651 19.9691
2.34969 19.9901
2.33287 20.0351
2.31605 20.0861
2.29924 20.1194
2.28242 20.1038
2.2656 20.0454
2.24878 19.9464
2.23196 19.7418
2.21515 19.517
2.19833 19.2781
2.18151 19.0556
2.16469 18.7914
2.14787 18.5506
2.13106 18.283
2.11424 18.0401
2.09742 17.7879
2.0806 17.5361
2.06378 17.2883
2.04697 17.0334
2.03015 16.8027
2.01333 16.5892
1.99651 16.3744
1.97969 16.1583
1.96288 15.9126
1.94606 15.7127
1.92924 15.5314
1.91242 15.3406
1.8956 15.1567
1.87879 14.9598
1.86197 14.7855
1.84515 14.5948
1.82833 14.4848
1.81151 14.4067
1.7947 14.3034
1.77788 14.2214
1.76106 14.1412
1.74424 14.0713
1.72742 14.0067
1.71061 13.9728
1.69379 13.9373
1.67697 13.883
1.66015 13.8474
1.64333 13.8067
1.62652 13.7597
1.6097 13.7371
1.59288 13.6934
1.57606 13.652
1.55924 13.6189
1.54243 13.6029
1.52561 13.6264
1.50879 13.6538
1.49197 13.6771
1.47515 13.7234
1.45834 13.7432
1.44152 13.764
1.4247 13.8195
1.40788 13.8572
1.39106 13.8992
1.37425 13.9471
1.35743 13.9819
1.34061 14.0717
1.32379 14.2035
1.30697 14.3398
1.29016 14.4802
1.27334 14.6239
1.25652 14.7599
1.2397 14.9271
1.22288 15.0944
1.20607 15.2713
1.18925 15.4402
1.17243 15.6272
1.15561 15.8192
1.1388 16.0185
1.12198 16.2078
1.10516 16.4241
1.08834 16.6385
1.07152 16.8436
1.05471 17.068
1.03789 17.2815
1.02107 17.5034
1.00425 17.7166
0.987433 17.9412
0.970615 18.1323
0.953797 18.3295
0.936979 18.5116
0.920161 18.6838
0.903343 18.8436
0.886525 18.9869
0.869707 19.1276
0.852889 19.2744
0.836071 19.4587
0.819253 19.6598
0.802435 19.8262
0.785617 19.9967
0.768799 20.1182
0.751981 20.2437
0.735163 20.3528
0.718345 20.449
0.701527 20.5127
0.684709 20.5678
0.667891 20.6086
0.651073 20.6196
0.634255 20.6219
0.617437 20.6205
0.600619 20.5903
0.583801 20.5484
0.566983 20.4845
0.550165 20.4453
0.533347 20.4597
0.516529 20.4675
0.499711 20.4593
0.482893 20.4452
0.466075 20.4251
0.449257 20.3843
0.432439 20.3766
0.415621 20.3553
0.398803 20.305
0.381985 20.2724
0.365167 20.2319
0.348349 20.1807
0.331531 20.1497
0.314713 20.1298
0.297895 20.0926
0.281077 20.0674
0.264259 20.0336
0.247442 20.0086
0.230624 19.993
0.213806 19.9845
0.196988 19.9742
0.18017 19.9538
0.163352 19.9318
0.146534 19.9038
0.129716 19.8812
0.112898 19.8688
0.0960797 19.8723
0.0792617 19.8615
0.0624437 19.844
0.0456257 19.8354
0.0288077 19.8354
0.0119897 19.8481
-0.00482825 19.8271
-0.0216462 19.8295
-0.0384642 19.829
-0.0552822 19.8052
-0.0721002 19.7871
-0.0889182 19.7898
-0.105736 19.7101
-0.122554 19.7688
-0.139372 19.5704
-0.15619 19.7955
-0.173008 19.0574
