3.1664 17.6441
3.14972 18.443
3.13305 18.6951
3.11638 18.673
3.09971 18.5806
3.08304 18.6134
3.06637 18.5977
3.0497 18.666
3.03303 18.6697
3.01636 18.6946
2.99969 18.7
2.98302 18.6971
2.96635 18.6902
2.94968 18.7006
2.93301 18.6837
2.91634 18.7075
2.89967 18.7245
2.883 18.7125
2.86632 18.7081
2.84965 18.7357
2.83298 18.7386
2.81631 18.8117
2.79964 18.8624
2.78297 18.899
2.7663 18.9318
2.74963 18.9869
2.73296 19.044
2.71629 19.1097
2.69962 19.1401
2.68295 19.1855
2.66628 19.2491
2.64961 19.2953
2.63294 19.3769
2.61627 19.451
2.5996 19.5552
2.58293 19.6207
2.56626 19.7076
2.54959 19.7977
2.53292 19.9116
2.51625 20.0483
2.49957 20.1783
2.4829 20.3122
2.46623 20.4413
2.44956 20.5421
2.43289 20.6581
2.41622 20.8164
2.39955 20.9443
2.38288 21.0903
2.36621 21.1836
2.34954 21.2944
2.33287 21.3739
2.3162 21.4766
2.29953 21.5182
2.28286 21.5383
2.26619 21.509
2.24952 21.5026
2.23285 21.6093
2.21617 21.7348
2.1995 21.841
2.18283 21.8944
2.16616 21.8922
2.14949 21.8527
2.13282 21.8029
2.11615 21.734
2.09948 21.6356
2.08281 21.4542
2.06614 21.26
2.04947 21.0114
2.0328 20.7288
2.01613 20.394
1.99946 20.0409
1.98279 19.6808
1.96612 19.343
1.94945 18.9749
1.93278 18.6803
1.91611 18.412
1.89943 18.1713
1.88277 17.878
1.86609 17.6154
1.84942 17.3844
1.83275 17.1303
1.81608 16.9179
1.79941 16.6882
1.78274 16.4776
1.76607 16.2125
1.7494 15.9834
1.73273 15.8036
1.71606 15.6071
1.69939 15.4467
1.68272 15.2518
1.66605 15.0519
1.64938 14.8579
1.63271 14.7098
1.61604 14.5562
1.59937 14.4349
1.58269 14.3095
1.56603 14.1786
1.54935 14.0495
1.53268 13.9636
1.51601 13.8396
1.49934 13.7355
1.48267 13.6138
1.466 13.494
1.44933 13.3725
1.43266 13.3064
1.41599 13.2656
1.39932 13.2376
1.38265 13.2033
1.36598 13.1848
1.34931 13.1521
1.33264 13.1308
1.31597 13.1393
1.2993 13.1547
1.28263 13.1826
1.26595 13.1852
1.24928 13.2255
1.23261 13.3136
1.21594 13.4017
1.19927 13.4955
1.1826 13.5767
1.16593 13.6964
1.14926 13.8245
1.13259 13.984
1.11592 14.1191
1.09925 14.2655
1.08258 14.38
1.06591 14.5197
1.04924 14.6758
1.03257 14.8698
1.0159 15.0865
0.999227 15.2821
0.982557 15.5046
0.965886 15.7207
0.949216 15.912
0.932545 16.0965
0.915875 16.3071
0.899204 16.5228
0.882533 16.7694
0.865863 16.998
0.849193 17.2238
0.832522 17.45
0.815851 17.6754
0.799181 17.8635
0.78251 18.0815
0.76584 18.2573
0.749169 18.4554
0.732499 18.7013
0.715828 18.9163
0.699158 19.1495
0.682487 19.3737
0.665817 19.554
0.649146 19.6882
0.632476 19.8466
0.615805 19.966
0.599135 20.0765
0.582464 20.1781
0.565794 20.2406
0.549123 20.2926
0.532453 20.3259
0.515782 20.3457
0.499112 20.3704
0.482441 20.3463
0.46577 20.3165
0.4491 20.2885
0.43243 20.2784
0.415759 20.2509
0.399088 20.2065
0.382418 20.1531
0.365747 20.1038
0.349077 20.0735
0.332406 20.0677
0.315736 20.0792
0.299065 20.0933
0.282395 20.0885
0.265724 20.0485
0.249054 20.0227
0.232383 20.0019
0.215713 20.0183
0.199042 20.013
0.182372 19.9906
0.165701 19.9617
0.149031 19.9442
0.13236 19.9392
0.11569 19.935
0.0990191 19.9226
0.0823486 19.9122
0.065678 19.8901
0.0490075 19.8726
0.032337 19.887
0.0156665 19.8803
-0.00100406 19.8892
-0.0176746 19.9269
-0.0343451 19.9054
-0.0510156 19.9049
-0.0676861 19.8734
-0.0843567 19.8778
-0.101027 19.9322
-0.117698 19.9084
-0.134368 19.6909
-0.151039 20.3792
