3.17377 -0.3242
3.15695 -0.2396
3.14013 0.0339
3.12332 0.0518
3.1065 0.0693
3.08968 0.0954
3.07286 0.1053
3.05605 0.082
3.03923 0.0722
3.02241 0.0309
3.00559 0
2.98877 -0.07
2.97195 -0.1401
2.95514 -0.1929
2.93832 -0.2201
2.9215 -0.265
2.90468 -0.3295
2.88787 -0.3997
2.87105 -0.4685
2.85423 -0.5363
2.83741 -0.5952
2.82059 -0.6496
2.80377 -0.7078
2.78696 -0.7957
2.77014 -0.8937
2.75332 -0.986
2.7365 -1.0724
2.71969 -1.1561
2.70287 -1.2548
2.68605 -1.3347
2.66923 -1.4354
2.65241 -1.5317
2.63559 -1.6138
2.61878 -1.6785
2.60196 -1.7627
2.58514 -1.8441
2.56832 -1.9325
2.55151 -2.0124
2.53469 -2.0789
2.51787 -2.1437
2.50105 -2.2202
2.48423 -2.3203
2.46742 -2.4073
2.4506 -2.4609
2.43378 -2.4722
2.41696 -2.4572
2.40014 -2.4676
2.38333 -2.4678
2.36651 -2.5012
2.34969 -2.524
2.33287 -2.5475
2.31605 -2.5743
2.29924 -2.6275
2.28242 -2.6913
2.2656 -2.8014
2.24878 -2.8739
2.23196 -2.9105
2.21515 -2.8945
2.19833 -2.9125
2.18151 -2.9294
2.16469 -2.9818
2.14787 -3.063
2.13106 -3.1718
2.11424 -3.2973
2.09742 -3.4323
2.0806 -3.5667
2.06378 -3.722
2.04697 -3.8528
2.03015 -4.0037
2.01333 -4.161
1.99651 -4.3129
1.97969 -4.4837
1.96288 -4.6729
1.94606 -4.798
1.92924 -4.9182
1.91242 -4.9965
1.8956 -5.0788
1.87879 -5.1635
1.86197 -5.2681
1.84515 -5.3963
1.82833 -5.5187
1.81151 -5.6071
1.7947 -5.7104
1.77788 -5.8069
1.76106 -5.9086
1.74424 -5.96686
1.72742 -5.99421
1.71061 -5.98306
1.69379 -5.9498
1.67697 -5.92759
1.66015 -5.92204
1.64333 -5.90968
1.62652 -5.8691
1.6097 -5.8006
1.59288 -5.717
1.57606 -5.65
1.55924 -5.5678
1.54243 -5.4623
1.52561 -5.3184
1.50879 -5.1467
1.49197 -4.9621
1.47515 -4.7536
1.45834 -4.5496
1.44152 -4.3601
1.4247 -4.154
1.40788 -3.9908
1.39106 -3.7812
1.37425 -3.5698
1.35743 -3.3418
1.34061 -3.0742
1.32379 -2.7865
1.30697 -2.4802
1.29016 -2.1563
1.27334 -1.8362
1.25652 -1.4923
1.2397 -1.1421
1.22288 -0.7547
1.20607 -0.364
1.18925 0.0305
1.17243 0.4158
1.15561 0.8129
1.1388 1.1881
1.12198 1.5783
1.10516 1.9755
1.08834 2.3709
1.07152 2.7854
1.05471 3.191
1.03789 3.5671
1.02107 3.9302
1.00425 4.2782
0.987433 4.6446
0.970615 5.0096
0.953797 5.4005
0.936979 5.8643
0.920161 6.4142
0.903343 6.9959
0.886525 7.5775
0.869707 8.1633
0.852889 8.7402
0.836071 9.3426
0.819253 9.9852
0.802435 10.658
0.785617 11.327
0.768799 12.0059
0.751981 12.6797
0.735163 13.3285
0.718345 13.9588
0.701527 14.5795
0.684709 15.1916
0.667891 15.7634
0.651073 16.3267
0.634255 16.8862
0.617437 17.4291
0.600619 17.9309
0.583801 18.3772
0.566983 18.7448
0.550165 19.0575
0.533347 19.3356
0.516529 19.5738
0.499711 19.7633
0.482893 19.912
0.466075 20.0212
0.449257 20.0854
0.432439 20.1561
0.415621 20.1944
0.398803 20.1918
0.381985 20.1916
0.365167 20.1761
0.348349 20.1425
0.331531 20.127
0.314714 20.1168
0.297896 20.0864
0.281078 20.0664
0.26426 20.0375
0.247442 20.0142
0.230624 20.0014
0.213806 19.995
0.196988 19.9853
0.18017 19.9656
0.163352 19.9439
0.146534 19.9156
0.129716 19.8935
0.112898 19.8796
0.0960798 19.8837
0.0792618 19.8725
0.0624438 19.8548
0.0456258 19.8466
0.0288078 19.8476
0.0119898 19.8607
-0.00482815 19.8399
-0.0216461 19.8428
-0.0384641 19.8433
-0.0552821 19.8201
-0.0721001 19.8017
-0.0889181 19.8043
-0.105736 19.7248
-0.122554 19.7915
-0.139372 19.5903
-0.15619 19.755
-0.173008 18.3669
