3.16636 -1.2102
3.14961 -1.0133
3.13287 -0.4076
3.11612 -0.2844
3.09938 -0.2106
3.08264 -0.2194
3.06589 -0.1979
3.04915 -0.0934
3.0324 -0.073
3.01566 -0.0388
2.99891 0
2.98217 0.0137
2.96542 0.0026
2.94868 0.0352
2.93194 0.0469
2.91519 0.0711
2.89845 0.095
2.8817 0.0807
2.86496 0.0989
2.84821 0.118
2.83147 0.1723
2.81472 0.2217
2.79798 0.2701
2.78124 0.3022
2.76449 0.3303
2.74775 0.3703
2.731 0.4408
2.71426 0.4847
2.69751 0.537
2.68077 0.5625
2.66402 0.5913
2.64728 0.6086
2.63054 0.6791
2.61379 0.7147
2.59705 0.7699
2.5803 0.8011
2.56356 0.8206
2.54681 0.8113
2.53007 0.8537
2.51332 0.9107
2.49658 0.9149
2.47984 0.9334
2.46309 0.9328
2.44635 0.9495
2.4296 0.9288
2.41286 0.8986
2.39611 0.8892
2.37937 0.8446
2.36262 0.7876
2.34588 0.7283
2.32913 0.7015
2.31239 0.6853
2.29565 0.6469
2.2789 0.6255
2.26216 0.5515
2.24541 0.5331
2.22867 0.4993
2.21192 0.4909
2.19518 0.4802
2.17843 0.4414
2.16169 0.3626
2.14495 0.2867
2.1282 0.1664
2.11146 0.0418
2.09471 -0.0651
2.07797 -0.1687
2.06122 -0.3063
2.04448 -0.4749
2.02773 -0.6572
2.01099 -0.8944
1.99425 -1.1249
1.9775 -1.3952
1.96076 -1.6608
1.94401 -1.9358
1.92727 -2.1663
1.91052 -2.3641
1.89378 -2.5577
1.87704 -2.8025
1.86029 -3.057
1.84355 -3.3137
1.8268 -3.5407
1.81006 -3.7192
1.79331 -3.8886
1.77657 -4.0179
1.75982 -4.1914
1.74308 -4.355
1.72633 -4.5059
1.70959 -4.6684
1.69285 -4.8147
1.6761 -4.9626
1.65936 -5.1267
1.64261 -5.2205
1.62587 -5.3558
1.60912 -5.4143
1.59238 -5.4838
1.57563 -5.5223
1.55889 -5.57697
1.54215 -5.63461
1.5254 -5.6897
1.50866 -5.76586
1.49191 -5.7956
1.47517 -5.87187
1.45842 -5.93254
1.44168 -5.94792
1.42494 -5.93623
1.40819 -5.92134
1.39145 -5.87671
1.3747 -5.83622
1.35796 -5.78741
1.34121 -5.70682
1.32447 -5.59574
1.30772 -5.4158
1.29098 -5.222
1.27424 -4.9917
1.25749 -4.7647
1.24075 -4.5092
1.224 -4.2922
1.20726 -4.0385
1.19051 -3.77
1.17377 -3.516
1.15702 -3.2159
1.14028 -2.9526
1.12353 -2.6687
1.10679 -2.4014
1.09005 -2.1117
1.0733 -1.7937
1.05656 -1.5141
1.03981 -1.175
1.02307 -0.7941
1.00632 -0.3969
0.989579 0.0198
0.972835 0.4364
0.95609 0.841
0.939346 1.2607
0.922601 1.6735
0.905857 2.0833
0.889113 2.5241
0.872368 2.9461
0.855624 3.4021
0.838879 3.8632
0.822135 4.3202
0.80539 4.7909
0.788646 5.292
0.771901 5.7855
0.755157 6.29
0.738413 6.8264
0.721668 7.4161
0.704924 8.0361
0.688179 8.6664
0.671435 9.3036
0.65469 9.9179
0.637946 10.5838
0.621201 11.2426
0.604457 11.937
0.587712 12.6091
0.570968 13.2714
0.554224 13.8802
0.537479 14.5139
0.520735 15.1445
0.50399 15.7983
0.487246 16.3915
0.470501 16.931
0.453757 17.4186
0.437012 17.8602
0.420268 18.2279
0.403523 18.5097
0.386779 18.7397
0.370035 18.8969
0.35329 19.0325
0.336546 19.1402
0.319801 19.2353
0.303057 19.3115
0.286312 19.3667
0.269568 19.3797
0.252823 19.3685
0.236079 19.3817
0.219335 19.3959
0.20259 19.4102
0.185846 19.4019
0.169101 19.4027
0.152357 19.3827
0.135612 19.3829
0.118868 19.3759
0.102123 19.3807
0.085379 19.3657
0.0686345 19.3612
0.0518901 19.3551
0.0351456 19.3523
0.0184012 19.3579
0.00165672 19.357
-0.0150877 19.3755
-0.0318322 19.3659
-0.0485766 19.3597
-0.0653211 19.3322
-0.0820655 19.2947
-0.09881 19.3015
-0.115554 19.281
-0.132299 19.1037
-0.149043 19.3314
-0.165788 19.5757
