3.16707 -3.07722
3.15041 -0.758793
3.13375 -0.406114
3.11709 -0.03678
3.10043 -0.232396
3.08377 -0.089354
3.06711 -0.07599
3.05044 -0.102244
3.03378 -0.056395
3.01712 -0.029845
3.00046 0
2.9838 -0.006114
2.96714 0.00832
2.95048 4.9e-05
2.93382 0.014233
2.91716 0.037634
2.9005 0.05216
2.88384 0.07534
2.86718 0.091903
2.85052 0.102135
2.83385 0.141934
2.81719 0.205745
2.80053 0.227647
2.78387 0.280443
2.76721 0.327464
2.75055 0.379837
2.73389 0.422206
2.71723 0.477474
2.70057 0.519212
2.68391 0.567204
2.66725 0.603384
2.65058 0.64372
2.63393 0.698255
2.61726 0.783853
2.6006 0.885528
2.58394 0.954856
2.56728 1.03402
2.55062 1.11713
2.53396 1.21717
2.5173 1.32558
2.50064 1.45552
2.48398 1.57414
2.46732 1.64905
2.45066 1.71697
2.43399 1.76408
2.41734 1.77016
2.40067 1.7106
2.38401 1.61838
2.36735 1.4799
2.35069 1.35977
2.33403 1.25318
2.31737 1.16473
2.30071 1.02585
2.28405 0.856361
2.26739 0.618218
2.25073 0.352102
2.23407 0.081479
2.2174 -0.201503
2.20074 -0.529494
2.18408 -0.851199
2.16742 -1.2043
2.15076 -1.61374
2.1341 -2.02304
2.11744 -2.38172
2.10078 -2.71547
2.08412 -3.0526
2.06746 -3.40594
2.0508 -3.76852
2.03414 -4.14573
2.01748 -4.49851
2.00081 -4.81894
1.98415 -5.15288
1.96749 -5.47287
1.95083 -5.7632
1.93417 -6.05592
1.91751 -6.34184
1.90085 -6.63565
1.88419 -6.9227
1.86753 -7.21724
1.85087 -7.51566
1.83421 -7.78648
1.81755 -8.07553
1.80089 -8.33352
1.78422 -8.58294
1.76756 -8.84486
1.7509 -9.08737
1.73424 -9.34563
1.71758 -9.57219
1.70092 -9.83524
1.68426 -10.0907
1.6676 -10.3595
1.65094 -10.5935
1.63428 -10.8207
1.61762 -10.9905
1.60096 -11.1467
1.5843 -11.3135
1.56763 -11.4589
1.55097 -11.6279
1.53431 -11.7573
1.51765 -11.8974
1.50099 -12.0089
1.48433 -12.1098
1.46767 -12.2399
1.45101 -12.3532
1.43435 -12.451
1.41769 -12.5408
1.40103 -12.6347
1.38437 -12.7273
1.3677 -12.8301
1.35105 -12.9093
1.33438 -12.9654
1.31772 -13.0192
1.30106 -13.0513
1.2844 -13.109
1.26774 -13.1406
1.25108 -13.1843
1.23442 -13.1509
1.21776 -13.129
1.2011 -13.1001
1.18444 -13.0424
1.16778 -12.9966
1.15112 -13.0022
1.13445 -13.0354
1.11779 -13.0972
1.10113 -13.1729
1.08447 -13.2278
1.06781 -13.2943
1.05115 -13.354
1.03449 -13.3962
1.01783 -13.4398
1.00117 -13.5152
0.984507 -13.5924
0.967847 -13.6748
0.951186 -13.7514
0.934525 -13.7734
0.917864 -13.8086
0.901204 -13.866
0.884543 -13.914
0.867882 -13.9937
0.851221 -14.0346
0.834561 -14.0585
0.8179 -14.0702
0.801239 -14.0509
0.784578 -14.0805
0.767917 -14.1092
0.751257 -14.138
0.734596 -14.1943
0.717935 -14.2213
0.701274 -14.296
0.684613 -14.3643
0.667953 -14.4709
0.651292 -14.5469
0.634631 -14.6091
0.61797 -14.6594
0.60131 -14.6941
0.584649 -14.7368
0.567988 -14.8061
0.551327 -14.877
0.534666 -14.94
0.518006 -14.992
0.501345 -15.0582
0.484684 -15.1301
0.468023 -15.2021
0.451362 -15.2732
0.434702 -15.3482
0.418041 -15.4016
0.40138 -15.4659
0.384719 -15.518
0.368059 -15.6047
0.351398 -15.6753
0.334737 -15.6906
0.318076 -15.7465
0.301416 -15.7981
0.284755 -15.8415
0.268094 -15.8962
0.251433 -15.9393
0.234772 -16.0109
0.218112 -16.0341
0.201451 -16.0613
0.18479 -16.0805
0.168129 -16.0949
0.151469 -16.1534
0.134808 -16.1707
0.118147 -16.1818
0.101486 -16.2028
0.0848254 -16.2578
0.0681646 -16.3025
0.0515038 -16.3268
0.034843 -16.3369
0.0181823 -16.3002
0.00152148 -16.3097
-0.0151393 -16.3023
-0.0318001 -16.3031
-0.0484609 -16.2853
-0.0651216 -16.295
-0.0817824 -16.282
-0.0984432 -16.2089
-0.115104 -16.4711
-0.131765 -16.0363
-0.148425 -15.0412
