3.15719 -0.544609
3.14049 -0.97389
3.1238 -0.136069
3.1071 -0.130593
3.0904 -0.174675
3.0737 -0.0607104
3.05701 -0.0478343
3.04031 -0.0225803
3.02361 -0.0099899
3.00691 0
2.99021 0.0115872
2.97352 -0.0114992
2.95682 -0.0276984
2.94012 -0.0296396
2.92342 0.0005407
2.90673 0.0191622
2.89003 0.0258921
2.87333 0.0270897
2.85663 0.0426494
2.83994 0.0557818
2.82324 0.0773949
2.80654 0.115256
2.78984 0.140401
2.77314 0.159507
2.75645 0.174429
2.73975 0.219363
2.72305 0.266038
2.70635 0.3016
2.68966 0.343545
2.67296 0.37808
2.65626 0.405225
2.63956 0.498449
2.62287 0.58773
2.60617 0.681213
2.58947 0.773796
2.57277 0.875983
2.55607 0.978342
2.53938 1.07219
2.52268 1.18186
2.50598 1.29897
2.48928 1.41648
2.47259 1.51647
2.45589 1.63584
2.43919 1.78071
2.42249 1.91705
2.4058 2.05753
2.3891 2.1947
2.3724 2.3033
2.3557 2.42111
2.339 2.50818
2.32231 2.60708
2.30561 2.69907
2.28891 2.77
2.27221 2.77908
2.25552 2.77703
2.23882 2.78133
2.22212 2.78501
2.20542 2.76403
2.18873 2.68956
2.17203 2.56325
2.15533 2.36847
2.13863 2.12875
2.12194 1.90154
2.10524 1.64774
2.08854 1.3443
2.07184 0.991251
2.05514 0.604887
2.03845 0.145851
2.02175 -0.287656
2.00505 -0.752388
1.98835 -1.2176
1.97166 -1.65508
1.95496 -2.11353
1.93826 -2.56097
1.92156 -2.95579
1.90487 -3.3642
1.88817 -3.77624
1.87147 -4.19295
1.85477 -4.60512
1.83807 -5.02983
1.82138 -5.37083
1.80468 -5.71005
1.78798 -6.05778
1.77128 -6.41488
1.75459 -6.77008
1.73789 -7.13017
1.72119 -7.45163
1.70449 -7.78603
1.6878 -8.08719
1.6711 -8.40648
1.6544 -8.726
1.6377 -9.01388
1.62101 -9.29694
1.60431 -9.56509
1.58761 -9.83681
1.57091 -10.1016
1.55421 -10.3755
1.53752 -10.6066
1.52082 -10.8346
1.50412 -11.0355
1.48742 -11.2544
1.47073 -11.4723
1.45403 -11.6815
1.43733 -11.8952
1.42063 -12.0646
1.40393 -12.2255
1.38724 -12.39
1.37054 -12.5311
1.35384 -12.6733
1.33715 -12.8197
1.32045 -12.9635
1.30375 -13.1069
1.28705 -13.2466
1.27035 -13.3955
1.25366 -13.5179
1.23696 -13.6538
1.22026 -13.7461
1.20356 -13.8542
1.18687 -13.946
1.17017 -14.0319
1.15347 -14.126
1.13677 -14.1981
1.12007 -14.2594
1.10338 -14.3184
1.08668 -14.3865
1.06998 -14.4578
1.05328 -14.544
1.03659 -14.5817
1.01989 -14.6005
1.00319 -14.6047
0.986493 -14.6374
0.969796 -14.6681
0.953098 -14.6911
0.9364 -14.7195
0.919703 -14.7561
0.903005 -14.7959
0.886307 -14.831
0.86961 -14.8822
0.852912 -14.9574
0.836214 -14.9901
0.819517 -15.0331
0.802819 -15.086
0.786121 -15.1211
0.769424 -15.1655
0.752726 -15.2094
0.736028 -15.2448
0.719331 -15.2914
0.702633 -15.348
0.685935 -15.4049
0.669238 -15.4607
0.65254 -15.5207
0.635842 -15.5541
0.619144 -15.5908
0.602447 -15.6419
0.585749 -15.6912
0.569052 -15.7601
0.552354 -15.8193
0.535656 -15.8783
0.518958 -15.9123
0.502261 -15.9686
0.485563 -16.0291
0.468865 -16.098
0.452168 -16.1607
0.43547 -16.213
0.418772 -16.2643
0.402075 -16.3105
0.385377 -16.3486
0.368679 -16.4136
0.351982 -16.4624
0.335284 -16.4901
0.318586 -16.5401
0.301889 -16.585
0.285191 -16.6217
0.268493 -16.6852
0.251796 -16.7303
0.235098 -16.7608
0.2184 -16.7925
0.201703 -16.8227
0.185005 -16.8577
0.168307 -16.884
0.15161 -16.9233
0.134912 -16.9424
0.118214 -16.9438
0.101517 -16.9522
0.0848189 -16.9571
0.0681213 -16.9672
0.0514236 -16.9696
0.0347259 -16.9727
0.0180282 -16.986
0.00133057 -16.9759
-0.0153671 -16.9822
-0.0320648 -16.9753
-0.0487625 -16.979
-0.0654601 -16.9705
-0.0821578 -16.9679
-0.0988555 -17.0232
-0.115553 -16.9688
-0.132251 -16.7481
-0.148949 -16.1542
-0.165646 -18.8667
