3.15541 -1.11315
3.13876 -0.232332
3.12211 -0.368519
3.10547 -0.188756
3.08882 -0.127948
3.07217 -0.076808
3.05553 -0.064471
3.03888 -0.02341
3.02223 -0.016122
3.00559 0
2.98894 -0.034413
2.97229 -0.035002
2.95565 -0.058514
2.939 -0.039778
2.92235 -0.023467
2.90571 -0.019126
2.88906 0.010279
2.87241 -0.013525
2.85576 -0.012344
2.83912 0.007947
2.82247 0.005088
2.80583 0.026391
2.78918 0.010231
2.77253 -0.006895
2.75589 -0.01113
2.73924 0.001949
2.72259 0.027094
2.70594 0.060136
2.6893 0.081726
2.67265 0.10014
2.656 0.118217
2.63936 0.123633
2.62271 0.186256
2.60606 0.234592
2.58942 0.278596
2.57277 0.32758
2.55612 0.362668
2.53948 0.396924
2.52283 0.402754
2.50618 0.404151
2.48954 0.379346
2.47289 0.328492
2.45624 0.262982
2.4396 0.191348
2.42295 0.13747
2.4063 0.050111
2.38966 -0.033728
2.37301 -0.158824
2.35636 -0.293879
2.33972 -0.51537
2.32307 -0.758231
2.30642 -1.0461
2.28978 -1.35473
2.27313 -1.69952
2.25648 -2.04463
2.23984 -2.38296
2.22319 -2.71746
2.20654 -3.03166
2.18989 -3.35428
2.17325 -3.70405
2.1566 -4.02967
2.13996 -4.41453
2.12331 -4.77812
2.10666 -5.1115
2.09002 -5.45482
2.07337 -5.81858
2.05672 -6.16304
2.04007 -6.53041
2.02343 -6.87069
2.00678 -7.21226
1.99013 -7.53898
1.97349 -7.86657
1.95684 -8.20721
1.94019 -8.55922
1.92355 -8.90129
1.9069 -9.19683
1.89025 -9.52644
1.87361 -9.85724
1.85696 -10.1483
1.84031 -10.4629
1.82367 -10.7235
1.80702 -11.0251
1.79037 -11.2732
1.77373 -11.5393
1.75708 -11.7991
1.74043 -12.0105
1.72379 -12.224
1.70714 -12.4022
1.69049 -12.6097
1.67385 -12.7853
1.6572 -12.9819
1.64055 -13.2019
1.62391 -13.3686
1.60726 -13.5566
1.59061 -13.7458
1.57397 -13.9126
1.55732 -14.0856
1.54067 -14.2568
1.52403 -14.425
1.50738 -14.5794
1.49073 -14.753
1.47409 -14.9071
1.45744 -15.1054
1.44079 -15.234
1.42414 -15.3423
1.4075 -15.4299
1.39085 -15.4921
1.3742 -15.5858
1.35756 -15.6514
1.34091 -15.6846
1.32427 -15.7001
1.30762 -15.7129
1.29097 -15.7109
1.27432 -15.7404
1.25768 -15.754
1.24103 -15.806
1.22438 -15.8657
1.20774 -15.9581
1.19109 -16.0268
1.17444 -16.096
1.1578 -16.1611
1.14115 -16.1434
1.1245 -16.1274
1.10786 -16.1027
1.09121 -16.0637
1.07456 -16.0594
1.05792 -16.0469
1.04127 -16.0535
1.02462 -16.0262
1.00798 -16.0161
0.99133 -16.0089
0.974683 -15.9981
0.958036 -16.0026
0.94139 -15.9728
0.924743 -15.9673
0.908096 -15.9833
0.891449 -16.0068
0.874803 -16.0084
0.858156 -16.055
0.841509 -16.0502
0.824862 -16.0142
0.808216 -15.9889
0.791569 -15.9941
0.774922 -16.0127
0.758275 -16.018
0.741629 -16.0422
0.724982 -16.0736
0.708335 -16.117
0.691688 -16.1572
0.675042 -16.2429
0.658395 -16.3
0.641748 -16.3696
0.625101 -16.3943
0.608455 -16.4264
0.591808 -16.4954
0.575161 -16.5515
0.558515 -16.5853
0.541868 -16.6965
0.525221 -16.7345
0.508574 -16.7942
0.491928 -16.8402
0.475281 -16.9348
0.458634 -16.9951
0.441987 -17.0266
0.425341 -17.0933
0.408694 -17.1613
0.392047 -17.228
0.3754 -17.291
0.358754 -17.3387
0.342107 -17.3718
0.32546 -17.391
0.308813 -17.4468
0.292167 -17.4587
0.27552 -17.5227
0.258873 -17.5421
0.242226 -17.5829
0.22558 -17.579
0.208933 -17.6048
0.192286 -17.6469
0.175639 -17.6777
0.158993 -17.7276
0.142346 -17.7614
0.125699 -17.7701
0.109052 -17.7549
0.0924056 -17.7827
0.0757589 -17.7987
0.0591122 -17.8301
0.0424654 -17.8397
0.0258187 -17.8555
0.00917192 -17.8503
-0.00747483 -17.8141
-0.0241216 -17.804
-0.0407683 -17.7888
-0.0574151 -17.7924
-0.0740618 -17.7885
-0.0907085 -17.7145
-0.107355 -17.6685
-0.124002 -17.7196
-0.140649 -17.4382
-0.157296 -15.9226
