3.15977 -0.209314
3.14313 0.0080456
3.1265 -0.105336
3.10986 -0.0315261
3.09322 -0.0523665
3.07658 -0.0511825
3.05994 0.0126949
3.04331 0.0012615
3.02667 0.0228424
3.01003 0.0272425
2.9934 0
2.97676 0.0094154
2.96012 0.0126864
2.94348 0.0078773
2.92684 -0.0020178
2.91021 0.0127156
2.89357 0.0128554
2.87693 -0.0022845
2.86029 -0.0218208
2.84366 -0.0242674
2.82702 -0.0037561
2.81038 0.0067826
2.79374 0.0107404
2.77711 0.0131718
2.76047 0.0127806
2.74383 0.0234561
2.72719 0.055011
2.71055 0.0784923
2.69392 0.116535
2.67728 0.124086
2.66064 0.157221
2.644 0.177123
2.62737 0.224753
2.61073 0.288957
2.59409 0.338897
2.57745 0.376563
2.56082 0.423824
2.54418 0.494651
2.52754 0.587463
2.5109 0.676434
2.49426 0.758065
2.47763 0.845104
2.46099 0.947381
2.44435 1.02824
2.42772 1.12878
2.41108 1.21602
2.39444 1.28733
2.3778 1.3555
2.36116 1.42082
2.34453 1.45815
2.32789 1.52205
2.31125 1.55441
2.29461 1.5805
2.27798 1.57469
2.26134 1.55469
2.2447 1.50192
2.22806 1.4223
2.21143 1.30339
2.19479 1.16099
2.17815 0.96478
2.16151 0.712621
2.14487 0.410668
2.12824 0.0664009
2.1116 -0.283212
2.09496 -0.675424
2.07832 -1.07627
2.06169 -1.50053
2.04505 -1.9185
2.02841 -2.329
2.01177 -2.74542
1.99514 -3.15705
1.9785 -3.5903
1.96186 -4.01802
1.94522 -4.46017
1.92859 -4.88651
1.91195 -5.29622
1.89531 -5.71555
1.87867 -6.12663
1.86204 -6.525
1.8454 -6.92604
1.82876 -7.33938
1.81212 -7.7094
1.79548 -8.07506
1.77885 -8.47167
1.76221 -8.85945
1.74557 -9.20957
1.72893 -9.55624
1.7123 -9.86439
1.69566 -10.1884
1.67902 -10.4964
1.66238 -10.8123
1.64575 -11.1115
1.62911 -11.4026
1.61247 -11.6762
1.59583 -11.9412
1.57919 -12.2003
1.56256 -12.4709
1.54592 -12.7148
1.52928 -12.9461
1.51264 -13.137
1.49601 -13.3364
1.47937 -13.535
1.46273 -13.7459
1.44609 -13.9427
1.42946 -14.1203
1.41282 -14.2725
1.39618 -14.4293
1.37954 -14.5667
1.36291 -14.7318
1.34627 -14.8558
1.32963 -14.9792
1.31299 -15.115
1.29635 -15.2492
1.27972 -15.3874
1.26308 -15.5306
1.24644 -15.6518
1.2298 -15.7381
1.21317 -15.7786
1.19653 -15.8294
1.17989 -15.9003
1.16325 -15.9697
1.14662 -16.0032
1.12998 -16.0429
1.11334 -16.0562
1.0967 -16.0872
1.08007 -16.1087
1.06343 -16.1349
1.04679 -16.1401
1.03015 -16.1601
1.01351 -16.1625
0.996877 -16.1642
0.98024 -16.1612
0.963602 -16.1612
0.946964 -16.1448
0.930327 -16.119
0.913689 -16.0778
0.897052 -16.0752
0.880414 -16.0683
0.863776 -16.0921
0.847139 -16.0809
0.830501 -16.048
0.813863 -16.0171
0.797226 -15.9862
0.780588 -15.9626
0.76395 -15.9454
0.747313 -15.935
0.730675 -15.9428
0.714037 -15.9459
0.6974 -15.949
0.680762 -15.9679
0.664124 -15.9934
0.647487 -16.0388
0.630849 -16.0519
0.614212 -16.0957
0.597574 -16.1368
0.580936 -16.2064
0.564299 -16.2559
0.547661 -16.3148
0.531023 -16.339
0.514386 -16.3708
0.497748 -16.4036
0.48111 -16.4458
0.464473 -16.4998
0.447835 -16.5127
0.431197 -16.5522
0.41456 -16.6018
0.397922 -16.6457
0.381285 -16.697
0.364647 -16.7611
0.348009 -16.7953
0.331371 -16.8198
0.314734 -16.8085
0.298096 -16.8185
0.281459 -16.8229
0.264821 -16.8311
0.248183 -16.8344
0.231546 -16.8292
0.214908 -16.842
0.19827 -16.8573
0.181633 -16.8801
0.164995 -16.8921
0.148357 -16.916
0.13172 -16.9225
0.115082 -16.92
0.0984445 -16.9378
0.0818068 -16.935
0.0651692 -16.961
0.0485315 -16.9558
0.0318939 -16.9493
0.0152563 -16.9488
-0.00138139 -16.9345
-0.018019 -16.9504
-0.0346567 -16.9301
-0.0512943 -16.9598
-0.067932 -16.9403
-0.0845696 -16.9485
-0.101207 -16.9397
-0.117845 -17.0264
-0.134483 -17.576
-0.15112 -17.0663
