3.16495 0.171261
3.14825 -0.47917
3.13153 -0.465245
3.11483 -0.182162
3.09811 -0.197017
3.0814 -0.0540005
3.06469 -0.0315718
3.04798 -0.0272726
3.03127 -0.0180416
3.01456 -0.0054031
2.99785 0
2.98114 -0.0175613
2.96443 -0.0141488
2.94772 -0.0199642
2.93101 -0.0206962
2.9143 -0.0043091
2.89759 -0.0028744
2.88088 -0.0214168
2.86417 -0.0389208
2.84746 -0.0606092
2.83075 -0.0471769
2.81404 -0.0448295
2.79733 -0.0248541
2.78062 -0.0251689
2.76391 -0.023126
2.7472 -0.0281495
2.73049 0.007818
2.71378 0.0052072
2.69707 0.0297724
2.68036 0.0318475
2.66365 0.0517925
2.64694 0.0648791
2.63023 0.114015
2.61352 0.166164
2.59681 0.211825
2.5801 0.274123
2.56339 0.296025
2.54668 0.346496
2.52997 0.392824
2.51326 0.453588
2.49655 0.49516
2.47984 0.539112
2.46313 0.595496
2.44642 0.664452
2.42971 0.770583
2.413 0.882473
2.39629 0.983733
2.37958 1.06578
2.36287 1.1401
2.34616 1.22692
2.32945 1.3147
2.31274 1.39558
2.29603 1.47162
2.27932 1.54832
2.26261 1.59452
2.2459 1.65574
2.22919 1.71518
2.21248 1.79583
2.19577 1.86055
2.17906 1.90016
2.16235 1.95338
2.14564 1.99115
2.12893 2.03372
2.11222 2.07375
2.09551 2.11428
2.0788 2.1325
2.06209 2.14252
2.04538 2.16034
2.02867 2.18342
2.01196 2.21194
1.99525 2.21734
1.97854 2.20793
1.96183 2.21505
1.94512 2.22843
1.92841 2.26774
1.9117 2.28408
1.89499 2.32191
1.87828 2.33315
1.86157 2.3253
1.84486 2.356
1.82815 2.40301
1.81144 2.44061
1.79473 2.49023
1.77802 2.53254
1.76131 2.57471
1.7446 2.61623
1.72789 2.65138
1.71118 2.67611
1.69447 2.71731
1.67776 2.72928
1.66105 2.76052
1.64434 2.82182
1.62763 2.9395
1.61092 3.07058
1.59421 3.16964
1.5775 3.27826
1.56079 3.38255
1.54408 3.51945
1.52737 3.67195
1.51066 3.86025
1.49395 4.04386
1.47724 4.2391
1.46053 4.43197
1.44382 4.62807
1.42711 4.8322
1.41039 5.05661
1.39368 5.26712
1.37697 5.48204
1.36026 5.68108
1.34355 5.91187
1.32684 6.17482
1.31013 6.45209
1.29342 6.72952
1.27671 7.02151
1.26 7.32997
1.24329 7.66514
1.22658 8.01926
1.20987 8.38304
1.19316 8.72492
1.17645 9.08966
1.15974 9.41726
1.14303 9.75524
1.12632 10.0782
1.10961 10.4112
1.0929 10.7482
1.07619 11.0833
1.05948 11.4512
1.04277 11.8387
1.02606 12.2262
1.00935 12.6116
0.992642 13.0174
0.975932 13.4116
0.959222 13.8173
0.942512 14.2569
0.925802 14.6729
0.909091 15.104
0.892381 15.5055
0.875671 15.9102
0.858961 16.302
0.842251 16.7206
0.825541 17.1504
0.808831 17.6115
0.792121 18.0785
0.775411 18.5131
0.7587 18.9399
0.74199 19.3066
0.72528 19.6644
0.70857 20.0103
0.69186 20.3449
0.67515 20.6633
0.65844 20.9552
0.64173 21.2287
0.62502 21.5104
0.60831 21.814
0.591599 22.1271
0.574889 22.4346
0.558179 22.7261
0.541469 22.9885
0.524759 23.193
0.508049 23.3625
0.491339 23.4978
0.474629 23.6062
0.457919 23.6897
0.441209 23.792
0.424499 23.8741
0.407788 23.9408
0.391078 23.9828
0.374368 24.0133
0.357658 24.0251
0.340948 24.0433
0.324238 24.0405
0.307528 24.0215
0.290818 24.0051
0.274108 23.9969
0.257398 23.9693
0.240687 23.9671
0.223977 23.9684
0.207267 23.9625
0.190557 23.9518
0.173847 23.961
0.157137 23.9433
0.140427 23.9294
0.123717 23.9459
0.107007 23.9511
0.0902965 23.9527
0.0735864 23.9336
0.0568763 23.9168
0.0401662 23.9127
0.0234561 23.9197
0.00674596 23.9023
-0.00996414 23.8958
-0.0266742 23.8738
-0.0433843 23.8529
-0.0600944 23.8209
-0.0768045 23.7836
-0.0935146 23.898
-0.110225 23.8069
-0.126935 23.9651
-0.143645 23.3636
-0.160355 21.9955
