3.14635 0.309997
3.12974 -0.209766
3.11313 -0.258868
3.09652 -0.14663
3.07991 -0.130297
3.0633 -0.0521983
3.04669 -0.0094117
3.03008 -0.0162209
3.01347 -0.00791
2.99686 0
2.98025 -0.0146125
2.96364 -0.0249596
2.94702 -0.0337669
2.93041 -0.0057176
2.9138 0.0071993
2.89719 0.0139249
2.88058 0.0017577
2.86397 0.0023994
2.84736 0.0064048
2.83075 0.0286058
2.81414 0.070241
2.79753 0.0886453
2.78091 0.100599
2.7643 0.1027
2.74769 0.130005
2.73108 0.163239
2.71447 0.231685
2.69786 0.273593
2.68125 0.308808
2.66464 0.358265
2.64803 0.39458
2.63142 0.439709
2.61481 0.502232
2.5982 0.524469
2.58159 0.572326
2.56497 0.60569
2.54836 0.671802
2.53175 0.763893
2.51514 0.835973
2.49853 0.907104
2.48192 0.987821
2.46531 1.04292
2.4487 1.10954
2.43209 1.23084
2.41548 1.35229
2.39886 1.46229
2.38225 1.56884
2.36564 1.66045
2.34903 1.75125
2.33242 1.86365
2.31581 2.01986
2.2992 2.14035
2.28259 2.2485
2.26598 2.3467
2.24937 2.45009
2.23276 2.55599
2.21615 2.65856
2.19953 2.7576
2.18292 2.80816
2.16631 2.86753
2.1497 2.91923
2.13309 2.96691
2.11648 3.0228
2.09987 3.0466
2.08326 3.04122
2.06665 3.01882
2.05004 2.98123
2.03343 2.94999
2.01681 2.93747
2.0002 2.92905
1.98359 2.87884
1.96698 2.80451
1.95037 2.72451
1.93376 2.67001
1.91715 2.62291
1.90054 2.56129
1.88393 2.51382
1.86732 2.45079
1.85071 2.38729
1.8341 2.3156
1.81748 2.23726
1.80087 2.15171
1.78426 2.06777
1.76765 1.97998
1.75104 1.88083
1.73443 1.85938
1.71782 1.82697
1.70121 1.78507
1.6846 1.73428
1.66799 1.71091
1.65138 1.63396
1.63476 1.61914
1.61815 1.59795
1.60154 1.58078
1.58493 1.56695
1.56832 1.53951
1.55171 1.5597
1.5351 1.58554
1.51849 1.63954
1.50188 1.6864
1.48527 1.73899
1.46866 1.80627
1.45205 1.8707
1.43543 1.97133
1.41882 2.06128
1.40221 2.15984
1.3856 2.26439
1.36899 2.35599
1.35238 2.4795
1.33577 2.62723
1.31916 2.83191
1.30255 3.02455
1.28594 3.20966
1.26933 3.41905
1.25271 3.61292
1.2361 3.83795
1.21949 4.04148
1.20288 4.25925
1.18627 4.47996
1.16966 4.71237
1.15305 4.98518
1.13644 5.24639
1.11983 5.52834
1.10322 5.80099
1.08661 6.10168
1.07 6.42409
1.05338 6.72929
1.03677 7.06679
1.02016 7.447
1.00355 7.78863
0.98694 8.15939
0.970329 8.53006
0.953718 8.91794
0.937107 9.35744
0.920497 9.79546
0.903886 10.2363
0.887275 10.6466
0.870664 11.0836
0.854053 11.4883
0.837442 11.8924
0.820831 12.3117
0.804221 12.7232
0.78761 13.1375
0.770999 13.5457
0.754388 13.9633
0.737777 14.3957
0.721166 14.8477
0.704555 15.2986
0.687944 15.728
0.671333 16.1607
0.654723 16.6004
0.638112 17.0565
0.621501 17.5377
0.60489 17.9683
0.588279 18.4095
0.571668 18.8304
0.555057 19.2814
0.538446 19.7129
0.521836 20.1643
0.505225 20.5845
0.488614 20.9878
0.472003 21.3472
0.455392 21.5994
0.438781 21.6868
0.42217 21.7161
0.405559 21.7404
0.388948 21.7449
0.372338 21.7687
0.355727 21.7769
0.339116 21.8569
0.322505 21.8921
0.305894 21.9859
0.289283 22.011
0.272672 22.0394
0.256061 22.0648
0.239451 22.1287
0.22284 22.1458
0.206229 22.1642
0.189618 22.206
0.173007 22.223
0.156396 22.2156
0.139785 22.2565
0.123174 22.2934
0.106564 22.3143
0.0899526 22.335
0.0733418 22.3268
0.0567309 22.367
0.04012 22.3729
0.0235091 22.3792
0.00689825 22.4042
-0.00971263 22.4005
-0.0263235 22.3824
-0.0429344 22.3651
-0.0595453 22.3314
-0.0761562 22.3126
-0.092767 22.3746
-0.109378 22.1898
-0.125989 22.0605
-0.1426 22.4235
-0.159211 21.8811
