3.16332 -0.04138
3.14661 -0.112189
3.1299 -0.30735
3.11319 -0.112187
3.09648 -0.208399
3.07977 -0.041619
3.06306 -0.0798085
3.04635 -0.0601132
3.02964 -0.0167927
3.01293 -0.0120417
2.99622 0
2.97951 0.00356416
2.9628 -0.0297921
2.94609 -0.0193179
2.92938 0.00527509
2.91267 0.0059084
2.89596 0.0257648
2.87925 0.0361809
2.86254 0.0497558
2.84583 0.0248324
2.82912 0.0764627
2.81241 0.0917981
2.79569 0.11447
2.77899 0.0916874
2.76227 0.109438
2.74556 0.127083
2.72885 0.160526
2.71214 0.207455
2.69543 0.226778
2.67872 0.262683
2.66201 0.277508
2.6453 0.316938
2.62859 0.367115
2.61188 0.391054
2.59517 0.426762
2.57846 0.458915
2.56175 0.497981
2.54504 0.553979
2.52833 0.622523
2.51162 0.704129
2.49491 0.779008
2.4782 0.853158
2.46149 0.894847
2.44478 0.93645
2.42807 1.02331
2.41135 1.10714
2.39464 1.19979
2.37793 1.26565
2.36122 1.33123
2.34451 1.40699
2.3278 1.47293
2.31109 1.59869
2.29438 1.70984
2.27767 1.81423
2.26096 1.87499
2.24425 1.89113
2.22754 1.8244
2.21083 1.76602
2.19412 1.69212
2.17741 1.58107
2.1607 1.51699
2.14399 1.38962
2.12728 1.263
2.11057 1.09375
2.09386 0.923356
2.07715 0.745793
2.06044 0.582347
2.04372 0.452384
2.02702 0.40775
2.0103 0.385298
1.99359 0.334369
1.97688 0.268215
1.96017 0.210291
1.94346 0.138968
1.92675 0.0783835
1.91004 0.0295016
1.89333 -0.0369005
1.87662 -0.0924735
1.85991 -0.181885
1.8432 -0.21705
1.82649 -0.219741
1.80978 -0.200988
1.79307 -0.167043
1.77636 -0.171337
1.75965 -0.153696
1.74294 -0.171768
1.72623 -0.205299
1.70952 -0.265218
1.69281 -0.287152
1.67609 -0.321452
1.65939 -0.324391
1.64267 -0.312353
1.62596 -0.24749
1.60925 -0.159812
1.59254 -0.0784033
1.57583 -0.0138562
1.55912 0.0611174
1.54241 0.146223
1.5257 0.214564
1.50899 0.282588
1.49228 0.344818
1.47557 0.389774
1.45886 0.448802
1.44215 0.595782
1.42544 0.776903
1.40873 0.967973
1.39202 1.16532
1.37531 1.37497
1.3586 1.5681
1.34189 1.75385
1.32518 1.93883
1.30846 2.15139
1.29175 2.36763
1.27504 2.58843
1.25833 2.83571
1.24162 3.11661
1.22491 3.362
1.2082 3.62595
1.19149 3.85282
1.17478 4.09126
1.15807 4.35817
1.14136 4.65127
1.12465 4.99743
1.10794 5.34144
1.09123 5.69073
1.07452 6.03654
1.05781 6.39831
1.0411 6.76247
1.02439 7.19426
1.00768 7.58803
0.990967 7.99022
0.974256 8.43924
0.957546 8.87882
0.940836 9.2922
0.924125 9.69876
0.907415 10.086
0.890704 10.4943
0.873994 10.8701
0.857283 11.2645
0.840573 11.6731
0.823863 12.0476
0.807152 12.4514
0.790442 12.8155
0.773731 13.2104
0.757021 13.6538
0.74031 14.1168
0.7236 14.6147
0.706889 15.1056
0.690179 15.5796
0.673469 16.021
0.656758 16.4136
0.640048 16.7323
0.623337 16.9999
0.606627 17.2348
0.589916 17.4204
0.573206 17.5886
0.556495 17.7166
0.539785 17.8595
0.523074 17.9686
0.506364 18.0982
0.489654 18.1533
0.472943 18.2183
0.456233 18.2432
0.439522 18.2406
0.422812 18.2531
0.406101 18.2641
0.389391 18.2681
0.372681 18.2523
0.35597 18.2425
0.33926 18.2475
0.322549 18.2569
0.305839 18.2467
0.289128 18.2432
0.272418 18.2277
0.255707 18.2146
0.238997 18.2163
0.222286 18.2044
0.205576 18.2006
0.188866 18.1972
0.172155 18.1871
0.155445 18.1885
0.138734 18.194
0.122024 18.1953
0.105313 18.19
0.0886029 18.1852
0.0718925 18.1598
0.055182 18.1395
0.0384716 18.1371
0.0217611 18.1537
0.0050507 18.1768
-0.0116597 18.1822
-0.0283702 18.1682
-0.0450806 18.177
-0.0617911 18.1793
-0.0785015 18.163
-0.095212 18.2139
-0.111922 18.1758
-0.128633 18.0382
-0.145343 18.5578
-0.162054 16.7699
