3.15578 -0.739368
3.13909 0.137325
3.12241 -0.197187
3.10572 -0.206151
3.08904 -0.114317
3.07235 -0.0358765
3.05567 -0.0581111
3.03899 -0.0249592
3.0223 -0.0005992
3.00562 0
2.98893 -0.0052438
2.97225 -0.0237487
2.95556 -0.0335996
2.93888 -0.0280015
2.92219 -0.0154389
2.90551 0.0034186
2.88883 0.0134572
2.87214 0.01163
2.85546 -0.0079969
2.83877 0.0265353
2.82209 0.0404335
2.8054 0.0706671
2.78872 0.114092
2.77203 0.120171
2.75535 0.158862
2.73867 0.180815
2.72198 0.2296
2.7053 0.259725
2.68861 0.305103
2.67193 0.334381
2.65524 0.359538
2.63856 0.432433
2.62187 0.523148
2.60519 0.574583
2.58851 0.639146
2.57182 0.687998
2.55514 0.758079
2.53845 0.845898
2.52177 0.923576
2.50508 1.04336
2.4884 1.13501
2.47171 1.25697
2.45503 1.34297
2.43834 1.42244
2.42166 1.54031
2.40497 1.65082
2.38829 1.76195
2.37161 1.85384
2.35492 1.94042
2.33824 2.05509
2.32155 2.19974
2.30487 2.28988
2.28818 2.39943
2.2715 2.4531
2.25481 2.54338
2.23813 2.64262
2.22145 2.78253
2.20476 2.92691
2.18808 3.00721
2.17139 3.08451
2.15471 3.11682
2.13802 3.13452
2.12134 3.14087
2.10465 3.11243
2.08797 3.04806
2.07129 2.94516
2.0546 2.82902
2.03792 2.67898
2.02123 2.49658
2.00455 2.33545
1.98786 2.1486
1.97118 1.95003
1.95449 1.75744
1.93781 1.56414
1.92112 1.36452
1.90444 1.20263
1.88776 1.02584
1.87107 0.880756
1.85439 0.744793
1.8377 0.617831
1.82102 0.4938
1.80433 0.372457
1.78765 0.24025
1.77096 0.122644
1.75428 0.0039498
1.7376 -0.0587187
1.72091 -0.152469
1.70423 -0.222532
1.68754 -0.331967
1.67086 -0.446254
1.65417 -0.540976
1.63749 -0.591861
1.6208 -0.608704
1.60412 -0.634581
1.58743 -0.636572
1.57075 -0.649653
1.55407 -0.661665
1.53738 -0.6592
1.5207 -0.641086
1.50401 -0.601806
1.48733 -0.548981
1.47064 -0.506374
1.45396 -0.468223
1.43727 -0.368008
1.42059 -0.265341
1.4039 -0.133834
1.38722 -0.0016503
1.37054 0.152509
1.35385 0.297858
1.33717 0.405729
1.32048 0.532374
1.3038 0.655051
1.28711 0.801913
1.27043 0.908968
1.25375 1.08438
1.23706 1.28455
1.22038 1.53113
1.20369 1.80417
1.18701 2.08565
1.17032 2.3391
1.15364 2.61463
1.13695 2.87202
1.12027 3.10205
1.10358 3.37422
1.0869 3.6383
1.07021 3.9309
1.05353 4.21708
1.03685 4.52188
1.02016 4.81872
1.00348 5.14384
0.986793 5.46903
0.970108 5.81711
0.953424 6.17714
0.936739 6.59054
0.920055 6.99256
0.90337 7.3981
0.886686 7.79538
0.870001 8.21888
0.853317 8.64992
0.836632 9.07158
0.819948 9.48767
0.803263 9.92108
0.786579 10.336
0.769894 10.7883
0.75321 11.1996
0.736525 11.6403
0.719841 12.0749
0.703156 12.4886
0.686472 12.9135
0.669787 13.3437
0.653103 13.7951
0.636418 14.2754
0.619734 14.7631
0.603049 15.2353
0.586365 15.7064
0.56968 16.1222
0.552996 16.4776
0.536311 16.7287
0.519627 16.9385
0.502942 17.1073
0.486258 17.2087
0.469573 17.291
0.452889 17.432
0.436204 17.6682
0.41952 17.9161
0.402835 18.1478
0.386151 18.3281
0.369466 18.4963
0.352782 18.6578
0.336097 18.8253
0.319413 18.9918
0.302728 19.0912
0.286044 19.1713
0.269359 19.2584
0.252675 19.2791
0.23599 19.3067
0.219306 19.3178
0.202621 19.3273
0.185937 19.3154
0.169252 19.3388
0.152568 19.3283
0.135883 19.3313
0.119199 19.3642
0.102514 19.342
0.0858297 19.341
0.0691452 19.3165
0.0524607 19.2984
0.0357762 19.2867
0.0190917 19.2874
0.00240721 19.295
-0.0142773 19.2825
-0.0309618 19.3034
-0.0476463 19.285
-0.0643308 19.2424
-0.0810153 19.2485
-0.0976998 19.1373
-0.114384 19.3606
-0.131069 18.927
-0.147753 20.1351
-0.164438 17.5802
