3.15335 -0.911286
3.13683 0.0471498
3.12031 0.163604
3.10379 0.0876473
3.08727 0.176803
3.07075 0.156572
3.05423 0.119597
3.0377 0.112236
3.02119 0.0621757
3.00466 0
2.98814 -0.067768
2.97162 -0.137842
2.9551 -0.252525
2.93858 -0.334578
2.92206 -0.432284
2.90554 -0.498822
2.88902 -0.595067
2.8725 -0.710351
2.85598 -0.83554
2.83946 -0.943828
2.82294 -1.10518
2.80642 -1.26624
2.7899 -1.42729
2.77338 -1.60694
2.75685 -1.83084
2.74033 -2.0133
2.72381 -2.21346
2.70729 -2.3887
2.69077 -2.55638
2.67425 -2.77684
2.65773 -2.99733
2.64121 -3.25864
2.62469 -3.45105
2.60817 -3.6329
2.59165 -3.8069
2.57513 -3.99736
2.55861 -4.1878
2.54209 -4.38228
2.52557 -4.54999
2.50904 -4.71635
2.49253 -4.91342
2.476 -5.13352
2.45948 -5.35717
2.44296 -5.57145
2.42644 -5.71627
2.40992 -5.77882
2.3934 -5.86971
2.37688 -5.96055
2.36036 -6.17718
2.34384 -6.39186
2.32732 -6.64211
2.3108 -6.87632
2.29428 -7.10353
2.27776 -7.33135
2.26124 -7.58765
2.24472 -7.81846
2.22819 -8.02836
2.21167 -8.20063
2.19515 -8.38955
2.17863 -8.5929
2.16211 -8.79768
2.14559 -9.01698
2.12907 -9.15619
2.11255 -9.28825
2.09603 -9.44644
2.07951 -9.57594
2.06299 -9.77439
2.04647 -9.93748
2.02995 -10.0951
2.01343 -10.1981
1.99691 -10.2863
1.98039 -10.3489
1.96386 -10.4467
1.94734 -10.5395
1.93082 -10.6311
1.9143 -10.7278
1.89778 -10.8154
1.88126 -10.8954
1.86474 -10.9471
1.84822 -11.0202
1.8317 -11.0443
1.81518 -10.9998
1.79866 -10.9852
1.78214 -10.923
1.76562 -10.8877
1.7491 -10.8655
1.73258 -10.8013
1.71606 -10.7496
1.69954 -10.6615
1.68301 -10.5793
1.66649 -10.5081
1.64997 -10.3763
1.63345 -10.3116
1.61693 -10.1752
1.60041 -10.0446
1.58389 -9.88821
1.56737 -9.70897
1.55085 -9.4842
1.53433 -9.24995
1.51781 -8.98838
1.50129 -8.71356
1.48477 -8.4373
1.46825 -8.19663
1.45173 -7.97835
1.43521 -7.70604
1.41868 -7.43385
1.40216 -7.14903
1.38564 -6.86019
1.36912 -6.62547
1.3526 -6.35697
1.33608 -6.05352
1.31956 -5.71351
1.30304 -5.36575
1.28652 -4.96776
1.27 -4.5892
1.25348 -4.15292
1.23696 -3.73212
1.22044 -3.33325
1.20392 -2.92159
1.1874 -2.53447
1.17088 -2.14352
1.15436 -1.75911
1.13783 -1.35587
1.12131 -0.94371
1.10479 -0.52825
1.08827 -0.108061
1.07175 0.326126
1.05523 0.841705
1.03871 1.43934
1.02219 2.05173
1.00567 2.66388
0.989148 3.26058
0.972628 3.90885
0.956107 4.53718
0.939587 5.17267
0.923066 5.82759
0.906545 6.48877
0.890025 7.14446
0.873504 7.81434
0.856984 8.48367
0.840463 9.15681
0.823942 9.8793
0.807422 10.5976
0.790901 11.3428
0.77438 12.1252
0.75786 12.9298
0.741339 13.8212
0.724819 14.6469
0.708298 15.5268
0.691777 16.3677
0.675257 17.1683
0.658736 17.9053
0.642215 18.6595
0.625695 19.4086
0.609174 20.1883
0.592654 20.9852
0.576133 21.7803
0.559612 22.6167
0.543092 23.5128
0.526571 24.4575
0.51005 25.4478
0.49353 26.3958
0.477009 27.3222
0.460489 28.2093
0.443968 29.1522
0.427447 30.0488
0.410927 30.9631
0.394406 31.9208
0.377885 32.8449
0.361365 33.7451
0.344844 34.6651
0.328324 35.6616
0.311803 36.692
0.295282 37.7252
0.278762 38.7586
0.262241 39.6422
0.245721 40.4836
0.2292 41.3238
0.212679 42.1562
0.196159 43.0152
0.179638 43.871
0.163117 44.7651
0.146597 45.7227
0.130076 46.7469
0.113556 47.7881
0.097035 48.8056
0.0805144 49.833
0.0639938 50.8889
0.0474731 51.9346
0.0309525 53.0522
0.0144319 54.1683
-0.00208873 55.2888
-0.0186093 56.4615
-0.03513 57.5842
-0.0516506 58.6741
-0.0681712 59.8095
-0.0846918 60.774
-0.101212 61.9907
-0.117733 62.6558
-0.134254 61.8997
