3.14763 1.02897
3.13122 -0.081676
3.11482 -0.140673
3.09841 0.015026
3.08201 -0.052733
3.0656 -0.031044
3.0492 -0.005592
3.03279 -0.011072
3.01639 0.00098
2.99998 0
2.98358 0.01368
2.96717 -0.006964
2.95076 -0.017575
2.93436 0.0333783
2.91795 0.016663
2.90155 0.024096
2.88514 0.0318005
2.86874 0.001316
2.85233 -0.022424
2.83593 -0.010453
2.81952 -0.022223
2.80312 -0.025371
2.78671 -0.058347
2.77031 -0.08919
2.7539 -0.096559
2.7375 -0.124651
2.72109 -0.156954
2.70469 -0.21092
2.68828 -0.296528
2.67187 -0.374347
2.65547 -0.45506
2.63906 -0.513047
2.62266 -0.571088
2.60625 -0.631597
2.58985 -0.715223
2.57344 -0.775101
2.55704 -0.883901
2.54063 -0.966555
2.52423 -1.11963
2.50782 -1.29337
2.49142 -1.46827
2.47501 -1.69718
2.45861 -1.94399
2.4422 -2.17807
2.42579 -2.33742
2.40939 -2.47444
2.39298 -2.61319
2.37658 -2.7695
2.36017 -2.91952
2.34377 -3.04485
2.32736 -3.1496
2.31096 -3.26539
2.29455 -3.35512
2.27815 -3.48388
2.26174 -3.62228
2.24534 -3.79199
2.22893 -3.93837
2.21253 -4.08563
2.19612 -4.26713
2.17972 -4.4925
2.16331 -4.71783
2.14691 -4.95548
2.1305 -5.21532
2.11409 -5.50599
2.09769 -5.82338
2.08128 -6.10326
2.06488 -6.36109
2.04847 -6.64451
2.03207 -6.98914
2.01566 -7.35551
1.99926 -7.69352
1.98285 -8.0064
1.96645 -8.32479
1.95004 -8.64087
1.93364 -8.8958
1.91723 -9.16414
1.90083 -9.3483
1.88442 -9.58414
1.86802 -9.79041
1.85161 -10.0224
1.8352 -10.248
1.8188 -10.4549
1.80239 -10.6682
1.78599 -10.8666
1.76958 -11.0739
1.75318 -11.2905
1.73677 -11.5177
1.72037 -11.6911
1.70396 -11.8308
1.68756 -11.9604
1.67115 -12.0611
1.65475 -12.1535
1.63834 -12.2043
1.62194 -12.2777
1.60553 -12.3547
1.58913 -12.408
1.57272 -12.4668
1.55632 -12.4832
1.53991 -12.4199
1.52351 -12.3029
1.5071 -12.1973
1.4907 -12.097
1.47429 -11.9805
1.45788 -11.837
1.44148 -11.7023
1.42507 -11.5571
1.40867 -11.4021
1.39226 -11.2379
1.37586 -11.0484
1.35945 -10.8411
1.34305 -10.6323
1.32664 -10.4186
1.31024 -10.2186
1.29383 -9.99064
1.27743 -9.73045
1.26102 -9.50032
1.24462 -9.25859
1.22821 -8.97074
1.21181 -8.65572
1.1954 -8.33655
1.17899 -8.03961
1.16259 -7.71631
1.14618 -7.33584
1.12978 -6.95739
1.11337 -6.50141
1.09697 -6.07248
1.08056 -5.65253
1.06416 -5.23302
1.04775 -4.88862
1.03135 -4.53132
1.01494 -4.14499
0.998536 -3.70484
0.982131 -3.27422
0.965726 -2.76981
0.94932 -2.19235
0.932915 -1.5579
0.91651 -0.912093
0.900105 -0.257033
0.883699 0.418649
0.867294 1.07405
0.850889 1.76385
0.834484 2.47865
0.818078 3.18919
0.801673 3.95799
0.785268 4.70638
0.768862 5.46154
0.752457 6.16031
0.736052 6.86609
0.719647 7.588
0.703241 8.28904
0.686836 9.03067
0.670431 9.77357
0.654026 10.5327
0.63762 11.3505
0.621215 12.1655
0.60481 12.9965
0.588404 13.8221
0.571999 14.6519
0.555594 15.5503
0.539189 16.4954
0.522783 17.4352
0.506378 18.3793
0.489973 19.3088
0.473567 20.2358
0.457162 21.1302
0.440757 22.0912
0.424352 23.0204
0.407946 24.0021
0.391541 24.9431
0.375136 25.907
0.358731 26.9079
0.342325 27.8765
0.32592 28.8822
0.309515 29.8746
0.293109 30.91
0.276704 31.961
0.260299 32.9716
0.243894 33.9963
0.227488 35.0233
0.211083 36.0532
0.194678 37.0635
0.178273 38.0804
0.161867 39.1075
0.145462 40.1528
0.129057 41.2007
0.112651 42.2138
0.0962461 43.2344
0.0798409 44.3002
0.0634356 45.4458
0.0470303 46.6006
0.030625 47.7388
0.0142198 48.9123
-0.00218551 50.056
-0.0185908 51.2147
-0.0349961 52.36
-0.0514013 53.5004
-0.0678066 54.6955
-0.0842119 55.8027
-0.100617 56.5712
-0.117022 59.4055
