3.17162 29.9099
3.15489 31.6968
3.13816 30.8022
3.12143 31.2787
3.10471 31.35
3.08798 31.3839
3.07125 31.3309
3.05452 31.3059
3.03779 31.3284
3.02107 31.3113
3.00434 31.3
2.98761 31.2606
2.97088 31.1935
2.95416 31.1356
2.93743 31.0839
2.9207 31.0324
2.90397 30.9791
2.88725 30.8896
2.87052 30.7977
2.85379 30.7014
2.83706 30.6355
2.82033 30.5877
2.80361 30.5165
2.78688 30.4167
2.77015 30.2889
2.75342 30.1549
2.7367 30.0376
2.71997 29.912
2.70324 29.7777
2.68651 29.6617
2.66978 29.5455
2.65306 29.3944
2.63633 29.2787
2.6196 29.1815
2.60287 29.0657
2.58615 28.9439
2.56942 28.8163
2.55269 28.6664
2.53596 28.5401
2.51924 28.4775
2.50251 28.4033
2.48578 28.3637
2.46905 28.2876
2.45232 28.2206
2.4356 28.1395
2.41887 28.0668
2.40214 27.9813
2.38541 27.8916
2.36869 27.7674
2.35196 27.6662
2.33523 27.6406
2.3185 27.667
2.30177 27.6976
2.28505 27.6764
2.26832 27.6302
2.25159 27.5708
2.23486 27.5771
2.21814 27.6353
2.20141 27.6765
2.18468 27.7055
2.16795 27.6842
2.15123 27.6439
2.1345 27.5556
2.11777 27.4534
2.10104 27.3911
2.08431 27.334
2.06759 27.3088
2.05086 27.3125
2.03413 27.4097
2.0174 27.5397
2.00068 27.6923
1.98395 27.8399
1.96722 27.9765
1.95049 28.1021
1.93376 28.1779
1.91704 28.2597
1.90031 28.3536
1.88358 28.4256
1.86685 28.5208
1.85013 28.634
1.8334 28.7873
1.81667 28.9888
1.79994 29.1611
1.78321 29.3263
1.76649 29.5171
1.74976 29.6518
1.73303 29.7479
1.7163 29.8175
1.69958 29.9006
1.68285 29.9925
1.66612 30.0978
1.64939 30.2528
1.63267 30.4483
1.61594 30.6619
1.59921 30.8937
1.58248 31.1081
1.56575 31.3004
1.54903 31.501
1.5323 31.7802
1.51557 32.0481
1.49884 32.3159
1.48212 32.6025
1.46539 32.8956
1.44866 33.1902
1.43193 33.4811
1.4152 33.8066
1.39848 34.1124
1.38175 34.4223
1.36502 34.7437
1.34829 35.1079
1.33157 35.4869
1.31484 35.9017
1.29811 36.3199
1.28138 36.7486
1.26466 37.1722
1.24793 37.6268
1.2312 38.1126
1.21447 38.6224
1.19774 39.1128
1.18102 39.5822
1.16429 40.1021
1.14756 40.7016
1.13083 41.3712
1.1141 42.0728
1.09738 42.7769
1.08065 43.4948
1.06392 44.1099
1.04719 44.6088
1.03047 45.0466
1.01374 45.5466
0.997011 46.0328
0.980283 46.5384
0.963556 47.1025
0.946828 47.7367
0.9301 48.3933
0.913373 49.0426
0.896645 49.7101
0.879917 50.3729
0.863189 51.0785
0.846462 51.7699
0.829734 52.526
0.813006 53.2782
0.796278 54.0282
0.779551 54.7796
0.762823 55.4915
0.746095 56.1804
0.729367 56.8863
0.71264 57.5975
0.695912 58.3047
0.679184 59.0026
0.662457 59.7507
0.645729 60.5447
0.629001 61.3903
0.612273 62.2368
0.595546 63.0887
0.578818 63.8906
0.56209 64.6721
0.545362 65.4127
0.528635 66.1591
0.511907 66.8886
0.495179 67.6077
0.478451 68.3163
0.461724 69.104
0.444996 69.9638
0.428268 70.8751
0.411541 71.7879
0.394813 72.7034
0.378085 73.6172
0.361357 74.4512
0.34463 75.2285
0.327902 75.9851
0.311174 76.7347
0.294446 77.4645
0.277719 78.2232
0.260991 79.0531
0.244263 79.9331
0.227536 80.8557
0.210808 81.7752
0.19408 82.6951
0.177352 83.602
0.160625 84.4564
0.143897 85.2689
0.127169 86.0515
0.110441 86.8036
0.0937137 87.5672
0.076986 88.287
0.0602583 88.8328
0.0435306 89.1366
0.0268028 89.2927
0.0100751 89.4074
-0.00665265 89.491
-0.0233804 89.558
-0.0401081 89.5886
-0.0568358 89.5883
-0.0735636 89.5785
-0.0902913 89.5352
-0.107019 89.4047
-0.123747 89.3818
-0.140475 89.7339
-0.157202 89.5567
