3.16238 29.4266
3.14547 30.1378
3.12857 30.795
3.11167 30.9052
3.09477 31.3045
3.07786 31.3309
3.06096 31.3394
3.04406 31.3725
3.02715 31.3835
3.01025 31.3357
2.99335 31.3
2.97644 31.2629
2.95954 31.2098
2.94264 31.1583
2.92573 31.1146
2.90883 31.0461
2.89193 30.9924
2.87502 30.905
2.85812 30.8113
2.84122 30.7397
2.82431 30.707
2.80741 30.6724
2.79051 30.6297
2.77361 30.5712
2.7567 30.5264
2.7398 30.4589
2.7229 30.3677
2.70599 30.2878
2.68909 30.179
2.67219 30.0791
2.65528 29.9753
2.63838 29.8527
2.62148 29.7621
2.60457 29.6906
2.58767 29.5728
2.57077 29.4384
2.55386 29.2886
2.53696 29.1079
2.52006 28.9627
2.50316 28.8019
2.48625 28.6179
2.46935 28.4382
2.45244 28.2686
2.43554 28.1578
2.41864 28.0701
2.40174 27.9912
2.38483 27.9282
2.36793 27.8106
2.35103 27.7055
2.33412 27.6055
2.31722 27.5102
2.30032 27.4368
2.28341 27.3385
2.26651 27.2231
2.24961 27.1447
2.2327 27.1044
2.2158 27.1193
2.1989 27.1116
2.182 27.1089
2.16509 27.1024
2.14819 27.0583
2.13129 27.0524
2.11438 27.0945
2.09748 27.1501
2.08058 27.1951
2.06367 27.2211
2.04677 27.1493
2.02987 27.0136
2.01296 26.9035
1.99606 26.7878
1.97916 26.7039
1.96225 26.5999
1.94535 26.5341
1.92845 26.4942
1.91154 26.4906
1.89464 26.5097
1.87774 26.5626
1.86084 26.6028
1.84393 26.587
1.82703 26.4969
1.81012 26.3865
1.79322 26.3013
1.77632 26.1755
1.75942 26.0674
1.74251 26.0231
1.72561 26.0684
1.70871 26.1236
1.6918 26.1526
1.6749 26.1537
1.658 26.1547
1.64109 26.1879
1.62419 26.2952
1.60729 26.4301
1.59038 26.5787
1.57348 26.7411
1.55658 26.8968
1.53967 27.0782
1.52277 27.306
1.50587 27.5056
1.48897 27.7252
1.47206 27.9127
1.45516 28.0662
1.43826 28.3006
1.42135 28.5799
1.40445 28.9229
1.38755 29.291
1.37064 29.652
1.35374 29.9572
1.33684 30.2362
1.31993 30.495
1.30303 30.8068
1.28613 31.1287
1.26922 31.4966
1.25232 31.878
1.23542 32.2999
1.21851 32.7283
1.20161 33.1824
1.18471 33.6839
1.1678 34.1573
1.1509 34.6277
1.134 35.0852
1.11709 35.5772
1.10019 36.0769
1.08329 36.5666
1.06639 37.092
1.04948 37.5974
1.03258 38.1607
1.01568 38.7396
0.998773 39.3636
0.98187 39.9898
0.964967 40.6012
0.948064 41.2048
0.931161 41.8018
0.914257 42.4376
0.897354 43.0755
0.880451 43.7156
0.863548 44.3506
0.846645 45.0011
0.829742 45.6965
0.812838 46.3637
0.795935 47.0399
0.779032 47.7311
0.762129 48.4644
0.745226 49.2847
0.728323 50.1066
0.711419 50.8863
0.694516 51.6654
0.677613 52.4219
0.66071 53.2344
0.643807 54.0399
0.626904 54.8604
0.61 55.6857
0.593097 56.5271
0.576194 57.3656
0.559291 58.2042
0.542388 58.9569
0.525485 59.7344
0.508581 60.4871
0.491678 61.2181
0.474775 61.9947
0.457872 62.8143
0.440969 63.7082
0.424066 64.5944
0.407162 65.4579
0.390259 66.3219
0.373356 67.2365
0.356453 68.2913
0.33955 69.4094
0.322647 70.533
0.305743 71.603
0.28884 72.644
0.271937 73.6263
0.255034 74.5533
0.238131 75.4975
0.221228 76.4416
0.204324 77.3872
0.187421 78.3257
0.170518 79.2394
0.153615 80.1996
0.136712 81.1665
0.119809 82.1528
0.102905 83.1757
0.0860023 84.2701
0.0690991 85.4547
0.052196 86.2548
0.0352928 85.7509
0.0183896 84.7594
0.00148646 83.7925
-0.0154167 82.8196
-0.0323199 81.838
-0.049223 80.8216
-0.0661262 79.7562
-0.0830294 78.6615
-0.0999325 77.5836
-0.116836 76.4558
-0.133739 75.156
-0.150642 73.9804
-0.167545 72.9511
-0.184448 71.8587
-0.201351 71.7423
