3.17162 0.6812
3.15489 1.9639
3.13816 -0.5792
3.12143 0.2515
3.10471 -0.0382
3.08798 0.0908
3.07125 0.1454
3.05452 0.1129
3.03779 0.0922
3.02107 0.0702
3.00434 0
2.98761 -0.0458
2.97088 -0.1436
2.95416 -0.2324
2.93743 -0.3465
2.9207 -0.4313
2.90397 -0.5065
2.88725 -0.5864
2.87052 -0.6853
2.85379 -0.8059
2.83706 -0.9158
2.82033 -1.0494
2.80361 -1.2035
2.78688 -1.3493
2.77015 -1.5055
2.75342 -1.6873
2.7367 -1.8924
2.71997 -2.0561
2.70324 -2.2304
2.68651 -2.3899
2.66978 -2.5713
2.65306 -2.7726
2.63633 -2.9769
2.6196 -3.1546
2.60287 -3.3278
2.58615 -3.4764
2.56942 -3.6623
2.55269 -3.8706
2.53596 -4.0691
2.51924 -4.2546
2.50251 -4.4113
2.48578 -4.5805
2.46905 -4.769
2.45232 -4.9748
2.4356 -5.2032
2.41887 -5.4098
2.40214 -5.6117
2.38541 -5.7922
2.36869 -5.9941
2.35196 -6.2049
2.33523 -6.4613
2.3185 -6.6911
2.30177 -6.8788
2.28505 -7.0556
2.26832 -7.2268
2.25159 -7.4109
2.23486 -7.5914
2.21814 -7.7762
2.20141 -7.9529
2.18468 -8.1114
2.16795 -8.284
2.15123 -8.47
2.1345 -8.6576
2.11777 -8.7764
2.10104 -8.9005
2.08431 -9.0229
2.06759 -9.1483
2.05086 -9.2982
2.03413 -9.4534
2.0174 -9.6016
2.00068 -9.7297
1.98395 -9.8302
1.96722 -9.9237
1.95049 -10.0194
1.93376 -10.1085
1.91704 -10.1898
1.90031 -10.276
1.88358 -10.3497
1.86685 -10.4352
1.85013 -10.4903
1.8334 -10.5483
1.81667 -10.5589
1.79994 -10.5243
1.78321 -10.4955
1.76649 -10.4429
1.74976 -10.4055
1.73303 -10.3775
1.7163 -10.3123
1.69958 -10.2422
1.68285 -10.16
1.66612 -10.064
1.64939 -9.9666
1.63267 -9.8391
1.61594 -9.7261
1.59921 -9.5764
1.58248 -9.4289
1.56575 -9.2581
1.54903 -9.073
1.5323 -8.876
1.51557 -8.6567
1.49884 -8.4054
1.48212 -8.152
1.46539 -7.8872
1.44866 -7.6472
1.43193 -7.4161
1.41521 -7.1523
1.39848 -6.8746
1.38175 -6.5757
1.36502 -6.2628
1.34829 -5.9683
1.33157 -5.6581
1.31484 -5.3389
1.29811 -5.0093
1.28138 -4.6486
1.26466 -4.274
1.24793 -3.877
1.2312 -3.4542
1.21447 -3.0411
1.19774 -2.6214
1.18102 -2.1972
1.16429 -1.7792
1.14756 -1.345
1.13083 -0.8999
1.1141 -0.4063
1.09738 0.08
1.08065 0.5771
1.06392 1.0881
1.04719 1.5937
1.03047 2.15
1.01374 2.7376
0.997011 3.3316
0.980283 3.9115
0.963556 4.5162
0.946828 5.1485
0.9301 5.833
0.913373 6.5455
0.896645 7.2703
0.879917 8.0014
0.863189 8.7267
0.846462 9.4026
0.829734 10.0272
0.813006 10.65
0.796279 11.3046
0.779551 11.9653
0.762823 12.6776
0.746095 13.3793
0.729368 14.1244
0.71264 14.8533
0.695912 15.5612
0.679184 16.2435
0.662457 16.9184
0.645729 17.5979
0.629001 18.3699
0.612274 19.1818
0.595546 20.0004
0.578818 20.8149
0.56209 21.6295
0.545363 22.4357
0.528635 23.2519
0.511907 24.1007
0.495179 24.9791
0.478452 25.8474
0.461724 26.694
0.444996 27.5306
0.428268 28.4122
0.411541 29.3147
0.394813 30.2105
0.378085 31.1239
0.361357 32.047
0.34463 32.9083
0.327902 33.7579
0.311174 34.6536
0.294447 35.5566
0.277719 36.4766
0.260991 37.3773
0.244263 38.2573
0.227536 39.1173
0.210808 39.9854
0.19408 40.8439
0.177352 41.722
0.160625 42.5978
0.143897 43.5417
0.127169 44.5558
0.110442 45.6103
0.0937139 46.6786
0.0769861 47.7264
0.0602584 48.8069
0.0435307 49.9629
0.0268029 51.136
0.0100752 52.363
-0.00665253 53.5728
-0.0233803 54.7798
-0.040108 56.0118
-0.0568357 57.2024
-0.0735635 58.3575
-0.0902912 59.5957
-0.107019 60.6459
-0.123747 61.7429
-0.140474 63.288
-0.157202 62.5343
