3.16238 1.0153
3.14547 -0.0953
3.12857 -0.1543
3.11167 0.0014
3.09477 -0.0664
3.07786 -0.0447
3.06096 -0.0192
3.04406 -0.0247
3.02715 -0.0127
3.01025 -0.0137
2.99335 0
2.97644 -0.0206
2.95954 -0.0312
2.94264 0.0197
2.92573 0.003
2.90883 0.0104
2.89193 0.0181
2.87502 -0.0123
2.85812 -0.0361
2.84122 -0.0241
2.82431 -0.0359
2.80741 -0.039
2.79051 -0.072
2.77361 -0.1028
2.7567 -0.1102
2.7398 -0.1383
2.7229 -0.1706
2.70599 -0.2246
2.68909 -0.3102
2.67219 -0.388
2.65528 -0.4687
2.63838 -0.5267
2.62148 -0.5848
2.60457 -0.6452
2.58767 -0.7289
2.57077 -0.7888
2.55386 -0.8976
2.53696 -0.9802
2.52006 -1.1333
2.50316 -1.307
2.48625 -1.4819
2.46935 -1.7108
2.45244 -1.9576
2.43554 -2.1917
2.41864 -2.3511
2.40174 -2.4881
2.38483 -2.6268
2.36793 -2.7832
2.35103 -2.9332
2.33412 -3.0585
2.31722 -3.1633
2.30032 -3.279
2.28341 -3.3688
2.26651 -3.4975
2.24961 -3.6359
2.2327 -3.8056
2.2158 -3.952
2.1989 -4.0993
2.182 -4.2808
2.16509 -4.5062
2.14819 -4.7315
2.13129 -4.9691
2.11438 -5.229
2.09748 -5.5196
2.08058 -5.837
2.06367 -6.1169
2.04677 -6.3747
2.02987 -6.6582
2.01296 -7.0028
1.99606 -7.3692
1.97916 -7.7072
1.96225 -8.02
1.94535 -8.3384
1.92845 -8.6545
1.91154 -8.9094
1.89464 -9.1778
1.87774 -9.3619
1.86084 -9.5978
1.84393 -9.804
1.82703 -10.036
1.81012 -10.2616
1.79322 -10.4685
1.77632 -10.6818
1.75942 -10.8802
1.74251 -11.0875
1.72561 -11.3041
1.70871 -11.5313
1.6918 -11.7047
1.6749 -11.8444
1.658 -11.974
1.64109 -12.0747
1.62419 -12.1671
1.60729 -12.2179
1.59038 -12.2913
1.57348 -12.3683
1.55658 -12.4216
1.53967 -12.4804
1.52277 -12.4968
1.50587 -12.4335
1.48897 -12.3165
1.47206 -12.2109
1.45516 -12.1106
1.43826 -11.9941
1.42135 -11.8506
1.40445 -11.7159
1.38755 -11.5707
1.37064 -11.4157
1.35374 -11.2515
1.33684 -11.062
1.31993 -10.8547
1.30303 -10.6459
1.28613 -10.4322
1.26922 -10.2322
1.25232 -10.0043
1.23542 -9.7441
1.21851 -9.514
1.20161 -9.2722
1.18471 -8.9844
1.1678 -8.6694
1.1509 -8.3502
1.134 -8.0532
1.11709 -7.7299
1.10019 -7.3495
1.08329 -6.971
1.06639 -6.515
1.04948 -6.0861
1.03258 -5.6662
1.01568 -5.2467
0.998773 -4.9023
0.98187 -4.545
0.964967 -4.1586
0.948064 -3.7185
0.931161 -3.2879
0.914257 -2.7835
0.897354 -2.206
0.880451 -1.5715
0.863548 -0.9257
0.846645 -0.2707
0.829742 0.405
0.812838 1.0604
0.795935 1.7502
0.779032 2.465
0.762129 3.1755
0.745226 3.9443
0.728323 4.6927
0.711419 5.4479
0.694516 6.1467
0.677613 6.8524
0.66071 7.5744
0.643807 8.2754
0.626904 9.017
0.61 9.7599
0.593097 10.519
0.576194 11.3368
0.559291 12.1519
0.542388 12.9828
0.525485 13.8084
0.508581 14.6383
0.491678 15.5367
0.474775 16.4817
0.457872 17.4215
0.440969 18.3656
0.424066 19.2951
0.407162 20.2221
0.390259 21.1165
0.373356 22.0775
0.356453 23.0067
0.33955 23.9884
0.322647 24.9294
0.305743 25.8933
0.28884 26.8942
0.271937 27.8628
0.255034 28.8685
0.238131 29.8609
0.221228 30.8963
0.204324 31.9473
0.187421 32.9579
0.170518 33.9826
0.153615 35.0096
0.136712 36.0395
0.119809 37.0498
0.102905 38.0667
0.0860023 39.0938
0.0690991 40.1391
0.052196 41.187
0.0352928 42.2001
0.0183896 43.2207
0.00148646 44.2865
-0.0154167 45.4321
-0.0323199 46.5869
-0.049223 47.7251
-0.0661262 48.8986
-0.0830294 50.0423
-0.0999325 51.2009
-0.116836 52.3461
-0.133739 53.4861
-0.150642 54.6804
-0.167545 55.7857
-0.184448 56.5507
-0.201351 59.3704
