3.15381 0.162705
3.13706 0.515646
3.1203 -0.0938267
3.10354 -0.0099196
3.08679 -0.117015
3.07003 -0.0123772
3.05327 -0.0001149
3.03652 -0.0005949
3.01976 0.0082931
3.003 0
2.98625 -0.0030657
2.96949 -0.0222698
2.95274 -0.0235651
2.93598 -0.0108383
2.91922 -0.0143619
2.90246 0.0070114
2.88571 -0.0016997
2.86895 -0.0029895
2.8522 -0.0180787
2.83544 0.0094779
2.81868 0.0466753
2.80193 0.0698982
2.78517 0.0464645
2.76841 0.0759124
2.75166 0.071565
2.7349 0.0899064
2.71814 0.136971
2.70139 0.148143
2.68463 0.14638
2.66787 0.155434
2.65112 0.167765
2.63436 0.182882
2.61761 0.212429
2.60085 0.229792
2.58409 0.261566
2.56734 0.291229
2.55058 0.305021
2.53382 0.333347
2.51707 0.395525
2.50031 0.437081
2.48355 0.48172
2.4668 0.527105
2.45004 0.560811
2.43329 0.641236
2.41653 0.719547
2.39977 0.800715
2.38302 0.862261
2.36626 0.919252
2.3495 0.97012
2.33275 1.0365
2.31599 1.12425
2.29923 1.20317
2.28248 1.25995
2.26572 1.33491
2.24896 1.3959
2.23221 1.48322
2.21545 1.583
2.19869 1.68294
2.18194 1.75987
2.16518 1.84609
2.14843 1.90111
2.13167 1.98121
2.11491 2.03943
2.09816 2.13993
2.0814 2.19286
2.06464 2.23627
2.04789 2.28474
2.03113 2.30472
2.01437 2.34345
1.99762 2.36157
1.98086 2.37449
1.9641 2.3868
1.94735 2.37868
1.93059 2.38878
1.91384 2.43429
1.89708 2.44814
1.88032 2.47269
1.86357 2.48445
1.84681 2.49624
1.83005 2.51816
1.8133 2.52501
1.79654 2.54949
1.77978 2.55935
1.76303 2.56082
1.74627 2.57477
1.72951 2.62933
1.71276 2.67355
1.696 2.76427
1.67925 2.82412
1.66249 2.89062
1.64573 2.9791
1.62898 3.09306
1.61222 3.23336
1.59546 3.35688
1.57871 3.47547
1.56195 3.59018
1.54519 3.6979
1.52844 3.79499
1.51168 3.88928
1.49493 3.98104
1.47817 4.09243
1.46141 4.21913
1.44466 4.36583
1.4279 4.60785
1.41114 4.81757
1.39439 5.0512
1.37763 5.24045
1.36087 5.41129
1.34412 5.59202
1.32736 5.77748
1.3106 5.97932
1.29385 6.20492
1.27709 6.40255
1.26033 6.64475
1.24358 6.90107
1.22682 7.13125
1.21006 7.37005
1.19331 7.59607
1.17655 7.80274
1.1598 8.00832
1.14304 8.2937
1.12628 8.61088
1.10953 8.91181
1.09277 9.24815
1.07601 9.57877
1.05926 9.87745
1.0425 10.1743
1.02574 10.4442
1.00899 10.7251
0.992232 11.0157
0.975475 11.2672
0.958719 11.5523
0.941962 11.8628
0.925206 12.2292
0.90845 12.5838
0.891693 12.914
0.874937 13.2633
0.85818 13.5833
0.841424 13.9202
0.824667 14.2864
0.807911 14.6238
0.791154 14.9565
0.774398 15.2778
0.757642 15.6033
0.740885 15.9722
0.724129 16.3041
0.707372 16.6146
0.690616 16.896
0.673859 17.1455
0.657103 17.3398
0.640347 17.4321
0.62359 17.5211
0.606834 17.5845
0.590077 17.6071
0.573321 17.6384
0.556564 17.621
0.539808 17.628
0.523052 17.5899
0.506295 17.5428
0.489539 17.4791
0.472782 17.4169
0.456026 17.3589
0.439269 17.3749
0.422513 17.3745
0.405757 17.3887
0.389 17.4
0.372244 17.3928
0.355487 17.3556
0.338731 17.2939
0.321974 17.2385
0.305218 17.1743
0.288461 17.1094
0.271705 17.044
0.254949 16.9814
0.238192 16.956
0.221436 16.9218
0.204679 16.8742
0.187923 16.8228
0.171166 16.7723
0.15441 16.6915
0.137654 16.6765
0.120897 16.6455
0.104141 16.6708
0.0873842 16.6442
0.0706278 16.6352
0.0538714 16.6083
0.0371149 16.6093
0.0203585 16.6188
0.00360207 16.6315
-0.0131544 16.6371
-0.0299108 16.6169
-0.0466672 16.6327
-0.0634237 16.595
-0.0801801 16.6056
-0.0969365 16.6142
-0.113693 16.6995
-0.130449 16.5112
-0.147206 17.2977
-0.163962 17.4434
-0.180719 13.4543
