3.1661 -0.965653
3.14945 -0.727009
3.1328 -0.0239268
3.11615 -0.078527
3.0995 -0.0748866
3.08285 -0.0769789
3.0662 -0.0417485
3.04955 -0.0155345
3.0329 -0.0087994
3.01625 0.0064752
2.9996 0
2.98295 -0.0185991
2.9663 -0.0384496
2.94965 -0.0506169
2.933 -0.0464327
2.91635 -0.0324157
2.8997 -0.0199754
2.88305 -0.018768
2.8664 -0.024055
2.84975 -0.0335494
2.8331 -0.0022204
2.81644 0.0110328
2.7998 0.0375727
2.78315 0.0189853
2.76649 0.0239332
2.74984 0.0474907
2.73319 0.0791327
2.71654 0.108154
2.69989 0.119201
2.68324 0.144703
2.66659 0.158246
2.64994 0.164682
2.63329 0.194272
2.61664 0.229294
2.59999 0.276493
2.58334 0.317772
2.56669 0.36474
2.55004 0.388678
2.53339 0.441276
2.51674 0.526853
2.50009 0.591879
2.48344 0.64367
2.46679 0.709013
2.45014 0.760996
2.43349 0.834218
2.41683 0.91571
2.40018 0.971022
2.38353 1.0524
2.36688 1.09334
2.35023 1.13414
2.33358 1.23443
2.31693 1.34178
2.30028 1.43021
2.28363 1.47787
2.26698 1.55648
2.25033 1.64093
2.23368 1.70533
2.21703 1.79373
2.20038 1.88319
2.18373 1.94625
2.16708 2.02935
2.15043 2.09484
2.13378 2.15266
2.11713 2.27345
2.10048 2.34247
2.08383 2.41418
2.06718 2.45192
2.05052 2.513
2.03388 2.57149
2.01722 2.63282
2.00057 2.69277
1.98392 2.73971
1.96727 2.78508
1.95062 2.80338
1.93397 2.78397
1.91732 2.73531
1.90067 2.68997
1.88402 2.62665
1.86737 2.54294
1.85072 2.51673
1.83407 2.48302
1.81742 2.48458
1.80077 2.48934
1.78412 2.46114
1.76747 2.42508
1.75082 2.3857
1.73417 2.37501
1.71752 2.36268
1.70087 2.36098
1.68422 2.33724
1.66756 2.33069
1.65091 2.28566
1.63426 2.28485
1.61761 2.25159
1.60096 2.22191
1.58431 2.20283
1.56766 2.21133
1.55101 2.25503
1.53436 2.26091
1.51771 2.28636
1.50106 2.30543
1.48441 2.34367
1.46776 2.38104
1.45111 2.41673
1.43446 2.49843
1.41781 2.63046
1.40116 2.75353
1.38451 2.90027
1.36786 3.04066
1.35121 3.1812
1.33456 3.33214
1.31791 3.47947
1.30126 3.63708
1.2846 3.77789
1.26795 3.92321
1.2513 4.11747
1.23465 4.33975
1.218 4.6238
1.20135 4.88186
1.1847 5.16631
1.16805 5.47242
1.1514 5.71963
1.13475 6.00131
1.1181 6.23662
1.10145 6.5183
1.0848 6.73083
1.06815 6.96531
1.0515 7.22833
1.03485 7.55273
1.0182 7.88249
1.00155 8.23901
0.984897 8.5671
0.968247 8.87679
0.951596 9.1979
0.934946 9.51843
0.918295 9.84766
0.901645 10.189
0.884995 10.5557
0.868344 10.9094
0.851694 11.3069
0.835043 11.6826
0.818393 12.0717
0.801742 12.4524
0.785092 12.8188
0.768441 13.2111
0.751791 13.6174
0.73514 14.0161
0.71849 14.4133
0.70184 14.8101
0.685189 15.1922
0.668539 15.5271
0.651888 15.8675
0.635238 16.1745
0.618587 16.4484
0.601937 16.7312
0.585287 16.9866
0.568636 17.2143
0.551986 17.4646
0.535335 17.7403
0.518685 17.9987
0.502034 18.2343
0.485384 18.4375
0.468734 18.5717
0.452083 18.6689
0.435433 18.6876
0.418782 18.7071
0.402132 18.7285
0.385481 18.7103
0.368831 18.7004
0.35218 18.6915
0.33553 18.657
0.318879 18.6452
0.302229 18.6177
0.285579 18.5798
0.268928 18.5547
0.252278 18.5039
0.235627 18.5546
0.218977 18.5344
0.202326 18.5617
0.185676 18.5537
0.169026 18.5728
0.152375 18.5521
0.135725 18.5506
0.119074 18.5833
0.102424 18.6041
0.0857734 18.6056
0.0691229 18.6062
0.0524725 18.5957
0.0358221 18.6232
0.0191716 18.6489
0.00252117 18.6442
-0.0141293 18.638
-0.0307797 18.6365
-0.0474301 18.6363
-0.0640806 18.6344
-0.080731 18.621
-0.0973815 18.5527
-0.114032 18.5153
-0.130682 18.4057
-0.147333 19.2544
