3.15779 -0.448509
3.1411 -0.528666
3.12441 -0.733453
3.10773 -0.177435
3.09104 -0.0963346
3.07435 -0.0833758
3.05767 -0.0457621
3.04098 -0.0076355
3.02429 0.0158155
3.0076 0
2.99092 -0.0292707
2.97423 -0.0050446
2.95755 -0.0340221
2.94086 -0.0460341
2.92417 -0.0161579
2.90748 -0.0128363
2.8908 0.013463
2.87411 0.0109398
2.85742 0.0021948
2.84074 0.0299491
2.82405 0.0653064
2.80736 0.0813545
2.79068 0.0821218
2.77399 0.0805705
2.7573 0.0877855
2.74062 0.113185
2.72393 0.139659
2.70724 0.168228
2.69056 0.186843
2.67387 0.166956
2.65718 0.179335
2.6405 0.194025
2.62381 0.244516
2.60712 0.302293
2.59043 0.344977
2.57375 0.384392
2.55706 0.41915
2.54037 0.488518
2.52369 0.56675
2.507 0.654794
2.49031 0.720463
2.47363 0.791754
2.45694 0.839404
2.44025 0.899283
2.42357 0.96295
2.40688 1.0244
2.39019 1.07914
2.37351 1.15041
2.35682 1.19146
2.34013 1.22581
2.32344 1.30873
2.30676 1.39347
2.29007 1.45833
2.27339 1.53267
2.2567 1.62368
2.24001 1.69795
2.22332 1.8235
2.20664 1.9104
2.18995 1.98044
2.17326 2.02142
2.15658 2.02121
2.13989 1.98217
2.1232 1.93946
2.10652 1.8857
2.08983 1.82955
2.07314 1.74682
2.05646 1.67739
2.03977 1.60318
2.02308 1.49572
2.0064 1.40576
1.98971 1.322
1.97302 1.25165
1.95633 1.18078
1.93965 1.13789
1.92296 1.09414
1.90627 1.05573
1.88959 0.989227
1.8729 0.932984
1.85621 0.884247
1.83953 0.854345
1.82284 0.84296
1.80615 0.841097
1.78947 0.832644
1.77278 0.810109
1.75609 0.804793
1.73941 0.824178
1.72272 0.825607
1.70603 0.838635
1.68935 0.851553
1.67266 0.84181
1.65597 0.858751
1.63929 0.89456
1.6226 0.903071
1.60591 0.922414
1.58923 0.927605
1.57254 0.916682
1.55585 0.909481
1.53916 0.981318
1.52248 1.10855
1.50579 1.22797
1.4891 1.33368
1.47242 1.46899
1.45573 1.56902
1.43904 1.67568
1.42236 1.82289
1.40567 1.96222
1.38898 2.09195
1.3723 2.24245
1.35561 2.41444
1.33892 2.62876
1.32224 2.84873
1.30555 3.08185
1.28886 3.30377
1.27218 3.55161
1.25549 3.78999
1.2388 4.06421
1.22212 4.36008
1.20543 4.64492
1.18874 4.93207
1.17205 5.22467
1.15537 5.53554
1.13868 5.80554
1.12199 6.10693
1.10531 6.42316
1.08862 6.73369
1.07193 7.11045
1.05525 7.38855
1.03856 7.68496
1.02187 7.98819
1.00519 8.24991
0.988499 8.54723
0.971812 8.83108
0.955126 9.10844
0.938439 9.40767
0.921752 9.71046
0.905065 10.0018
0.888378 10.3356
0.871691 10.6532
0.855005 10.9757
0.838318 11.3293
0.821631 11.6783
0.804944 12.0193
0.788257 12.3477
0.771571 12.6462
0.754884 12.9589
0.738197 13.2995
0.72151 13.6204
0.704823 13.9204
0.688136 14.1994
0.67145 14.4493
0.654763 14.6813
0.638076 14.8923
0.621389 15.0618
0.604702 15.2055
0.588016 15.3069
0.571329 15.4281
0.554642 15.4448
0.537955 15.4673
0.521268 15.4229
0.504581 15.3664
0.487895 15.2945
0.471208 15.2311
0.454521 15.1908
0.437834 15.0978
0.421147 15.0511
0.40446 14.997
0.387774 14.9399
0.371087 14.8873
0.3544 14.8172
0.337713 14.7907
0.321026 14.7607
0.304339 14.7579
0.287653 14.7158
0.270966 14.6967
0.254279 14.6546
0.237592 14.6485
0.220905 14.6459
0.204218 14.6242
0.187532 14.5944
0.170845 14.5616
0.154158 14.5716
0.137471 14.5592
0.120784 14.5541
0.104097 14.5639
0.0874107 14.5606
0.0707239 14.5534
0.0540371 14.5464
0.0373502 14.5426
0.0206634 14.5612
0.00397659 14.5616
-0.0127102 14.551
-0.0293971 14.5478
-0.0460839 14.5433
-0.0627707 14.5593
-0.0794575 14.5577
-0.0961444 14.4854
-0.112831 14.4641
-0.129518 14.2411
-0.146205 14.4647
-0.162892 13.9251
