3.17209 0.472304
3.15534 -0.150008
3.13859 0.14553
3.12184 -0.0476555
3.10509 -0.114817
3.08835 -0.113546
3.0716 -0.0619971
3.05485 -0.014864
3.0381 -0.0099995
3.02136 0.0031868
3.00461 0
2.98786 0.0005676
2.97111 -0.0127614
2.95437 -0.0232435
2.93762 -0.0253933
2.92087 -0.0101077
2.90412 0.0060205
2.88737 0.0306626
2.87063 0.0188342
2.85388 0.0194027
2.83713 0.0212219
2.82038 0.0481005
2.80363 0.0702434
2.78689 0.067012
2.77014 0.0880991
2.75339 0.0830457
2.73664 0.114372
2.7199 0.134393
2.70315 0.158331
2.6864 0.184005
2.66965 0.196235
2.65291 0.221158
2.63616 0.274197
2.61941 0.307784
2.60266 0.357551
2.58591 0.410922
2.56917 0.448868
2.55242 0.469275
2.53567 0.516497
2.51892 0.57799
2.50217 0.639057
2.48543 0.703732
2.46868 0.76525
2.45193 0.819764
2.43518 0.911643
2.41844 0.996387
2.40169 1.09881
2.38494 1.19108
2.36819 1.27606
2.35145 1.35209
2.3347 1.45386
2.31795 1.56363
2.3012 1.67849
2.28445 1.77914
2.26771 1.85903
2.25096 1.96799
2.23421 2.07903
2.21746 2.20408
2.20072 2.31708
2.18397 2.41458
2.16722 2.48503
2.15047 2.54712
2.13372 2.61564
2.11698 2.65867
2.10023 2.6934
2.08348 2.6924
2.06673 2.66108
2.04998 2.59768
2.03324 2.51809
2.01649 2.46285
1.99974 2.35693
1.98299 2.23257
1.96625 2.08245
1.9495 1.94204
1.93275 1.79791
1.916 1.69182
1.89925 1.57004
1.88251 1.44534
1.86576 1.29491
1.84901 1.15779
1.83226 1.02322
1.81552 0.892505
1.79877 0.76769
1.78202 0.614317
1.76527 0.447101
1.74853 0.303364
1.73178 0.211593
1.71503 0.114333
1.69828 0.0220953
1.68153 -0.068329
1.66479 -0.163467
1.64804 -0.245732
1.63129 -0.303807
1.61454 -0.312239
1.5978 -0.341391
1.58105 -0.357806
1.5643 -0.374532
1.54755 -0.376899
1.5308 -0.339352
1.51406 -0.31885
1.49731 -0.287006
1.48056 -0.254515
1.46381 -0.231795
1.44707 -0.19775
1.43032 -0.173296
1.41357 -0.118602
1.39682 -0.0781164
1.38007 -0.0301931
1.36333 0.0228757
1.34658 0.0674797
1.32983 0.146808
1.31308 0.242042
1.29634 0.346442
1.27959 0.471327
1.26284 0.572126
1.24609 0.721756
1.22934 0.896374
1.2126 1.08544
1.19585 1.29086
1.1791 1.49897
1.16235 1.71138
1.1456 1.9232
1.12886 2.13973
1.11211 2.36645
1.09536 2.61382
1.07861 2.85194
1.06187 3.10414
1.04512 3.39297
1.02837 3.68957
1.01162 3.99452
0.994875 4.3086
0.978127 4.59179
0.961379 4.91664
0.944631 5.24538
0.927883 5.60083
0.911136 5.96665
0.894388 6.33552
0.87764 6.68991
0.860892 7.06151
0.844145 7.40904
0.827397 7.77109
0.810649 8.11816
0.793901 8.4831
0.777154 8.84857
0.760406 9.2293
0.743658 9.62012
0.72691 10.039
0.710162 10.4396
0.693415 10.8345
0.676667 11.2235
0.659919 11.6192
0.643171 11.9974
0.626424 12.3591
0.609676 12.6855
0.592928 12.9853
0.57618 13.232
0.559432 13.4976
0.542685 13.7398
0.525937 14.0084
0.509189 14.2311
0.492441 14.4311
0.475693 14.6066
0.458946 14.744
0.442198 14.835
0.42545 14.8935
0.408702 14.9161
0.391955 14.9323
0.375207 14.9434
0.358459 14.9373
0.341711 14.9602
0.324964 14.969
0.308216 14.9768
0.291468 14.9777
0.27472 14.9813
0.257972 14.981
0.241225 14.9984
0.224477 15.0029
0.207729 15.0088
0.190981 15.0079
0.174233 15.0106
0.157486 14.9888
0.140738 15.0151
0.12399 15.0397
0.107242 15.0557
0.0904945 15.0586
0.0737468 15.0566
0.056999 15.0632
0.0402512 15.0559
0.0235034 15.0405
0.00675564 15.0315
-0.00999214 15.0102
-0.0267399 14.9834
-0.0434877 14.9713
-0.0602355 14.9328
-0.0769833 14.8948
-0.093731 14.9077
-0.110479 14.9551
-0.127227 14.7091
-0.143974 14.7453
-0.160722 15.9514
