3.16642 -0.150387
3.14969 -0.53466
3.13296 -0.535438
3.11623 -0.381934
3.09951 -0.140991
3.08278 -0.199539
3.06605 -0.100985
3.04932 -0.106795
3.03259 -0.0697921
3.01587 -0.016267
2.99914 0
2.98241 -0.004001
2.96568 0.0060335
2.94896 0.0018965
2.93223 0.0288845
2.9155 0.0441615
2.89877 0.058794
2.88204 0.0530718
2.86532 0.063584
2.84859 0.0550914
2.83186 0.120107
2.81513 0.133953
2.7984 0.188016
2.78168 0.206407
2.76495 0.242381
2.74822 0.280151
2.73149 0.353346
2.71476 0.422388
2.69804 0.44123
2.68131 0.507008
2.66458 0.559973
2.64785 0.596561
2.63113 0.639117
2.6144 0.705138
2.59767 0.767312
2.58094 0.824057
2.56421 0.857415
2.54749 0.896479
2.53076 0.96735
2.51403 1.0477
2.4973 1.10033
2.48058 1.16408
2.46385 1.18401
2.44712 1.21353
2.43039 1.20703
2.41366 1.19902
2.39694 1.16563
2.38021 1.0953
2.36348 0.970268
2.34675 0.843653
2.33003 0.682019
2.3133 0.502986
2.29657 0.312687
2.27984 0.10593
2.26311 -0.144246
2.24639 -0.382734
2.22966 -0.640524
2.21293 -0.823217
2.1962 -1.07835
2.17948 -1.33745
2.16275 -1.60445
2.14602 -1.90406
2.12929 -2.20845
2.11256 -2.47128
2.09584 -2.78848
2.07911 -3.0719
2.06238 -3.39362
2.04565 -3.71533
2.02893 -4.02458
2.0122 -4.29628
1.99547 -4.57573
1.97874 -4.8693
1.96201 -5.14252
1.94529 -5.42179
1.92856 -5.7382
1.91183 -6.04074
1.8951 -6.34939
1.87837 -6.65603
1.86165 -6.95304
1.84492 -7.285
1.82819 -7.55411
1.81146 -7.81365
1.79474 -8.07326
1.77801 -8.30742
1.76128 -8.55224
1.74455 -8.80179
1.72782 -9.0196
1.7111 -9.21137
1.69437 -9.41342
1.67764 -9.60703
1.66091 -9.83988
1.64419 -10.0274
1.62746 -10.2164
1.61073 -10.4003
1.594 -10.5621
1.57727 -10.729
1.56055 -10.8859
1.54382 -11.0336
1.52709 -11.1817
1.51036 -11.3599
1.49364 -11.4949
1.47691 -11.6792
1.46018 -11.8358
1.44345 -11.9472
1.42672 -12.0399
1.41 -12.1271
1.39327 -12.2147
1.37654 -12.2956
1.35981 -12.3816
1.34309 -12.476
1.32636 -12.5264
1.30963 -12.5909
1.2929 -12.6477
1.27617 -12.684
1.25945 -12.7248
1.24272 -12.7638
1.22599 -12.8541
1.20926 -12.9528
1.19253 -13.0305
1.17581 -13.1217
1.15908 -13.2412
1.14235 -13.3027
1.12562 -13.3653
1.1089 -13.4252
1.09217 -13.4742
1.07544 -13.5383
1.05871 -13.6151
1.04198 -13.6357
1.02526 -13.6528
1.00853 -13.6277
0.991802 -13.6292
0.975074 -13.6228
0.958346 -13.6615
0.941618 -13.6573
0.92489 -13.6556
0.908162 -13.6743
0.891435 -13.6776
0.874707 -13.7044
0.857979 -13.7151
0.841251 -13.7672
0.824523 -13.8411
0.807796 -13.944
0.791068 -14.0148
0.77434 -14.1103
0.757612 -14.193
0.740884 -14.2788
0.724157 -14.3722
0.707429 -14.4666
0.690701 -14.5688
0.673973 -14.6611
0.657245 -14.7411
0.640518 -14.8396
0.62379 -14.8928
0.607062 -14.9558
0.590334 -15.0383
0.573606 -15.1025
0.556879 -15.1955
0.540151 -15.2872
0.523423 -15.3789
0.506695 -15.4727
0.489967 -15.5842
0.47324 -15.6711
0.456512 -15.7902
0.439784 -15.8915
0.423056 -15.9372
0.406328 -15.9849
0.389601 -16.0552
0.372873 -16.1237
0.356145 -16.1862
0.339417 -16.2552
0.322689 -16.287
0.305961 -16.3296
0.289234 -16.3632
0.272506 -16.4221
0.255778 -16.4631
0.23905 -16.5
0.222323 -16.5303
0.205595 -16.5428
0.188867 -16.5703
0.172139 -16.6124
0.155411 -16.6477
0.138683 -16.6831
0.121956 -16.6801
0.105228 -16.6901
0.0885001 -16.7051
0.0717723 -16.7332
0.0550445 -16.7606
0.0383167 -16.7381
0.0215888 -16.7254
0.00486104 -16.7328
-0.0118668 -16.7409
-0.0285946 -16.7608
-0.0453224 -16.7612
-0.0620502 -16.7384
-0.078778 -16.8021
-0.0955058 -16.7903
-0.112234 -16.8219
-0.128961 -16.6615
-0.145689 -15.4622
-0.162417 -15.4228
