3.15722 -0.755252
3.14057 -0.971549
3.12392 0.0700521
3.10727 -0.182177
3.09062 -0.0754601
3.07396 -0.0707988
3.05731 -0.0428983
3.04066 -0.0267078
3.02401 -0.0213192
3.00736 0
2.9907 -0.0096724
2.97405 -0.0299917
2.9574 -0.0206583
2.94075 -0.0217812
2.92409 -0.0114529
2.90744 0.0135092
2.89079 0.0259151
2.87414 0.0144135
2.85749 0.0161714
2.84083 0.0272398
2.82418 0.045234
2.80753 0.0761094
2.79088 0.0938909
2.77422 0.091445
2.75757 0.12895
2.74092 0.135289
2.72427 0.194669
2.70762 0.209018
2.69096 0.262661
2.67431 0.284111
2.65766 0.318756
2.64101 0.365702
2.62436 0.424059
2.6077 0.494567
2.59105 0.53786
2.5744 0.591658
2.55775 0.64589
2.5411 0.759115
2.52444 0.858246
2.50779 0.951093
2.49114 1.07329
2.47449 1.16751
2.45784 1.25441
2.44118 1.36487
2.42453 1.4338
2.40788 1.57134
2.39123 1.65368
2.37458 1.76989
2.35792 1.85496
2.34127 1.97722
2.32462 2.12771
2.30797 2.2643
2.29131 2.37375
2.27466 2.45649
2.25801 2.5356
2.24136 2.62321
2.22471 2.68357
2.20805 2.7895
2.1914 2.83191
2.17475 2.85491
2.1581 2.82548
2.14145 2.7095
2.12479 2.49288
2.10814 2.23259
2.09149 1.94308
2.07484 1.59382
2.05818 1.23773
2.04153 0.891594
2.02488 0.462334
2.00823 0.0442587
1.99158 -0.349321
1.97492 -0.806232
1.95827 -1.23456
1.94162 -1.66628
1.92497 -2.05662
1.90831 -2.45199
1.89166 -2.87506
1.87501 -3.26993
1.85836 -3.68894
1.84171 -4.08521
1.82506 -4.44153
1.8084 -4.75803
1.79175 -5.06294
1.7751 -5.36485
1.75845 -5.68367
1.74179 -6.00178
1.72514 -6.32552
1.70849 -6.65116
1.69184 -7.00774
1.67519 -7.33662
1.65853 -7.67246
1.64188 -7.99128
1.62523 -8.27749
1.60858 -8.53646
1.59193 -8.82707
1.57527 -9.06172
1.55862 -9.34511
1.54197 -9.56076
1.52532 -9.78421
1.50866 -10.0146
1.49201 -10.2473
1.47536 -10.4753
1.45871 -10.7205
1.44206 -10.914
1.4254 -11.0747
1.40875 -11.2191
1.3921 -11.3611
1.37545 -11.4986
1.3588 -11.6469
1.34214 -11.7734
1.32549 -11.9323
1.30884 -12.0704
1.29219 -12.2428
1.27554 -12.3964
1.25888 -12.5399
1.24223 -12.6399
1.22558 -12.7437
1.20893 -12.8032
1.19227 -12.8715
1.17562 -12.925
1.15897 -12.9795
1.14232 -13.0269
1.12567 -13.0363
1.10901 -13.039
1.09236 -13.0255
1.07571 -13.0195
1.05906 -13.035
1.04241 -13.0361
1.02575 -13.0909
1.0091 -13.1171
0.992449 -13.1631
0.975797 -13.2345
0.959145 -13.2828
0.942493 -13.3431
0.925841 -13.3637
0.909188 -13.3773
0.892536 -13.3944
0.875884 -13.3912
0.859232 -13.4099
0.84258 -13.4255
0.825928 -13.4723
0.809276 -13.4839
0.792624 -13.561
0.775972 -13.6268
0.759319 -13.6936
0.742667 -13.7427
0.726015 -13.778
0.709363 -13.8119
0.692711 -13.843
0.676059 -13.9108
0.659407 -13.967
0.642755 -14.0277
0.626103 -14.1002
0.60945 -14.1551
0.592798 -14.2427
0.576146 -14.3005
0.559494 -14.3593
0.542842 -14.4364
0.52619 -14.5009
0.509538 -14.5428
0.492886 -14.5962
0.476233 -14.6413
0.459581 -14.6964
0.442929 -14.7366
0.426277 -14.8063
0.409625 -14.8835
0.392973 -14.9479
0.376321 -15.0088
0.359669 -15.0606
0.343017 -15.1356
0.326364 -15.1599
0.309712 -15.1814
0.29306 -15.2339
0.276408 -15.2961
0.259756 -15.3357
0.243104 -15.3776
0.226452 -15.3922
0.2098 -15.4229
0.193147 -15.4642
0.176495 -15.4767
0.159843 -15.5168
0.143191 -15.5326
0.126539 -15.5296
0.109887 -15.5389
0.0932348 -15.5474
0.0765827 -15.5591
0.0599306 -15.5667
0.0432785 -15.5727
0.0266264 -15.5475
0.00997426 -15.5461
-0.00667785 -15.5547
-0.02333 -15.5513
-0.0399821 -15.5486
-0.0566342 -15.5576
-0.0732863 -15.586
-0.0899384 -15.5831
-0.106591 -15.5005
-0.123243 -15.6202
-0.139895 -15.5223
-0.156547 -14.4457
