3.16742 -0.790198
3.15067 1.08836
3.13391 -0.342407
3.11715 -0.213105
3.1004 -0.148402
3.08364 -0.0612259
3.06689 -0.0331984
3.05013 -0.0070538
3.03337 0.0110646
3.01662 0.0108887
2.99986 0
2.9831 -0.0162694
2.96635 -0.0620004
2.94959 -0.075332
2.93283 -0.0826433
2.91608 -0.0979807
2.89932 -0.114625
2.88257 -0.12089
2.86581 -0.164511
2.84905 -0.203998
2.8323 -0.240634
2.81554 -0.260419
2.79879 -0.289554
2.78203 -0.338251
2.76527 -0.35773
2.74852 -0.399826
2.73176 -0.414807
2.715 -0.410475
2.69825 -0.422002
2.68149 -0.4275
2.66473 -0.454882
2.64798 -0.472845
2.63122 -0.487653
2.61447 -0.470862
2.59771 -0.475498
2.58095 -0.496111
2.5642 -0.504957
2.54744 -0.507392
2.53069 -0.505239
2.51393 -0.462496
2.49717 -0.450382
2.48042 -0.453558
2.46366 -0.487618
2.4469 -0.563368
2.43015 -0.647684
2.41339 -0.754636
2.39663 -0.881454
2.37988 -1.05789
2.36312 -1.26924
2.34637 -1.5293
2.32961 -1.79408
2.31285 -2.08759
2.2961 -2.40789
2.27934 -2.7415
2.26259 -3.09265
2.24583 -3.45984
2.22907 -3.85199
2.21232 -4.2597
2.19556 -4.67712
2.1788 -5.12069
2.16205 -5.563
2.14529 -5.99679
2.12853 -6.41177
2.11178 -6.76795
2.09502 -7.1152
2.07827 -7.48347
2.06151 -7.81549
2.04475 -8.17661
2.028 -8.51974
2.01124 -8.85154
1.99449 -9.18548
1.97773 -9.53455
1.96097 -9.86199
1.94422 -10.2172
1.92746 -10.5136
1.9107 -10.793
1.89395 -11.0765
1.87719 -11.3453
1.86044 -11.6107
1.84368 -11.8709
1.82692 -12.1213
1.81017 -12.3598
1.79341 -12.5933
1.77665 -12.8275
1.7599 -13.0545
1.74314 -13.2901
1.72639 -13.5377
1.70963 -13.7574
1.69287 -13.9808
1.67612 -14.2113
1.65936 -14.4239
1.6426 -14.6359
1.62585 -14.8088
1.60909 -14.9495
1.59234 -15.0852
1.57558 -15.2089
1.55882 -15.3511
1.54207 -15.4817
1.52531 -15.6226
1.50855 -15.7664
1.4918 -15.8821
1.47504 -15.9785
1.45829 -16.0876
1.44153 -16.1763
1.42477 -16.2646
1.40802 -16.3384
1.39126 -16.3859
1.3745 -16.4454
1.35775 -16.4846
1.34099 -16.5404
1.32424 -16.5533
1.30748 -16.5797
1.29072 -16.5839
1.27397 -16.5948
1.25721 -16.6041
1.24045 -16.5883
1.2237 -16.5102
1.20694 -16.4541
1.19019 -16.3726
1.17343 -16.2971
1.15667 -16.2059
1.13992 -16.081
1.12316 -15.9132
1.1064 -15.7847
1.08965 -15.6308
1.07289 -15.5023
1.05614 -15.3425
1.03938 -15.13
1.02262 -14.9012
1.00587 -14.6598
0.989111 -14.4124
0.972355 -14.1665
0.955598 -13.9275
0.938842 -13.6716
0.922086 -13.4139
0.90533 -13.1399
0.888573 -12.8674
0.871817 -12.6094
0.855061 -12.3114
0.838305 -11.999
0.821548 -11.6974
0.804792 -11.4184
0.788036 -11.1266
0.77128 -10.8517
0.754523 -10.6082
0.737767 -10.356
0.721011 -10.0963
0.704255 -9.86332
0.687498 -9.64545
0.670742 -9.44855
0.653986 -9.20427
0.63723 -8.88711
0.620473 -8.55084
0.603717 -8.23569
0.586961 -7.92661
0.570205 -7.6345
0.553449 -7.3952
0.536692 -7.23959
0.519936 -7.12763
0.50318 -7.02566
0.486424 -6.92642
0.469667 -6.88317
0.452911 -6.84037
0.436155 -6.8114
0.419399 -6.7675
0.402642 -6.76369
0.385886 -6.76305
0.36913 -6.76999
0.352374 -6.7813
0.335617 -6.70858
0.318861 -6.65129
0.302105 -6.58109
0.285349 -6.53685
0.268592 -6.52307
0.251836 -6.49582
0.23508 -6.46464
0.218324 -6.44177
0.201567 -6.42248
0.184811 -6.40676
0.168055 -6.41787
0.151299 -6.41467
0.134543 -6.40293
0.117786 -6.3788
0.10103 -6.38547
0.0842737 -6.38743
0.0675175 -6.38505
0.0507613 -6.37574
0.034005 -6.36645
0.0172488 -6.3461
0.000492552 -6.31311
-0.0162637 -6.3154
-0.0330199 -6.32714
-0.0497762 -6.33067
-0.0665324 -6.36075
-0.0832887 -6.37737
-0.100045 -6.43796
-0.116801 -6.532
-0.133557 -6.49221
-0.150314 -6.737
-0.16707 -6.89849
