3.16921 -2.30424
3.15249 0.474491
3.13576 0.013351
3.11903 0.031349
3.1023 -0.040295
3.08557 0.077032
3.06884 0.063797
3.05211 0.088423
3.03538 0.060852
3.01865 0.037804
3.00192 0
2.98519 -0.039313
2.96846 -0.091327
2.95173 -0.170344
2.935 -0.206226
2.91827 -0.246365
2.90154 -0.289568
2.88481 -0.360348
2.86808 -0.433161
2.85135 -0.518017
2.83462 -0.593629
2.8179 -0.658168
2.80117 -0.728761
2.78444 -0.82302
2.76771 -0.924847
2.75098 -1.01445
2.73425 -1.06951
2.71752 -1.14322
2.70079 -1.21373
2.68406 -1.31064
2.66733 -1.41536
2.6506 -1.52369
2.63387 -1.59199
2.61714 -1.64905
2.60041 -1.69802
2.58368 -1.75113
2.56695 -1.807
2.55022 -1.86333
2.53349 -1.8979
2.51676 -1.93924
2.50004 -1.99241
2.48331 -2.04708
2.46658 -2.1333
2.44985 -2.19503
2.43312 -2.24683
2.41639 -2.31551
2.39966 -2.35382
2.38293 -2.41867
2.3662 -2.50754
2.34947 -2.60605
2.33274 -2.68213
2.31601 -2.75977
2.29928 -2.84204
2.28255 -2.99075
2.26582 -3.14499
2.24909 -3.34165
2.23236 -3.50511
2.21563 -3.65533
2.1989 -3.82192
2.18217 -3.99556
2.16544 -4.21598
2.14872 -4.46162
2.13198 -4.7436
2.11526 -5.04388
2.09853 -5.38007
2.0818 -5.75566
2.06507 -6.17078
2.04834 -6.5853
2.03161 -7.04473
2.01488 -7.47418
1.99815 -7.92429
1.98142 -8.38094
1.96469 -8.84325
1.94796 -9.31174
1.93123 -9.72763
1.9145 -10.1243
1.89777 -10.5122
1.88104 -10.8671
1.86431 -11.2431
1.84758 -11.6047
1.83085 -11.9398
1.81412 -12.2205
1.7974 -12.5393
1.78067 -12.8262
1.76394 -13.1308
1.74721 -13.4101
1.73048 -13.7025
1.71375 -13.978
1.69702 -14.258
1.68029 -14.5269
1.66356 -14.7959
1.64683 -15.0744
1.6301 -15.329
1.61337 -15.576
1.59664 -15.7819
1.57991 -15.991
1.56318 -16.1785
1.54645 -16.3621
1.52972 -16.5507
1.51299 -16.6983
1.49626 -16.8761
1.47953 -17.0168
1.4628 -17.1693
1.44607 -17.2952
1.42935 -17.4001
1.41262 -17.486
1.39589 -17.5976
1.37916 -17.7041
1.36243 -17.8167
1.3457 -17.904
1.32897 -18.0052
1.31224 -18.0778
1.29551 -18.1708
1.27878 -18.2496
1.26205 -18.3286
1.24532 -18.3708
1.22859 -18.3902
1.21186 -18.3767
1.19513 -18.3731
1.1784 -18.3354
1.16167 -18.3135
1.14494 -18.2687
1.12821 -18.2104
1.11149 -18.1461
1.09475 -18.067
1.07803 -17.9875
1.0613 -17.8893
1.04457 -17.7575
1.02784 -17.5988
1.01111 -17.4271
0.994378 -17.2522
0.977649 -17.0943
0.960919 -16.921
0.94419 -16.7244
0.92746 -16.5257
0.910731 -16.3388
0.894001 -16.1093
0.877272 -15.8906
0.860542 -15.6605
0.843813 -15.4209
0.827083 -15.1388
0.810354 -14.8674
0.793624 -14.5824
0.776895 -14.3106
0.760165 -14.0239
0.743436 -13.7265
0.726706 -13.4443
0.709977 -13.1673
0.693247 -12.9053
0.676518 -12.6278
0.659788 -12.3698
0.643059 -12.0879
0.626329 -11.7886
0.6096 -11.4635
0.59287 -11.1506
0.576141 -10.8436
0.559411 -10.5443
0.542682 -10.2493
0.525952 -9.93427
0.509223 -9.64003
0.492493 -9.35302
0.475763 -9.09939
0.459034 -8.88057
0.442304 -8.69323
0.425575 -8.52049
0.408845 -8.38216
0.392116 -8.27225
0.375386 -8.18499
0.358657 -8.09033
0.341927 -7.98902
0.325198 -7.92154
0.308468 -7.85614
0.291739 -7.79402
0.275009 -7.75225
0.25828 -7.7064
0.24155 -7.67419
0.224821 -7.63534
0.208091 -7.60599
0.191362 -7.58759
0.174632 -7.57132
0.157903 -7.56668
0.141173 -7.56552
0.124444 -7.55573
0.107714 -7.5674
0.0909846 -7.56377
0.0742551 -7.58705
0.0575256 -7.59299
0.0407961 -7.59922
0.0240665 -7.58974
0.00733702 -7.58131
-0.0093925 -7.56971
-0.026122 -7.56829
-0.0428515 -7.55124
-0.059581 -7.54288
-0.0763106 -7.56844
-0.0930401 -7.59273
-0.10977 -7.59299
-0.126499 -7.63422
-0.143229 -7.84953
-0.159958 -7.65768
