3.16977 1.36013
3.15305 -0.26414
3.13634 0.013734
3.11962 -0.229507
3.1029 -0.12496
3.08618 -0.122402
3.06947 -0.058711
3.05275 -0.052849
3.03603 -0.023235
3.01932 0.006186
3.0026 0
2.98588 -0.002129
2.96916 -0.01304
2.95245 -0.060597
2.93573 -0.056844
2.91901 -0.056406
2.9023 -0.058196
2.88558 -0.055317
2.86886 -0.075645
2.85214 -0.110028
2.83542 -0.106957
2.81871 -0.106105
2.80199 -0.085562
2.78527 -0.114478
2.76856 -0.145851
2.75184 -0.168153
2.73512 -0.173121
2.7184 -0.173036
2.70169 -0.206711
2.68497 -0.188021
2.66825 -0.21888
2.65153 -0.22029
2.63482 -0.22576
2.6181 -0.191738
2.60138 -0.172911
2.58467 -0.152973
2.56795 -0.134811
2.55123 -0.139067
2.53451 -0.160188
2.5178 -0.174291
2.50108 -0.21888
2.48436 -0.291758
2.46765 -0.367681
2.45093 -0.441917
2.43421 -0.490375
2.41749 -0.511483
2.40078 -0.574327
2.38406 -0.631858
2.36734 -0.748007
2.35062 -0.908157
2.33391 -1.17778
2.31719 -1.493
2.30047 -1.8508
2.28376 -2.20132
2.26704 -2.5758
2.25032 -2.94004
2.2336 -3.298
2.21689 -3.64257
2.20017 -3.98176
2.18345 -4.36299
2.16673 -4.72867
2.15002 -5.11074
2.1333 -5.47551
2.11658 -5.81613
2.09986 -6.13976
2.08315 -6.46353
2.06643 -6.79862
2.04971 -7.1412
2.033 -7.5174
2.01628 -7.86236
1.99956 -8.20778
1.98284 -8.55178
1.96613 -8.89277
1.94941 -9.2306
1.93269 -9.51786
1.91597 -9.74823
1.89926 -9.99114
1.88254 -10.2349
1.86582 -10.4787
1.8491 -10.7313
1.83239 -11.03
1.81567 -11.2809
1.79895 -11.5634
1.78224 -11.8455
1.76552 -12.0996
1.7488 -12.3698
1.73208 -12.5972
1.71537 -12.813
1.69865 -13.0444
1.68193 -13.2711
1.66521 -13.5028
1.6485 -13.7368
1.63178 -13.896
1.61506 -14.0403
1.59835 -14.1508
1.58163 -14.2754
1.56491 -14.4092
1.54819 -14.5477
1.53148 -14.6931
1.51476 -14.8179
1.49804 -14.9752
1.48133 -15.1135
1.46461 -15.2587
1.44789 -15.3849
1.43117 -15.4815
1.41446 -15.559
1.39774 -15.6373
1.38102 -15.684
1.3643 -15.7652
1.34759 -15.8091
1.33087 -15.8428
1.31415 -15.8693
1.29743 -15.8751
1.28072 -15.8753
1.264 -15.8685
1.24728 -15.8442
1.23057 -15.8029
1.21385 -15.7487
1.19713 -15.6799
1.18041 -15.6377
1.1637 -15.595
1.14698 -15.545
1.13026 -15.5093
1.11355 -15.4525
1.09683 -15.3986
1.08011 -15.3484
1.06339 -15.2816
1.04668 -15.2038
1.02996 -15.0464
1.01324 -14.8854
0.996524 -14.6752
0.979806 -14.4858
0.963089 -14.283
0.946372 -14.0637
0.929654 -13.8499
0.912937 -13.6404
0.89622 -13.4352
0.879502 -13.2233
0.862785 -12.9762
0.846068 -12.6803
0.829351 -12.3705
0.812633 -12.0334
0.795916 -11.7023
0.779199 -11.3674
0.762481 -11.0391
0.745764 -10.7403
0.729047 -10.4685
0.71233 -10.1616
0.695612 -9.8551
0.678895 -9.52766
0.662178 -9.19796
0.64546 -8.83991
0.628743 -8.42696
0.612026 -8.02108
0.595309 -7.61991
0.578591 -7.20601
0.561874 -6.8083
0.545157 -6.4356
0.528439 -6.09275
0.511722 -5.76341
0.495005 -5.45798
0.478287 -5.15593
0.46157 -4.84423
0.444853 -4.49761
0.428136 -4.11762
0.411418 -3.76479
0.394701 -3.43163
0.377984 -3.15813
0.361266 -2.9102
0.344549 -2.68316
0.327832 -2.43871
0.311115 -2.23657
0.294397 -2.06065
0.27768 -1.89188
0.260963 -1.78914
0.244245 -1.73842
0.227528 -1.71329
0.210811 -1.71872
0.194094 -1.72265
0.177376 -1.74861
0.160659 -1.74816
0.143942 -1.73594
0.127224 -1.70623
0.110507 -1.68086
0.0937898 -1.64927
0.0770725 -1.63213
0.0603552 -1.62348
0.0436379 -1.60905
0.0269207 -1.60046
0.0102034 -1.55827
-0.00651393 -1.55556
-0.0232312 -1.53832
-0.0399485 -1.54644
-0.0566658 -1.54248
-0.0733831 -1.56275
-0.0901004 -1.63736
-0.106818 -1.64836
-0.123535 -1.69089
-0.140252 -1.84264
-0.15697 -2.23842
