3.16131 -0.23386
3.1446 0.120718
3.12789 -0.0622711
3.11117 -0.0796425
3.09446 -0.0710612
3.07775 -0.0046924
3.06104 0.0513248
3.04433 0.0555985
3.02761 0.0425964
3.0109 0.0199656
2.99419 0
2.97747 -0.021068
2.96076 -0.0425385
2.94405 -0.0722505
2.92733 -0.098245
2.91062 -0.099013
2.89391 -0.116459
2.8772 -0.14971
2.86048 -0.20485
2.84377 -0.243301
2.82706 -0.27732
2.81035 -0.298599
2.79363 -0.327978
2.77692 -0.354735
2.76021 -0.396266
2.74349 -0.418834
2.72678 -0.446522
2.71007 -0.488636
2.69336 -0.539428
2.67664 -0.603071
2.65993 -0.636914
2.64322 -0.674052
2.62651 -0.688998
2.60979 -0.671078
2.59308 -0.669615
2.57637 -0.69911
2.55965 -0.714478
2.54294 -0.726413
2.52623 -0.722451
2.50952 -0.717891
2.4928 -0.717764
2.47609 -0.711772
2.45938 -0.740001
2.44267 -0.7579
2.42595 -0.698666
2.40924 -0.629941
2.39253 -0.567168
2.37581 -0.533203
2.3591 -0.53818
2.34239 -0.564054
2.32568 -0.584232
2.30896 -0.612153
2.29225 -0.666363
2.27554 -0.748152
2.25882 -0.881927
2.24211 -1.00099
2.2254 -1.13096
2.20869 -1.28787
2.19197 -1.47195
2.17526 -1.70397
2.15855 -1.98447
2.14184 -2.28528
2.12512 -2.58957
2.10841 -2.92123
2.0917 -3.27522
2.07498 -3.66374
2.05827 -4.07291
2.04156 -4.50669
2.02485 -4.90381
2.00813 -5.27184
1.99142 -5.67367
1.97471 -6.05825
1.958 -6.47091
1.94128 -6.85096
1.92457 -7.22379
1.90786 -7.5761
1.89115 -7.93634
1.87443 -8.31906
1.85772 -8.6726
1.84101 -9.04394
1.82429 -9.37259
1.80758 -9.69745
1.79087 -10.0387
1.77416 -10.3586
1.75744 -10.6763
1.74073 -10.9896
1.72402 -11.2442
1.70731 -11.488
1.69059 -11.7294
1.67388 -11.9597
1.65717 -12.1917
1.64045 -12.405
1.62374 -12.6102
1.60703 -12.8358
1.59032 -13.0486
1.5736 -13.2685
1.55689 -13.4877
1.54018 -13.6981
1.52347 -13.8662
1.50675 -14.01
1.49004 -14.1603
1.47333 -14.3067
1.45661 -14.4485
1.4399 -14.5723
1.42319 -14.6893
1.40647 -14.7974
1.38976 -14.897
1.37305 -15.0029
1.35634 -15.0835
1.33962 -15.1473
1.32291 -15.185
1.3062 -15.1983
1.28949 -15.2281
1.27277 -15.243
1.25606 -15.2562
1.23935 -15.2631
1.22263 -15.2547
1.20592 -15.2571
1.18921 -15.2529
1.1725 -15.2476
1.15578 -15.2444
1.13907 -15.2216
1.12236 -15.2075
1.10565 -15.1542
1.08893 -15.0969
1.07222 -15.0461
1.05551 -14.938
1.03879 -14.8131
1.02208 -14.6493
1.00537 -14.4727
0.988657 -14.3251
0.971944 -14.1463
0.955231 -13.9717
0.938519 -13.7839
0.921806 -13.5999
0.905093 -13.41
0.88838 -13.232
0.871668 -13.0596
0.854955 -12.8496
0.838242 -12.604
0.821529 -12.3423
0.804817 -12.058
0.788104 -11.7867
0.771391 -11.5051
0.754678 -11.217
0.737966 -10.9103
0.721253 -10.5664
0.70454 -10.2525
0.687827 -9.90256
0.671115 -9.56496
0.654402 -9.25211
0.637689 -8.90252
0.620976 -8.55947
0.604264 -8.22199
0.587551 -7.8748
0.570838 -7.52898
0.554125 -7.13781
0.537413 -6.71391
0.5207 -6.28618
0.503987 -5.86713
0.487274 -5.418
0.470562 -4.98355
0.453849 -4.56346
0.437136 -4.12265
0.420423 -3.67583
0.403711 -3.26562
0.386998 -2.85178
0.370285 -2.46777
0.353573 -2.06587
0.33686 -1.61731
0.320147 -1.15718
0.303434 -0.711144
0.286722 -0.246134
0.270009 0.151037
0.253296 0.503514
0.236583 0.766051
0.21987 0.956924
0.203158 1.13575
0.186445 1.28483
0.169732 1.42522
0.15302 1.52427
0.136307 1.61608
0.119594 1.67262
0.102881 1.69825
0.0861685 1.71113
0.0694558 1.71255
0.052743 1.71532
0.0360303 1.7308
0.0193175 1.7496
0.0026048 1.74866
-0.0141079 1.73723
-0.0308207 1.6987
-0.0475334 1.65203
-0.0642462 1.61996
-0.0809589 1.51309
-0.0976717 1.49591
-0.114384 1.42851
-0.131097 1.05452
-0.14781 1.13977
-0.164523 2.35889
