0 -26.647
0.1 -26.4026
0.2 -25.9287
0.3 -25.2208
0.4 -24.4693
0.5 -23.7448
0.6 -23.0774
0.7 -22.3797
0.8 -21.6399
0.9 -20.8892
1 -20.215
1.1 -19.6272
1.2 -19.0205
1.3 -18.2138
1.4 -17.0125
1.5 -15.4513
1.6 -13.4504
1.7 -11.1121
1.8 -9.53135
1.9 -8.64656
2 -7.87122
2.1 -7.2162
2.2 -6.67109
2.3 -6.1856
2.4 -5.70733
2.5 -5.19418
2.6 -4.63631
2.7 -4.01375
2.8 -3.32788
2.9 -2.63331
3 -1.91922
3.1 -1.21954
3.2 -0.603852
3.3 -0.237923
3.4 -0.0857115
3.5 0.00701522
3.6 0.022441
3.7 0.0147076
3.8 0.00632544
3.9 0
