0 -23.9451
0.1 -23.6834
0.2 -23.2352
0.3 -22.5095
0.4 -21.6997
0.5 -20.8786
0.6 -20.1319
0.7 -19.4292
0.8 -18.7492
0.9 -18.0518
1 -17.3608
1.1 -16.6912
1.2 -16.0175
1.3 -15.1947
1.4 -14.0394
1.5 -12.5418
1.6 -10.6476
1.7 -8.40831
1.8 -6.97712
1.9 -6.26379
2 -5.65309
2.1 -5.08196
2.2 -4.55303
2.3 -4.02184
2.4 -3.42287
2.5 -2.79246
2.6 -2.17769
2.7 -1.55615
2.8 -0.976609
2.9 -0.463325
3 -0.0689289
3.1 0.0874016
3.2 0.086659
3.3 0.0642223
3.4 0.0335185
3.5 0.047819
3.6 0.0387111
3.7 0.0231086
3.8 0.00891182
3.9 0
