0 -20.642
0.1 -20.6236
0.2 -20.5513
0.3 -20.4915
0.4 -20.5386
0.5 -20.6442
0.6 -20.702
0.7 -20.7294
0.8 -20.7218
0.9 -20.6536
1 -20.4075
1.1 -19.9909
1.2 -19.2367
1.3 -17.9704
1.4 -16.1579
1.5 -13.7503
1.6 -10.765
1.7 -8.54977
1.8 -7.76265
1.9 -7.12978
2 -6.61163
2.1 -5.92428
2.2 -5.24041
2.3 -4.48818
2.4 -3.69368
2.5 -2.83744
2.6 -1.97388
2.7 -1.2751
2.8 -0.661803
2.9 -0.332268
3 -0.215812
3.1 -0.221513
3.2 -0.286765
3.3 -0.262449
3.4 -0.294173
3.5 -0.113613
3.6 -0.0698109
3.7 -0.0333793
3.8 -0.0238647
3.9 0
