0 -23.3739
0.1 -23.3442
0.2 -23.2878
0.3 -23.2671
0.4 -23.3181
0.5 -23.3729
0.6 -23.4041
0.7 -23.4252
0.8 -23.4232
0.9 -23.3701
1 -23.1489
1.1 -22.7079
1.2 -21.9238
1.3 -20.5963
1.4 -18.6617
1.5 -16.1488
1.6 -13.0849
1.7 -11.0237
1.8 -10.0443
1.9 -9.22059
2 -8.50989
2.1 -7.73433
2.2 -7.13128
2.3 -6.55276
2.4 -5.91293
2.5 -5.13696
2.6 -4.2643
2.7 -3.37697
2.8 -2.54843
2.9 -1.86471
3 -1.0967
3.1 -0.543791
3.2 -0.348634
3.3 -0.2771
3.4 -0.306646
3.5 -0.0989062
3.6 -0.0640467
3.7 -0.0471533
3.8 -0.025683
3.9 0
