0 -25.2696
0.1 -25.0219
0.2 -24.5694
0.3 -23.8185
0.4 -23.0067
0.5 -22.2833
0.6 -21.6661
0.7 -21.0319
0.8 -20.3076
0.9 -19.5098
1 -18.7327
1.1 -18.0572
1.2 -17.405
1.3 -16.5663
1.4 -15.3929
1.5 -13.8558
1.6 -11.9165
1.7 -9.68073
1.8 -8.329
1.9 -7.71317
2 -7.18143
2.1 -6.71918
2.2 -6.31536
2.3 -5.92632
2.4 -5.50303
2.5 -5.02116
2.6 -4.53296
2.7 -3.99907
2.8 -3.42131
2.9 -2.80412
3 -2.14012
3.1 -1.49235
3.2 -0.887221
3.3 -0.381812
3.4 -0.116342
3.5 0.00132555
3.6 0.0229736
3.7 0.0175943
3.8 0.00704192
3.9 0
