0 -23.3955
0.1 -23.3719
0.2 -23.2825
0.3 -23.2079
0.4 -23.1974
0.5 -23.2607
0.6 -23.3374
0.7 -23.3859
0.8 -23.3836
0.9 -23.2986
1 -23.0846
1.1 -22.6747
1.2 -21.937
1.3 -20.6712
1.4 -18.7806
1.5 -16.2537
1.6 -13.1921
1.7 -11.1062
1.8 -10.0603
1.9 -9.14082
2 -8.28678
2.1 -7.3706
2.2 -6.51816
2.3 -5.6364
2.4 -4.73577
2.5 -3.7506
2.6 -2.83285
2.7 -1.81884
2.8 -0.8938
2.9 -0.348041
3 -0.181387
3.1 -0.187189
3.2 -0.260178
3.3 -0.244912
3.4 -0.289531
3.5 -0.0912005
3.6 -0.061347
3.7 -0.0390324
3.8 -0.017646
3.9 0
