0 -26.6364
0.1 -26.488
0.2 -25.93
0.3 -25.196
0.4 -24.4078
0.5 -23.6699
0.6 -23.0176
0.7 -22.3895
0.8 -21.6975
0.9 -20.9636
1 -20.2669
1.1 -19.6376
1.2 -18.9819
1.3 -18.1316
1.4 -16.9385
1.5 -15.3276
1.6 -13.3143
1.7 -10.8948
1.8 -8.99013
1.9 -8.09974
2 -7.28409
2.1 -6.50473
2.2 -5.76919
2.3 -5.07643
2.4 -4.37622
2.5 -3.66952
2.6 -2.99394
2.7 -2.38671
2.8 -1.76876
2.9 -1.1508
3 -0.518479
3.1 -0.0792207
3.2 0.0523093
3.3 0.0570304
3.4 0.0300097
3.5 0.0503268
3.6 0.0398587
3.7 0.0231685
3.8 0.00877204
3.9 0
