0 -23.3631
0.1 -23.3577
0.2 -23.315
0.3 -23.3339
0.4 -23.3973
0.5 -23.4506
0.6 -23.4793
0.7 -23.4662
0.8 -23.4059
0.9 -23.2934
1 -23.0403
1.1 -22.5889
1.2 -21.8008
1.3 -20.5025
1.4 -18.6064
1.5 -16.0833
1.6 -12.9404
1.7 -10.2807
1.8 -9.35065
1.9 -8.54423
2 -7.72884
2.1 -6.86684
2.2 -6.05397
2.3 -5.28074
2.4 -4.44604
2.5 -3.70201
2.6 -2.98233
2.7 -2.19192
2.8 -1.39357
2.9 -0.728137
3 -0.269451
3.1 -0.206777
3.2 -0.263869
3.3 -0.257574
3.4 -0.31963
3.5 -0.0926816
3.6 -0.0575058
3.7 -0.0305145
3.8 -0.0230703
3.9 0
