0 -26.6434
0.1 -26.4529
0.2 -25.9354
0.3 -25.179
0.4 -24.3814
0.5 -23.5942
0.6 -22.8924
0.7 -22.2033
0.8 -21.5054
0.9 -20.8057
1 -20.1569
1.1 -19.5707
1.2 -18.9509
1.3 -18.1519
1.4 -16.9664
1.5 -15.373
1.6 -13.3847
1.7 -10.9517
1.8 -8.94558
1.9 -8.11633
2 -7.42882
2.1 -6.70195
2.2 -5.90418
2.3 -5.11083
2.4 -4.40034
2.5 -3.71287
2.6 -3.02918
2.7 -2.29667
2.8 -1.55212
2.9 -0.82327
3 -0.277784
3.1 -0.018538
3.2 0.0372045
3.3 0.0420629
3.4 0.031429
3.5 0.0448379
3.6 0.0357939
3.7 0.0212576
3.8 0.00938409
3.9 0
