0 -20.6994
0.1 -20.668
0.2 -20.5876
0.3 -20.4984
0.4 -20.4604
0.5 -20.5281
0.6 -20.616
0.7 -20.6837
0.8 -20.7049
0.9 -20.663
1 -20.4644
1.1 -20.075
1.2 -19.3728
1.3 -18.1483
1.4 -16.3279
1.5 -13.9003
1.6 -10.8869
1.7 -8.62609
1.8 -7.96344
1.9 -7.37742
2 -6.84398
2.1 -6.13303
2.2 -5.42549
2.3 -4.68094
2.4 -3.86105
2.5 -3.04642
2.6 -2.26895
2.7 -1.551
2.8 -0.924709
2.9 -0.48509
3 -0.271494
3.1 -0.23874
3.2 -0.287065
3.3 -0.274185
3.4 -0.326182
3.5 -0.119217
3.6 -0.0712232
3.7 -0.0402569
3.8 -0.0185342
3.9 0
