0 -24.1329
0.1 -23.8908
0.2 -23.4386
0.3 -22.6615
0.4 -21.8066
0.5 -20.9582
0.6 -20.201
0.7 -19.5228
0.8 -18.8509
0.9 -18.171
1 -17.5227
1.1 -16.9238
1.2 -16.3068
1.3 -15.4906
1.4 -14.3422
1.5 -12.8163
1.6 -10.9012
1.7 -8.67508
1.8 -7.10213
1.9 -6.44772
2 -5.87567
2.1 -5.33272
2.2 -4.80041
2.3 -4.24941
2.4 -3.63963
2.5 -3.01049
2.6 -2.40951
2.7 -1.7947
2.8 -1.21662
2.9 -0.683366
3 -0.24439
3.1 -0.0156119
3.2 0.0338344
3.3 0.0359051
3.4 0.014285
3.5 0.03965
3.6 0.0339337
3.7 0.0195697
3.8 0.00821114
3.9 0
