0 -23.3326
0.1 -23.3249
0.2 -23.2399
0.3 -23.1772
0.4 -23.1955
0.5 -23.2506
0.6 -23.2827
0.7 -23.3155
0.8 -23.3225
0.9 -23.2674
1 -23.0629
1.1 -22.6438
1.2 -21.8618
1.3 -20.5661
1.4 -18.6439
1.5 -16.1125
1.6 -12.9771
1.7 -10.3652
1.8 -9.55466
1.9 -8.82418
2 -7.98392
2.1 -7.03224
2.2 -6.1475
2.3 -5.34327
2.4 -4.44881
2.5 -3.58873
2.6 -2.7275
2.7 -1.81177
2.8 -1.01296
2.9 -0.41475
3 -0.230881
3.1 -0.223599
3.2 -0.277278
3.3 -0.250436
3.4 -0.251529
3.5 -0.0973468
3.6 -0.0572616
3.7 -0.0280912
3.8 -0.0108544
3.9 0
