0 -20.6124
0.1 -20.5861
0.2 -20.5138
0.3 -20.4358
0.4 -20.4344
0.5 -20.51
0.6 -20.5723
0.7 -20.6091
0.8 -20.6171
0.9 -20.576
1 -20.3693
1.1 -19.9793
1.2 -19.2646
1.3 -18.0094
1.4 -16.1666
1.5 -13.7443
1.6 -10.7271
1.7 -8.78824
1.8 -8.10166
1.9 -7.41737
2 -6.73983
2.1 -5.94529
2.2 -5.22787
2.3 -4.53037
2.4 -3.77476
2.5 -2.99009
2.6 -2.2113
2.7 -1.48575
2.8 -0.827826
2.9 -0.38364
3 -0.247533
3.1 -0.240867
3.2 -0.297885
3.3 -0.272717
3.4 -0.29681
3.5 -0.106912
3.6 -0.0725067
3.7 -0.0418719
3.8 -0.0203674
3.9 0
