0 -23.9361
0.1 -23.6886
0.2 -23.2177
0.3 -22.4568
0.4 -21.631
0.5 -20.7994
0.6 -20.0409
0.7 -19.3192
0.8 -18.6043
0.9 -17.8777
1 -17.1997
1.1 -16.5846
1.2 -15.9479
1.3 -15.1566
1.4 -14.0314
1.5 -12.5195
1.6 -10.6083
1.7 -8.4127
1.8 -7.17197
1.9 -6.51348
2 -5.90393
2.1 -5.2758
2.2 -4.6543
2.3 -4.0497
2.4 -3.43707
2.5 -2.8268
2.6 -2.23559
2.7 -1.6385
2.8 -1.0656
2.9 -0.538669
3 -0.14973
3.1 0.0398873
3.2 0.0637809
3.3 0.0539067
3.4 0.0285559
3.5 0.0486196
3.6 0.0381305
3.7 0.0219362
3.8 0.00951841
3.9 0
