0 43.0177
0.1 40.9691
0.2 42.3712
0.3 43.9671
0.4 43.3615
0.5 42.1259
0.6 38.2718
0.7 36.2736
0.8 29.7039
0.9 21.7897
1 14.8812
1.1 9.18704
1.2 4.95901
1.3 2.2409
1.4 0.678968
1.5 -0.114427
1.6 -0.159173
1.7 -0.221958
1.8 -0.254541
1.9 -0.0554832
2 0.10527
2.1 0.117971
2.2 -0.022173
2.3 -0.00143125
2.4 0.0405032
2.5 0.190725
2.6 0.326714
2.7 0.306934
2.8 0.186548
2.9 -0.0374784
3 -0.047159
3.1 -0.0785225
3.2 -0.0993734
3.3 -0.120045
3.4 -0.125858
3.5 -0.0193559
3.6 -0.00553383
3.7 -0.0032012
3.8 -0.00349304
3.9 0
