0 41.6059
0.1 40.6937
0.2 37.2521
0.3 39.0717
0.4 38.6232
0.5 37.6652
0.6 37.0628
0.7 34.866
0.8 26.1228
0.9 18.4769
1 11.9769
1.1 6.79555
1.2 3.1191
1.3 0.574761
1.4 -0.641138
1.5 -0.704539
1.6 0.012073
1.7 -0.00339497
1.8 -0.394888
1.9 -0.648148
2 -0.739242
2.1 -0.677383
2.2 -0.597697
2.3 -0.518079
2.4 -0.380863
2.5 -0.256513
2.6 -0.176415
2.7 -0.12351
2.8 -0.0861737
2.9 -0.118039
3 -0.125806
3.1 -0.134232
3.2 -0.159678
3.3 -0.160658
3.4 -0.154888
3.5 -0.0577813
3.6 -0.0255878
3.7 -0.0159792
3.8 -0.0086342
3.9 0
