0 40.4129
0.1 40.3771
0.2 38.9514
0.3 39.8615
0.4 38.663
0.5 39.351
0.6 37.0008
0.7 34.9863
0.8 26.6085
0.9 18.9397
1 12.3463
1.1 7.09501
1.2 3.3972
1.3 1.0602
1.4 0.0678857
1.5 0.0367941
1.6 0.294271
1.7 -0.0254262
1.8 -0.160135
1.9 0.0612288
2 0.486672
2.1 0.766493
2.2 0.557227
2.3 0.20122
2.4 -0.0235525
2.5 -0.183723
2.6 -0.196108
2.7 -0.152418
2.8 -0.125327
2.9 -0.117526
3 -0.0926646
3.1 -0.117931
3.2 -0.136366
3.3 -0.138589
3.4 -0.13155
3.5 -0.0390807
3.6 -0.0217478
3.7 -0.0105653
3.8 -0.00594479
3.9 0
