0 42.1682
0.1 41.5402
0.2 39.0967
0.3 39.3628
0.4 38.0262
0.5 39.877
0.6 37.1456
0.7 34.6399
0.8 26.0845
0.9 18.4342
1 11.8842
1.1 6.72341
1.2 3.00232
1.3 0.493285
1.4 -0.622681
1.5 -0.650021
1.6 -0.202458
1.7 -0.0118853
1.8 -0.267204
1.9 -0.520164
2 -0.619852
2.1 -0.652826
2.2 -0.596142
2.3 -0.470688
2.4 -0.298527
2.5 -0.0936434
2.6 0.0265999
2.7 0.168395
2.8 0.107323
2.9 -0.0167649
3 -0.0805045
3.1 -0.0955651
3.2 -0.127085
3.3 -0.137264
3.4 -0.139829
3.5 -0.0374453
3.6 -0.0180298
3.7 -0.00984903
3.8 -0.00531344
3.9 0
