0 38.705
0.1 39.6185
0.2 38.5272
0.3 39.2267
0.4 37.0088
0.5 38.08
0.6 36.778
0.7 33.3438
0.8 25.1243
0.9 17.6511
1 11.3364
1.1 6.41156
1.2 2.83833
1.3 0.492676
1.4 -0.363739
1.5 0.0309865
1.6 1.14082
1.7 0.791969
1.8 0.252222
1.9 -0.212732
2 -0.44945
2.1 -0.522579
2.2 -0.432704
2.3 -0.250795
2.4 -0.0659371
2.5 0.127794
2.6 0.295274
2.7 0.359
2.8 0.313069
2.9 0.110338
3 0.0240062
3.1 -0.0394324
3.2 -0.0866989
3.3 -0.112141
3.4 -0.114526
3.5 -0.0144967
3.6 -0.00396668
3.7 -0.00384623
3.8 -0.000822795
3.9 0
