0 41.064
0.1 39.8956
0.2 43.4373
0.3 40.6515
0.4 35.806
0.5 39.0254
0.6 37.0045
0.7 35.3455
0.8 26.7708
0.9 18.9746
1 12.3272
1.1 7.16632
1.2 3.42309
1.3 0.944298
1.4 -0.0947456
1.5 0.0377259
1.6 0.733096
1.7 0.27976
1.8 0.02801
1.9 -0.0278303
2 -0.186818
2.1 -0.234132
2.2 -0.172206
2.3 -0.163869
2.4 -0.0977608
2.5 0.0851447
2.6 0.209684
2.7 0.217494
2.8 0.137688
2.9 -0.0733741
3 -0.0581571
3.1 -0.0690964
3.2 -0.0943207
3.3 -0.111613
3.4 -0.108548
3.5 -0.016227
3.6 -0.00694297
3.7 -0.00391578
3.8 -0.0030713
3.9 0
