0 43.7723
0.1 39.3984
0.2 41.3182
0.3 42.2162
0.4 37.8292
0.5 39.1849
0.6 35.5381
0.7 35.5042
0.8 27.5328
0.9 19.8323
1 12.978
1.1 7.49062
1.2 3.49583
1.3 1.0457
1.4 0.046866
1.5 -0.0846511
1.6 -0.153597
1.7 -0.0924041
1.8 0.0223153
1.9 0.0183799
2 0.0137121
2.1 -0.0362027
2.2 -0.166715
2.3 -0.167208
2.4 -0.127701
2.5 0.0109745
2.6 0.128843
2.7 0.212957
2.8 0.201826
2.9 -0.00388075
3 -0.0385061
3.1 -0.0579519
3.2 -0.0952165
3.3 -0.123122
3.4 -0.11846
3.5 -0.0195703
3.6 -0.00335597
3.7 -0.00555221
3.8 -0.001609
3.9 0
