0 38.3802
0.1 39.0488
0.2 38.4663
0.3 36.7896
0.4 37.278
0.5 39.6828
0.6 37.1919
0.7 35.6058
0.8 27.4426
0.9 19.8101
1 13.1013
1.1 7.73453
1.2 3.85245
1.3 1.29472
1.4 -0.0571319
1.5 -0.307105
1.6 0.286404
1.7 0.536396
1.8 0.043206
1.9 -0.251836
2 -0.208668
2.1 -0.174996
2.2 -0.255588
2.3 -0.253041
2.4 -0.209295
2.5 -0.0619791
2.6 0.0668757
2.7 0.142359
2.8 0.053928
2.9 -0.0885117
3 -0.118782
3.1 -0.133152
3.2 -0.141022
3.3 -0.15133
3.4 -0.141651
3.5 -0.0371679
3.6 -0.0181236
3.7 -0.0116718
3.8 -0.00666348
3.9 0
