0 39.3043
0.1 40.1963
0.2 38.2264
0.3 39.3355
0.4 38.9057
0.5 38.0887
0.6 37.0404
0.7 33.7144
0.8 25.4079
0.9 17.9014
1 11.4246
1.1 6.28939
1.2 2.5418
1.3 0.299767
1.4 -0.399637
1.5 0.0886718
1.6 1.29219
1.7 0.919024
1.8 0.298431
1.9 -0.178024
2 -0.420014
2.1 -0.407449
2.2 -0.290712
2.3 -0.167477
2.4 -0.116979
2.5 0.0126983
2.6 0.161454
2.7 0.23644
2.8 0.155765
2.9 0.0478233
3 -0.0100927
3.1 -0.0630861
3.2 -0.106657
3.3 -0.130078
3.4 -0.119367
3.5 -0.0253418
3.6 -0.00721868
3.7 -0.00624073
3.8 -0.00469366
3.9 0
