0 38.1566
0.1 37.6417
0.2 35.4526
0.3 36.5169
0.4 34.8794
0.5 37.3776
0.6 36.6122
0.7 35.3276
0.8 26.8113
0.9 19.0132
1 12.3152
1.1 6.97082
1.2 3.01581
1.3 0.37661
1.4 -0.795767
1.5 -0.806256
1.6 -0.23711
1.7 -0.592684
1.8 -0.820685
1.9 -0.741531
2 -0.422762
2.1 -0.19777
2.2 -0.230861
2.3 -0.415769
2.4 -0.567582
2.5 -0.706709
2.6 -0.653166
2.7 -0.512303
2.8 -0.497821
2.9 -0.55002
3 -0.592332
3.1 -0.554953
3.2 -0.438629
3.3 -0.337597
3.4 -0.272125
3.5 -0.136804
3.6 -0.0755147
3.7 -0.0346186
3.8 -0.0157579
3.9 0
