0 39.7859
0.1 40.514
0.2 39.0617
0.3 40.2311
0.4 37.6918
0.5 39.9636
0.6 39.1485
0.7 34.6484
0.8 25.9688
0.9 18.3679
1 11.8901
1.1 6.71245
1.2 2.9065
1.3 0.403828
1.4 -0.603815
1.5 -0.294644
1.6 0.315097
1.7 -0.2149
1.8 -0.62553
1.9 -0.830386
2 -0.839879
2.1 -0.723738
2.2 -0.660995
2.3 -0.568774
2.4 -0.386286
2.5 -0.215131
2.6 -0.0436017
2.7 0.0802591
2.8 0.0500469
2.9 -0.0374553
3 -0.0745894
3.1 -0.118158
3.2 -0.1392
3.3 -0.150962
3.4 -0.145662
3.5 -0.0509298
3.6 -0.0340041
3.7 -0.0195271
3.8 -0.00932981
3.9 0
