0 39.1586
0.1 37.5763
0.2 36.1619
0.3 37.134
0.4 37.3254
0.5 38.1902
0.6 36.7482
0.7 34.7264
0.8 26.2215
0.9 18.4936
1 11.771
1.1 6.4506
1.2 2.7981
1.3 0.403675
1.4 -0.4895
1.5 -0.111897
1.6 0.385277
1.7 0.182562
1.8 0.0696328
1.9 -0.182513
2 -0.477893
2.1 -0.513846
2.2 -0.465015
2.3 -0.476987
2.4 -0.420877
2.5 -0.325996
2.6 -0.299339
2.7 -0.275573
2.8 -0.249935
2.9 -0.269277
3 -0.229611
3.1 -0.204194
3.2 -0.195025
3.3 -0.179211
3.4 -0.164037
3.5 -0.0630016
3.6 -0.0384293
3.7 -0.0206689
3.8 -0.0100747
3.9 0
