0 42.4235
0.1 39.4088
0.2 41.8622
0.3 41.4655
0.4 38.4411
0.5 39.0928
0.6 35.5123
0.7 33.6716
0.8 26.4349
0.9 18.7782
1 12.0418
1.1 6.74492
1.2 2.97043
1.3 0.501995
1.4 -0.490584
1.5 -0.114419
1.6 0.350022
1.7 -0.176403
1.8 -0.423979
1.9 -0.451051
2 -0.45106
2.1 -0.45559
2.2 -0.431595
2.3 -0.387575
2.4 -0.314136
2.5 -0.0990016
2.6 0.0155199
2.7 0.0301046
2.8 -0.00441083
2.9 -0.116701
3 -0.110255
3.1 -0.114449
3.2 -0.120475
3.3 -0.133751
3.4 -0.123629
3.5 -0.023974
3.6 -0.00803325
3.7 -0.00631715
3.8 -0.00296397
3.9 0
