0 43.6502
0.1 42.3809
0.2 45.3729
0.3 43.2208
0.4 38.6804
0.5 39.8393
0.6 37.9256
0.7 34.5049
0.8 26.2876
0.9 18.5573
1 11.8427
1.1 6.76501
1.2 3.22934
1.3 0.981101
1.4 0.0831464
1.5 0.161751
1.6 0.77567
1.7 0.576725
1.8 0.0914201
1.9 -0.0443137
2 -0.0214998
2.1 -0.0393569
2.2 0.00748473
2.3 0.108089
2.4 0.248127
2.5 0.486787
2.6 0.62283
2.7 0.577563
2.8 0.393368
2.9 0.112225
3 0.0500652
3.1 -0.0246426
3.2 -0.0677469
3.3 -0.0950089
3.4 -0.10423
3.5 -0.00211796
3.6 0.00466354
3.7 0.000894428
3.8 -0.000547358
3.9 0
