0 40.7023
0.1 39.1436
0.2 42.6626
0.3 42.125
0.4 35.8118
0.5 37.5394
0.6 33.8969
0.7 32.5413
0.8 24.3952
0.9 16.8436
1 10.2466
1.1 5.13632
1.2 1.44973
1.3 -0.873216
1.4 -1.62493
1.5 -0.988702
1.6 0.360424
1.7 -0.292651
1.8 -1.00177
1.9 -1.39214
2 -1.65443
2.1 -1.72639
2.2 -1.51246
2.3 -1.16174
2.4 -0.768291
2.5 -0.326078
2.6 -0.0150569
2.7 0.123418
2.8 0.110002
2.9 0.00922463
3 -0.00963697
3.1 -0.0599609
3.2 -0.0882778
3.3 -0.112211
3.4 -0.10756
3.5 -0.014083
3.6 -0.00584041
3.7 -0.00557057
3.8 -0.0020658
3.9 0
