0 43.2688
0.1 40.8466
0.2 40.8127
0.3 40.5372
0.4 41.1232
0.5 39.903
0.6 35.8575
0.7 33.5092
0.8 25.3808
0.9 17.9675
1 11.6371
1.1 6.68314
1.2 3.19489
1.3 0.934297
1.4 -0.0109749
1.5 0.146414
1.6 0.780344
1.7 0.809344
1.8 0.518594
1.9 0.149254
2 -0.226126
2.1 -0.536355
2.2 -0.628884
2.3 -0.485662
2.4 -0.31095
2.5 -0.088094
2.6 0.0753578
2.7 0.232483
2.8 0.195745
2.9 0.0300447
3 -0.029552
3.1 -0.0569539
3.2 -0.107018
3.3 -0.11252
3.4 -0.121498
3.5 -0.0229711
3.6 -0.00513374
3.7 -0.00534231
3.8 -0.00342169
3.9 0
