0 41.5268
0.1 39.6818
0.2 39.5745
0.3 39.8799
0.4 38.8916
0.5 40.6044
0.6 38.2194
0.7 33.1212
0.8 24.6088
0.9 17.184
1 10.916
1.1 5.98999
1.2 2.5131
1.3 0.24558
1.4 -0.54354
1.5 -0.01475
1.6 1.03694
1.7 0.364829
1.8 -0.216329
1.9 -0.445101
2 -0.580048
2.1 -0.519026
2.2 -0.231517
2.3 0.16788
2.4 0.511007
2.5 0.739754
2.6 0.805311
2.7 0.71014
2.8 0.475907
2.9 0.127383
3 0.02591
3.1 -0.0266878
3.2 -0.0851053
3.3 -0.0975807
3.4 -0.107908
3.5 -0.00444767
3.6 0.00433956
3.7 0.00340201
3.8 0.00220039
3.9 0
