0 37.2756
0.1 37.5033
0.2 39.1591
0.3 39.3107
0.4 36.2293
0.5 39.8035
0.6 37.3836
0.7 33.4037
0.8 25.2174
0.9 17.7576
1 11.3569
1.1 6.41901
1.2 2.95027
1.3 0.607922
1.4 -0.309497
1.5 0.172089
1.6 0.932705
1.7 0.22068
1.8 -0.145294
1.9 -0.233286
2 -0.443678
2.1 -0.447722
2.2 -0.260292
2.3 -0.0497122
2.4 0.0824635
2.5 0.175666
2.6 0.183113
2.7 0.199956
2.8 0.129769
2.9 0.0121484
3 -0.0254322
3.1 -0.0648089
3.2 -0.0914292
3.3 -0.129074
3.4 -0.112722
3.5 -0.00742261
3.6 0.00155002
3.7 0.00062645
3.8 -0.000475429
3.9 0
