0 40.2655
0.1 38.6301
0.2 42.0707
0.3 40.9217
0.4 35.5092
0.5 39.1592
0.6 37.282
0.7 32.9942
0.8 24.6274
0.9 17.2969
1 11.0053
1.1 6.24626
1.2 2.89029
1.3 0.774672
1.4 0.116313
1.5 0.835131
1.6 2.30851
1.7 1.8684
1.8 1.09699
1.9 0.506348
2 0.0152951
2.1 -0.282083
2.2 -0.358984
2.3 -0.391477
2.4 -0.289677
2.5 -0.0083932
2.6 0.193321
2.7 0.243289
2.8 0.183849
2.9 0.0450502
3 0.00804392
3.1 -0.038628
3.2 -0.072932
3.3 -0.0999715
3.4 -0.0948969
3.5 -0.000587527
3.6 0.00565118
3.7 0.0021891
3.8 0.00115138
3.9 0
