0 38.0032
0.1 37.7715
0.2 37.8117
0.3 38.3152
0.4 37.226
0.5 36.4784
0.6 32.8935
0.7 32.8314
0.8 24.4636
0.9 17.0934
1 10.8138
1.1 5.82281
1.2 2.31738
1.3 0.0836157
1.4 -0.708359
1.5 -0.148139
1.6 1.08912
1.7 0.525895
1.8 -0.0179814
1.9 -0.499143
2 -0.837927
2.1 -0.842671
2.2 -0.733756
2.3 -0.606319
2.4 -0.438061
2.5 -0.212994
2.6 0.0361005
2.7 0.213974
2.8 0.185322
2.9 0.0604521
3 -0.00830838
3.1 -0.0552128
3.2 -0.0893383
3.3 -0.119731
3.4 -0.111916
3.5 -0.00581816
3.6 0.00366986
3.7 0.000588837
3.8 0.00063917
3.9 0
