0 40.2174
0.1 39.2191
0.2 42.644
0.3 40.7692
0.4 37.9524
0.5 39.5104
0.6 35.6259
0.7 34.457
0.8 26.0691
0.9 18.377
1 11.7637
1.1 6.58806
1.2 2.78277
1.3 0.321148
1.4 -0.710371
1.5 -0.580466
1.6 0.525849
1.7 0.149227
1.8 -0.461158
1.9 -0.733628
2 -0.7802
2.1 -0.7882
2.2 -0.642113
2.3 -0.466519
2.4 -0.292179
2.5 -0.0476244
2.6 0.114102
2.7 0.15703
2.8 0.0867102
2.9 -0.0318554
3 -0.03891
3.1 -0.0725039
3.2 -0.0888475
3.3 -0.110717
3.4 -0.115275
3.5 -0.00976252
3.6 0.00117121
3.7 -0.000172239
3.8 3.78381e-06
3.9 0
