0 42.5698
0.1 42.3779
0.2 41.3599
0.3 40.1365
0.4 40.3959
0.5 37.4432
0.6 36.7733
0.7 34.9993
0.8 26.3982
0.9 18.6758
1 12.0431
1.1 6.78076
1.2 3.04857
1.3 0.551216
1.4 -0.476727
1.5 -0.294255
1.6 0.0634074
1.7 -0.178208
1.8 -0.307144
1.9 -0.397331
2 -0.403542
2.1 -0.165602
2.2 0.207782
2.3 0.502346
2.4 0.688969
2.5 0.786999
2.6 0.757026
2.7 0.616771
2.8 0.369053
2.9 0.105859
3 0.0123679
3.1 -0.0637514
3.2 -0.129897
3.3 -0.151751
3.4 -0.146343
3.5 -0.0510204
3.6 -0.0240753
3.7 -0.0209268
3.8 -0.00933564
3.9 0
