0 36.8447
0.1 37.0254
0.2 37.6907
0.3 36.6632
0.4 34.896
0.5 36.0667
0.6 36.2908
0.7 34.0351
0.8 25.9841
0.9 18.4395
1 11.8758
1.1 6.61763
1.2 2.8824
1.3 0.46341
1.4 -0.541665
1.5 -0.508013
1.6 -0.320924
1.7 -0.217879
1.8 -0.262193
1.9 -0.542985
2 -0.746958
2.1 -0.718921
2.2 -0.588304
2.3 -0.428112
2.4 -0.411508
2.5 -0.351108
2.6 -0.251516
2.7 -0.121445
2.8 -0.00462563
2.9 -0.0182134
3 -0.0582255
3.1 -0.0975113
3.2 -0.123748
3.3 -0.133858
3.4 -0.123053
3.5 -0.0204387
3.6 -0.00817223
3.7 -0.00628727
3.8 -0.00346352
3.9 0
