0 42.1974
0.1 40.1152
0.2 41.9246
0.3 41.3562
0.4 38.982
0.5 38.7411
0.6 35.3509
0.7 34.1112
0.8 26.6236
0.9 18.9487
1 12.2493
1.1 6.9743
1.2 3.16422
1.3 0.675926
1.4 -0.267161
1.5 -0.0431259
1.6 0.503735
1.7 0.224726
1.8 0.030652
1.9 -0.0887981
2 -0.237621
2.1 -0.235357
2.2 -0.14012
2.3 -0.0475212
2.4 0.0789667
2.5 0.235054
2.6 0.293842
2.7 0.27113
2.8 0.161411
2.9 -0.0397431
3 -0.047835
3.1 -0.0929462
3.2 -0.111855
3.3 -0.137542
3.4 -0.12726
3.5 -0.0156542
3.6 -0.00436529
3.7 -0.00338083
3.8 -0.00236866
3.9 0
