0 39.2404
0.1 38.3964
0.2 39.8161
0.3 40.0131
0.4 38.0148
0.5 37.0963
0.6 36.1268
0.7 32.7446
0.8 24.2797
0.9 16.9774
1 10.8637
1.1 6.08352
1.2 2.69792
1.3 0.563855
1.4 -0.131854
1.5 0.487068
1.6 1.87193
1.7 1.54688
1.8 0.811197
1.9 0.128783
2 -0.28937
2.1 -0.331736
2.2 -0.157009
2.3 0.128972
2.4 0.424098
2.5 0.590955
2.6 0.641964
2.7 0.588828
2.8 0.409873
2.9 0.144627
3 0.0524127
3.1 -0.0128683
3.2 -0.0870488
3.3 -0.111726
3.4 -0.0945945
3.5 -0.00986133
3.6 0.00230552
3.7 -0.00163434
3.8 -0.00211956
3.9 0
