0 39.5716
0.1 39.7068
0.2 38.9528
0.3 37.9017
0.4 37.1633
0.5 36.7643
0.6 36.5867
0.7 33.0563
0.8 24.5474
0.9 17.1361
1 10.8381
1.1 5.87259
1.2 2.4284
1.3 0.24723
1.4 -0.55657
1.5 -0.039657
1.6 1.1274
1.7 1.02226
1.8 0.451543
1.9 -0.06955
2 -0.442979
2.1 -0.443057
2.2 -0.272704
2.3 -0.0602729
2.4 0.180242
2.5 0.381611
2.6 0.488257
2.7 0.480574
2.8 0.333829
2.9 0.0638448
3 0.0211338
3.1 -0.0318959
3.2 -0.0966857
3.3 -0.115038
3.4 -0.102539
3.5 -0.0163322
3.6 -0.00127094
3.7 -0.00203075
3.8 -0.00289406
3.9 0
