0 34.9056
0.1 35.9892
0.2 36.797
0.3 36.8078
0.4 35.0443
0.5 37.147
0.6 34.7792
0.7 32.439
0.8 24.0265
0.9 16.6673
1 10.4897
1.1 5.73004
1.2 2.42675
1.3 0.271208
1.4 -0.394221
1.5 0.353649
1.6 1.97884
1.7 1.64764
1.8 0.898467
1.9 0.186892
2 -0.29319
2.1 -0.402858
2.2 -0.298494
2.3 -0.142807
2.4 -0.0389224
2.5 0.0633741
2.6 0.153107
2.7 0.17129
2.8 0.127121
2.9 0.0153022
3 -0.0507717
3.1 -0.0892273
3.2 -0.12101
3.3 -0.148965
3.4 -0.122232
3.5 -0.0224968
3.6 -0.011869
3.7 -0.00746138
3.8 -0.00286668
3.9 0
