0 39.0028
0.1 38.4162
0.2 38.3605
0.3 38.7873
0.4 38.3307
0.5 37.1097
0.6 36.0947
0.7 34.2765
0.8 25.9946
0.9 18.4183
1 11.883
1.1 6.64447
1.2 2.93229
1.3 0.557185
1.4 -0.454906
1.5 -0.500871
1.6 -0.403523
1.7 -0.325274
1.8 -0.359222
1.9 -0.48027
2 -0.469384
2.1 -0.32518
2.2 -0.13799
2.3 0.123948
2.4 0.237138
2.5 0.262189
2.6 0.307949
2.7 0.327233
2.8 0.210211
2.9 0.0370492
3 -0.0310815
3.1 -0.0794878
3.2 -0.13215
3.3 -0.135823
3.4 -0.121648
3.5 -0.0251017
3.6 -0.00939349
3.7 -0.00817601
3.8 -0.00169512
3.9 0
