0 40.0025
0.1 39.008
0.2 41.013
0.3 41.2092
0.4 38.6111
0.5 40.3681
0.6 37.6821
0.7 35.7616
0.8 27.3003
0.9 19.418
1 12.6164
1.1 7.20968
1.2 3.41863
1.3 0.924878
1.4 -0.128593
1.5 -0.209292
1.6 -0.170246
1.7 -0.202088
1.8 -0.243247
1.9 -0.341515
2 -0.358067
2.1 -0.364927
2.2 -0.329269
2.3 -0.224907
2.4 -0.1682
2.5 -0.16258
2.6 -0.141553
2.7 -0.193539
2.8 -0.292341
2.9 -0.381044
3 -0.249508
3.1 -0.177353
3.2 -0.173085
3.3 -0.177667
3.4 -0.139278
3.5 -0.0309686
3.6 -0.00793869
3.7 -0.00632971
3.8 -0.00145973
3.9 0
