0 40.0098
0.1 39.1138
0.2 35.7624
0.3 37.6172
0.4 39.4793
0.5 39.0525
0.6 38.4171
0.7 35.0377
0.8 28.0702
0.9 20.3518
1 13.319
1.1 7.60671
1.2 3.56719
1.3 1.08263
1.4 0.139771
1.5 0.0338192
1.6 -0.134615
1.7 0.0731954
1.8 0.33524
1.9 0.209574
2 -0.0823037
2.1 -0.166363
2.2 -0.177797
2.3 -0.13446
2.4 -0.0626469
2.5 0.0212501
2.6 0.0100662
2.7 0.0104561
2.8 -0.0689322
2.9 -0.184354
3 -0.176814
3.1 -0.182738
3.2 -0.204602
3.3 -0.213354
3.4 -0.185788
3.5 -0.0830671
3.6 -0.0537894
3.7 -0.0282959
3.8 -0.0127152
3.9 0
