0 37.953
0.1 38.1579
0.2 34.4313
0.3 35.9195
0.4 35.6769
0.5 38.135
0.6 35.7087
0.7 34.5482
0.8 25.8026
0.9 17.9687
1 11.2704
1.1 6.25442
1.2 2.66875
1.3 0.320706
1.4 -0.63316
1.5 -0.49454
1.6 0.286383
1.7 0.773927
1.8 0.552833
1.9 -0.0395633
2 -0.497606
2.1 -0.637846
2.2 -0.637374
2.3 -0.676383
2.4 -0.683936
2.5 -0.637012
2.6 -0.561562
2.7 -0.471348
2.8 -0.40336
2.9 -0.36737
3 -0.30822
3.1 -0.268548
3.2 -0.246413
3.3 -0.222867
3.4 -0.19676
3.5 -0.0927897
3.6 -0.0601143
3.7 -0.0337071
3.8 -0.0136023
3.9 0
