0 34.2285
0.1 33.7521
0.2 33.3309
0.3 33.8776
0.4 34.7686
0.5 34.9759
0.6 34.0696
0.7 32.5167
0.8 23.9666
0.9 16.3549
1 9.87556
1.1 4.60493
1.2 0.879144
1.3 -1.4909
1.4 -2.41953
1.5 -1.93786
1.6 -0.710696
1.7 -1.09397
1.8 -1.90149
1.9 -2.4179
2 -2.42245
2.1 -2.0322
2.2 -1.56045
2.3 -1.28886
2.4 -1.24003
2.5 -1.20499
2.6 -1.21169
2.7 -1.0817
2.8 -0.966998
2.9 -0.928515
3 -0.797455
3.1 -0.627964
3.2 -0.463329
3.3 -0.367683
3.4 -0.291042
3.5 -0.142429
3.6 -0.0752486
3.7 -0.0393805
3.8 -0.017902
3.9 0
