0 36.8993
0.1 37.0468
0.2 35.5135
0.3 37.1972
0.4 36.0586
0.5 37.8108
0.6 37.357
0.7 33.8762
0.8 25.4422
0.9 17.821
1 11.4181
1.1 6.43243
1.2 2.76338
1.3 0.392605
1.4 -0.451186
1.5 0.0437783
1.6 1.05723
1.7 0.321203
1.8 -0.291138
1.9 -0.507322
2 -0.515623
2.1 -0.43914
2.2 -0.450522
2.3 -0.468277
2.4 -0.353135
2.5 -0.222453
2.6 -0.0743136
2.7 -0.00537746
2.8 -0.0743438
2.9 -0.21437
3 -0.284909
3.1 -0.305624
3.2 -0.286171
3.3 -0.243545
3.4 -0.194483
3.5 -0.0786534
3.6 -0.0462048
3.7 -0.0259089
3.8 -0.0103732
3.9 0
