0 36.1608
0.1 36.1231
0.2 35.1333
0.3 35.8218
0.4 35.6981
0.5 37.9679
0.6 34.4874
0.7 34.6651
0.8 26.0472
0.9 18.4162
1 11.933
1.1 6.82686
1.2 3.05121
1.3 0.520228
1.4 -0.578282
1.5 -0.60632
1.6 0.139516
1.7 -0.0613126
1.8 -0.306709
1.9 -0.448713
2 -0.568582
2.1 -0.562783
2.2 -0.456762
2.3 -0.343073
2.4 -0.299297
2.5 -0.294051
2.6 -0.275098
2.7 -0.327149
2.8 -0.347579
2.9 -0.41188
3 -0.43381
3.1 -0.442665
3.2 -0.403583
3.3 -0.334338
3.4 -0.28764
3.5 -0.160351
3.6 -0.0968132
3.7 -0.0520916
3.8 -0.0213269
3.9 0
