0 39.5721
0.1 37.4945
0.2 37.5957
0.3 39.0952
0.4 38.9881
0.5 37.8391
0.6 34.7096
0.7 34.0335
0.8 26.5909
0.9 18.8446
1 12.1579
1.1 6.86651
1.2 2.96736
1.3 0.283862
1.4 -0.880536
1.5 -0.761698
1.6 -0.338706
1.7 -0.65993
1.8 -0.826254
1.9 -0.84728
2 -0.826477
2.1 -0.792466
2.2 -0.757786
2.3 -0.663965
2.4 -0.56779
2.5 -0.469607
2.6 -0.395302
2.7 -0.391197
2.8 -0.326515
2.9 -0.372163
3 -0.358238
3.1 -0.333256
3.2 -0.307628
3.3 -0.239991
3.4 -0.208069
3.5 -0.110416
3.6 -0.0726818
3.7 -0.0370438
3.8 -0.0155696
3.9 0
