0 44.4698
0.1 43.0752
0.2 42.5085
0.3 42.9625
0.4 43.2659
0.5 39.9479
0.6 38.737
0.7 37.193
0.8 28.9757
0.9 21.0599
1 14.1858
1.1 8.82575
1.2 4.90044
1.3 2.17756
1.4 0.736481
1.5 0.168799
1.6 -0.0488284
1.7 -0.099863
1.8 -0.0153898
1.9 -0.0979926
2 -0.0458091
2.1 0.270797
2.2 0.462354
2.3 0.437827
2.4 0.34511
2.5 0.373528
2.6 0.334678
2.7 0.218259
2.8 0.0840958
2.9 -0.121564
3 -0.125686
3.1 -0.134354
3.2 -0.145497
3.3 -0.150481
3.4 -0.149844
3.5 -0.0524768
3.6 -0.0299281
3.7 -0.0200315
3.8 -0.00874776
3.9 0
