0 43.9235
0.1 42.3129
0.2 42.9285
0.3 42.7764
0.4 41.938
0.5 42.5569
0.6 38.4806
0.7 36.646
0.8 29.2095
0.9 21.3503
1 14.6339
1.1 9.24197
1.2 5.19395
1.3 2.40273
1.4 0.795705
1.5 0.0108471
1.6 0.0284593
1.7 0.400707
1.8 0.310735
1.9 0.0338709
2 -0.0770211
2.1 -0.110421
2.2 0.0949744
2.3 0.33147
2.4 0.65828
2.5 0.934623
2.6 0.856997
2.7 0.57604
2.8 0.312043
2.9 0.00439822
3 -0.0370695
3.1 -0.0906915
3.2 -0.119328
3.3 -0.139784
3.4 -0.143937
3.5 -0.0595876
3.6 -0.0413068
3.7 -0.0277163
3.8 -0.0118192
3.9 0
