0 40.4298
0.1 39.574
0.2 39.78
0.3 39.2681
0.4 37.591
0.5 40.9615
0.6 36.9466
0.7 34.3349
0.8 25.628
0.9 17.9621
1 11.4021
1.1 6.31018
1.2 2.67451
1.3 0.287562
1.4 -0.66086
1.5 -0.468567
1.6 0.00205292
1.7 0.0734098
1.8 -0.0440156
1.9 -0.29445
2 -0.631294
2.1 -0.66523
2.2 -0.599222
2.3 -0.502138
2.4 -0.338386
2.5 -0.185766
2.6 -0.0736266
2.7 -0.0122465
2.8 -0.0348948
2.9 -0.110698
3 -0.100644
3.1 -0.12545
3.2 -0.150689
3.3 -0.155302
3.4 -0.133617
3.5 -0.0444671
3.6 -0.0279569
3.7 -0.0160442
3.8 -0.00802857
3.9 0
