0 39.1906
0.1 39.0939
0.2 37.7735
0.3 39.6622
0.4 40.2192
0.5 39.111
0.6 37.5173
0.7 33.1271
0.8 26.9466
0.9 19.1946
1 12.479
1.1 7.21517
1.2 3.50302
1.3 1.16613
1.4 0.112722
1.5 -0.135838
1.6 0.0561611
1.7 0.698564
1.8 1.05013
1.9 0.667535
2 0.269029
2.1 0.100318
2.2 0.0128064
2.3 0.0278823
2.4 0.0570073
2.5 0.0909002
2.6 0.152881
2.7 0.161306
2.8 0.0869664
2.9 -0.0578452
3 -0.0995633
3.1 -0.128195
3.2 -0.149257
3.3 -0.149093
3.4 -0.137221
3.5 -0.0483273
3.6 -0.0218935
3.7 -0.0146119
3.8 -0.00810168
3.9 0
