0 35.2696
0.1 34.8205
0.2 34.7518
0.3 35.2046
0.4 35.166
0.5 37.0541
0.6 34.6516
0.7 32.9003
0.8 24.3322
0.9 16.9093
1 10.5715
1.1 5.64562
1.2 2.18405
1.3 -0.114273
1.4 -0.889211
1.5 -0.231019
1.6 1.14929
1.7 0.602298
1.8 0.0193114
1.9 -0.527725
2 -0.88253
2.1 -0.856514
2.2 -0.652155
2.3 -0.557996
2.4 -0.5523
2.5 -0.554539
2.6 -0.522602
2.7 -0.477498
2.8 -0.352329
2.9 -0.330992
3 -0.262667
3.1 -0.230731
3.2 -0.209321
3.3 -0.203075
3.4 -0.173796
3.5 -0.0743379
3.6 -0.0473264
3.7 -0.0266831
3.8 -0.0112762
3.9 0
