0 -25.2815
0.1 -25.0771
0.2 -24.5635
0.3 -23.8089
0.4 -22.9832
0.5 -22.1749
0.6 -21.4378
0.7 -20.7507
0.8 -20.0619
0.9 -19.358
1 -18.6928
1.1 -18.0899
1.2 -17.4676
1.3 -16.6464
1.4 -15.4966
1.5 -13.9242
1.6 -11.9985
1.7 -9.86694
1.8 -8.80477
1.9 -8.04158
2 -7.27739
2.1 -6.51157
2.2 -5.76595
2.3 -5.03135
2.4 -4.27039
2.5 -3.46415
2.6 -2.61402
2.7 -1.82285
2.8 -1.14905
2.9 -0.605819
3 -0.182836
3.1 0.0123926
3.2 0.051586
3.3 0.0469883
3.4 0.0214533
3.5 0.0440792
3.6 0.0365826
3.7 0.0204159
3.8 0.00924698
3.9 0
