0 -21.9744
0.1 -21.9534
0.2 -21.8687
0.3 -21.8161
0.4 -21.8318
0.5 -21.8915
0.6 -21.9449
0.7 -21.9716
0.8 -21.9624
0.9 -21.8973
1 -21.6894
1.1 -21.2767
1.2 -20.5287
1.3 -19.2596
1.4 -17.3954
1.5 -14.9141
1.6 -11.8564
1.7 -10.0705
1.8 -9.29729
1.9 -8.54329
2 -7.79686
2.1 -6.89936
2.2 -6.06736
2.3 -5.18182
2.4 -4.20015
2.5 -3.23608
2.6 -2.3351
2.7 -1.47693
2.8 -0.771816
2.9 -0.397356
3 -0.232456
3.1 -0.23597
3.2 -0.270685
3.3 -0.256182
3.4 -0.319806
3.5 -0.100229
3.6 -0.0554193
3.7 -0.0407214
3.8 -0.017366
3.9 0
