0 -28.2548
0.1 -28.247
0.2 -28.2099
0.3 -28.238
0.4 -28.2752
0.5 -28.2693
0.6 -28.2051
0.7 -28.1493
0.8 -28.1931
0.9 -28.2863
1 -28.286
1.1 -28.0515
1.2 -27.4655
1.3 -26.3
1.4 -24.3928
1.5 -21.7812
1.6 -18.4932
1.7 -15.2175
1.8 -14.0014
1.9 -12.9701
2 -11.8032
2.1 -10.4747
2.2 -9.19423
2.3 -7.97037
2.4 -6.88387
2.5 -5.85342
2.6 -4.86671
2.7 -3.84342
2.8 -2.87492
2.9 -2.14262
3 -1.32322
3.1 -0.617582
3.2 -0.239825
3.3 -0.14038
3.4 -0.199403
3.5 -0.0486441
3.6 -0.0127276
3.7 -0.00728892
3.8 -0.0101173
3.9 0
