0 -30.7976
0.1 -30.5851
0.2 -30.1358
0.3 -29.4619
0.4 -28.7988
0.5 -28.2207
0.6 -27.6717
0.7 -27.0789
0.8 -26.4542
0.9 -25.8676
1 -25.4068
1.1 -25.0065
1.2 -24.5561
1.3 -23.83
1.4 -22.679
1.5 -21.0915
1.6 -19.0068
1.7 -16.4848
1.8 -13.9601
1.9 -12.7547
2 -11.8138
2.1 -10.7778
2.2 -9.68421
2.3 -8.61354
2.4 -7.54198
2.5 -6.55861
2.6 -5.70541
2.7 -4.83918
2.8 -3.92666
2.9 -3.02804
3 -2.2237
3.1 -1.53522
3.2 -0.918562
3.3 -0.366044
3.4 -0.080319
3.5 0.0208853
3.6 0.0333943
3.7 0.0237637
3.8 0.0108157
3.9 0
