0 -29.4624
0.1 -29.2465
0.2 -28.7795
0.3 -28.0589
0.4 -27.313
0.5 -26.5993
0.6 -25.9557
0.7 -25.3581
0.8 -24.801
0.9 -24.2898
1 -23.8688
1.1 -23.4696
1.2 -23.0014
1.3 -22.2855
1.4 -21.1431
1.5 -19.612
1.6 -17.5638
1.7 -15.006
1.8 -12.1428
1.9 -10.5272
2 -9.70622
2.1 -8.9437
2.2 -8.27442
2.3 -7.57532
2.4 -6.82622
2.5 -6.02639
2.6 -5.25692
2.7 -4.38634
2.8 -3.44281
2.9 -2.46212
3 -1.52301
3.1 -0.802819
3.2 -0.380841
3.3 -0.145259
3.4 -0.0380347
3.5 0.02896
3.6 0.0318957
3.7 0.0208724
3.8 0.0116391
3.9 0
