0 -26.7717
0.1 -26.7597
0.2 -26.6431
0.3 -26.5817
0.4 -26.6085
0.5 -26.6426
0.6 -26.6639
0.7 -26.7049
0.8 -26.8063
0.9 -26.9449
1 -26.9555
1.1 -26.6967
1.2 -26.0702
1.3 -24.9059
1.4 -23.0753
1.5 -20.5507
1.6 -17.3021
1.7 -13.7074
1.8 -12.1144
1.9 -11.2391
2 -10.3934
2.1 -9.45534
2.2 -8.61725
2.3 -7.69212
2.4 -6.69936
2.5 -5.707
2.6 -4.83813
2.7 -3.74075
2.8 -2.5642
2.9 -1.43195
3 -0.67649
3.1 -0.322684
3.2 -0.222708
3.3 -0.162864
3.4 -0.177791
3.5 -0.0269375
3.6 -0.0111746
3.7 -0.00615797
3.8 0.00891263
3.9 0
